Humedad_Suelo_ASC/terraclimate_soil_1965.txt
ncols         92
nrows         62
xllcorner     -72.083333333358
yllcorner     17.458333333309
cellsize      0.041666666666657
NODATA_value  -9999
[rows 0 to 40 of 62, columns 0 to 91 of 92]
-9999 -9999 -9999 -9999 -9999 -9999 -9999 -9999 -9999 -9999 -9999 -9999 -9999 -9999 -9999 -9999 -9999 -9999 -9999 -9999 -9999 -9999 -9999 -9999 -9999 -9999 -9999 -9999 -9999 -9999 -9999 -9999 -9999 -9999 -9999 -9999 -9999 -9999 -9999 -9999 -9999 -9999 -9999 -9999 -9999 -9999 -9999 -9999 -9999 -9999 -9999 -9999 -9999 -9999 -9999 -9999 -9999 -9999 -9999 -9999 -9999 -9999 -9999 -9999 -9999 -9999 -9999 -9999 -9999 -9999 -9999 -9999 -9999 -9999 -9999 -9999 -9999 -9999 -9999 -9999 -9999 -9999 -9999 -9999 -9999 -9999 -9999 -9999 -9999 -9999 -9999 -9999
-9999 -9999 -9999 -9999 -9999 -9999 -9999 -9999 -9999 -9999 -9999 -9999 -9999 -9999 -9999 -9999 -9999 -9999 -9999 -9999 -9999 -9999 -9999 -9999 -9999 -9999 -9999 -9999 -9999 -9999 -9999 -9999 -9999 -9999 -9999 -9999 -9999 -9999 -9999 -9999 -9999 -9999 -9999 -9999 -9999 -9999 -9999 -9999 -9999 -9999 -9999 -9999 -9999 -9999 -9999 -9999 -9999 -9999 -9999 -9999 -9999 -9999 -9999 -9999 -9999 -9999 -9999 -9999 -9999 -9999 -9999 -9999 -9999 -9999 -9999 -9999 -9999 -9999 -9999 -9999 -9999 -9999 -9999 -9999 -9999 -9999 -9999 -9999 -9999 -9999 -9999 -9999
-9999 -9999 -9999 -9999 -9999 -9999 -9999 -9999 -9999 -9999 -9999 -9999 -9999 -9999 -9999 -9999 -9999 -9999 -9999 -9999 -9999 -9999 -9999 -9999 44 55 63 -9999 -9999 -9999 -9999 -9999 -9999 -9999 -9999 -9999 -9999 -9999 -9999 -9999 -9999 -9999 -9999 -9999 -9999 -9999 -9999 -9999 -9999 -9999 -9999 -9999 -9999 -9999 -9999 -9999 -9999 -9999 -9999 -9999 -9999 -9999 -9999 -9999 -9999 -9999 -9999 -9999 -9999 -9999 -9999 -9999 -9999 -9999 -9999 -9999 -9999 -9999 -9999 -9999 -9999 -9999 -9999 -9999 -9999 -9999 -9999 -9999 -9999 -9999 -9999 -9999
-9999 -9999 -9999 -9999 -9999 -9999 28 -9999 -9999 -9999 12 12 13 13 13 13 -9999 -9999 -9999 -9999 -9999 -9999 -9999 -9999 44 61 77 90 104 113 119 -9999 -9999 -9999 -9999 -9999 -9999 -9999 -9999 -9999 -9999 -9999 -9999 -9999 -9999 -9999 -9999 -9999 -9999 -9999 -9999 -9999 -9999 -9999 -9999 -9999 -9999 -9999 -9999 -9999 -9999 -9999 -9999 -9999 -9999 -9999 -9999 -9999 -9999 -9999 -9999 -9999 -9999 -9999 -9999 -9999 -9999 -9999 -9999 -9999 -9999 -9999 -9999 -9999 -9999 -9999 -9999 -9999 -9999 -9999 -9999 -9999
-9999 -9999 -9999 -9999 -9999 -9999 -9999 -9999 -9999 12 12 13 13 13 14 14 14 14 14 14 15 17 18 28 38 54 75 92 112 129 133 131 139 -9999 -9999 -9999 -9999 -9999 -9999 -9999 -9999 -9999 -9999 -9999 -9999 -9999 -9999 -9999 -9999 -9999 -9999 -9999 -9999 -9999 -9999 -9999 -9999 -9999 -9999 -9999 -9999 -9999 -9999 -9999 -9999 -9999 -9999 -9999 -9999 -9999 -9999 -9999 -9999 -9999 -9999 -9999 -9999 -9999 -9999 -9999 -9999 -9999 -9999 -9999 -9999 -9999 -9999 -9999 -9999 -9999 -9999 -9999
-9999 -9999 -9999 -9999 -9999 -9999 -9999 11 12 12 12 13 13 13 14 15 15 17 17 16 17 19 20 21 30 42 61 84 116 143 150 152 154 159 -9999 -9999 -9999 -9999 -9999 -9999 -9999 -9999 -9999 -9999 -9999 -9999 -9999 -9999 -9999 -9999 -9999 -9999 -9999 -9999 -9999 -9999 -9999 -9999 -9999 -9999 -9999 -9999 -9999 -9999 -9999 -9999 -9999 -9999 -9999 -9999 -9999 -9999 -9999 -9999 -9999 -9999 -9999 -9999 -9999 -9999 -9999 -9999 -9999 -9999 -9999 -9999 -9999 -9999 -9999 -9999 -9999 -9999
-9999 -9999 -9999 -9999 -9999 -9999 -9999 11 11 12 12 12 13 13 14 14 15 17 18 19 21 41 51 32 34 41 54 76 101 132 151 163 168 173 172 171 177 173 170 169 -9999 -9999 -9999 -9999 -9999 -9999 -9999 -9999 -9999 -9999 -9999 -9999 -9999 -9999 -9999 -9999 -9999 -9999 -9999 -9999 -9999 -9999 -9999 -9999 -9999 -9999 -9999 -9999 -9999 -9999 -9999 -9999 -9999 -9999 -9999 -9999 -9999 -9999 -9999 -9999 -9999 -9999 -9999 -9999 -9999 -9999 -9999 -9999 -9999 -9999 -9999 -9999
-9999 19 12 11 11 11 11 -9999 11 11 11 12 12 12 12 13 13 15 15 16 17 19 26 56 79 54 59 67 86 111 127 131 149 168 175 176 176 172 169 168 166 -9999 -9999 -9999 -9999 -9999 -9999 -9999 -9999 -9999 -9999 -9999 -9999 -9999 -9999 -9999 -9999 -9999 -9999 -9999 -9999 -9999 -9999 -9999 -9999 -9999 -9999 -9999 -9999 -9999 -9999 -9999 -9999 -9999 -9999 -9999 -9999 -9999 -9999 -9999 -9999 -9999 -9999 -9999 -9999 -9999 -9999 -9999 -9999 -9999 -9999 -9999
-9999 17 13 12 11 11 11 11 10 10 11 11 11 12 12 12 12 13 13 14 15 16 17 20 29 58 116 113 92 100 105 113 124 135 138 147 152 155 159 167 161 154 155 -9999 -9999 -9999 -9999 -9999 153 151 147 132 -9999 -9999 -9999 -9999 -9999 -9999 -9999 -9999 -9999 -9999 -9999 -9999 -9999 -9999 -9999 -9999 -9999 -9999 -9999 -9999 -9999 -9999 -9999 -9999 -9999 -9999 -9999 -9999 -9999 -9999 -9999 -9999 -9999 -9999 -9999 -9999 -9999 -9999 -9999 -9999
-9999 20 18 15 15 12 13 12 11 11 12 12 13 12 13 13 12 13 13 13 13 14 14 15 17 18 26 69 117 101 100 98 104 110 108 107 111 125 140 155 156 162 162 161 160 159 -9999 153 153 152 150 148 125 -9999 -9999 -9999 -9999 -9999 -9999 -9999 -9999 -9999 -9999 -9999 -9999 -9999 -9999 -9999 -9999 -9999 -9999 -9999 -9999 -9999 -9999 -9999 -9999 -9999 -9999 -9999 -9999 -9999 -9999 -9999 -9999 -9999 -9999 -9999 -9999 -9999 -9999 -9999
-9999 19 26 20 23 17 17 15 15 15 17 16 17 17 16 15 14 19 16 14 13 13 13 13 14 15 18 20 29 61 85 109 116 111 110 91 85 94 105 123 125 139 150 160 155 158 156 152 151 149 150 151 134 -9999 -9999 -9999 -9999 -9999 -9999 -9999 -9999 -9999 -9999 -9999 -9999 -9999 -9999 -9999 -9999 -9999 -9999 -9999 -9999 -9999 -9999 -9999 -9999 -9999 -9999 -9999 -9999 -9999 -9999 -9999 -9999 -9999 -9999 -9999 -9999 -9999 -9999 -9999
-9999 30 22 25 22 19 20 20 21 22 23 22 19 21 22 19 17 20 24 21 18 15 14 13 13 13 14 17 18 21 37 59 92 104 118 105 112 93 84 86 93 107 133 140 142 154 155 153 149 146 146 144 112 -9999 -9999 -9999 -9999 -9999 -9999 -9999 -9999 -9999 -9999 -9999 -9999 -9999 -9999 -9999 -9999 -9999 -9999 -9999 -9999 -9999 -9999 -9999 -9999 -9999 -9999 -9999 -9999 -9999 -9999 -9999 -9999 -9999 -9999 -9999 -9999 -9999 -9999 -9999
-9999 20 25 27 23 26 27 24 24 25 31 32 28 28 25 21 20 22 23 24 25 22 20 14 13 13 14 15 16 17 18 19 26 41 66 79 108 124 95 76 80 121 107 113 146 153 153 150 146 144 137 120 104 104 -9999 -9999 -9999 -9999 -9999 -9999 -9999 -9999 -9999 -9999 -9999 -9999 -9999 -9999 -9999 -9999 -9999 -9999 -9999 -9999 -9999 -9999 -9999 -9999 -9999 -9999 -9999 -9999 -9999 -9999 -9999 -9999 -9999 -9999 -9999 -9999 -9999 -9999
-9999 16 19 28 28 39 34 42 35 32 41 72 51 36 31 28 26 25 26 25 25 24 24 17 16 15 14 16 20 18 16 16 17 18 22 30 48 69 93 81 104 152 112 104 128 141 148 147 145 139 130 122 111 -9999 -9999 -9999 -9999 -9999 -9999 -9999 -9999 -9999 -9999 -9999 -9999 -9999 -9999 -9999 -9999 -9999 -9999 -9999 -9999 -9999 -9999 -9999 -9999 -9999 -9999 -9999 -9999 -9999 -9999 -9999 -9999 -9999 -9999 -9999 -9999 -9999 -9999 -9999
-9999 17 18 23 32 43 48 45 44 49 49 77 87 67 40 32 35 31 28 27 29 28 28 19 20 19 16 19 24 25 19 15 14 14 15 16 20 26 39 61 89 119 99 99 115 127 141 143 142 141 138 130 122 120 -9999 -9999 -9999 -9999 -9999 -9999 -9999 -9999 -9999 -9999 -9999 -9999 -9999 -9999 -9999 -9999 -9999 -9999 -9999 -9999 -9999 -9999 -9999 -9999 -9999 -9999 -9999 -9999 -9999 -9999 -9999 -9999 -9999 -9999 -9999 -9999 -9999 -9999
-9999 17 18 22 28 38 46 54 58 59 62 72 83 70 50 42 41 49 43 36 41 37 30 24 28 28 22 19 21 24 21 16 14 14 13 13 14 14 18 25 34 57 83 104 132 141 140 138 137 137 136 135 133 125 -9999 -9999 -9999 -9999 -9999 -9999 -9999 -9999 -9999 -9999 -9999 -9999 -9999 -9999 -9999 -9999 -9999 -9999 -9999 -9999 -9999 -9999 -9999 -9999 -9999 -9999 -9999 -9999 -9999 -9999 -9999 -9999 -9999 -9999 -9999 -9999 -9999 -9999
-9999 17 19 22 25 33 40 47 55 63 67 79 90 93 62 60 57 60 64 54 43 43 37 32 34 28 25 25 24 22 20 19 15 17 14 13 13 12 13 15 22 31 44 58 81 124 138 139 135 133 134 133 131 128 126 -9999 -9999 -9999 -9999 -9999 -9999 -9999 -9999 -9999 -9999 -9999 -9999 127 124 -9999 -9999 -9999 -9999 -9999 -9999 -9999 -9999 -9999 -9999 -9999 -9999 -9999 -9999 -9999 -9999 -9999 -9999 -9999 -9999 -9999 -9999 -9999
-9999 18 19 22 25 29 34 40 47 51 59 69 81 93 93 88 87 90 85 66 60 72 51 43 37 35 27 24 24 21 18 16 15 16 15 14 13 12 12 13 17 21 30 41 57 85 117 131 129 130 131 131 129 126 124 122 -9999 -9999 -9999 126 126 126 125 124 125 127 132 131 129 121 121 -9999 -9999 -9999 -9999 -9999 -9999 -9999 -9999 -9999 -9999 -9999 -9999 -9999 -9999 -9999 -9999 -9999 -9999 -9999 -9999 -9999
-9999 18 19 22 25 28 31 35 38 43 50 57 67 82 92 100 96 89 84 84 90 99 91 84 61 65 40 27 23 22 20 19 16 16 16 15 14 12 12 12 15 18 24 32 40 59 88 117 126 127 127 128 126 125 123 123 125 126 124 125 126 128 126 125 126 128 130 133 128 122 121 -9999 -9999 -9999 -9999 -9999 -9999 -9999 -9999 -9999 -9999 -9999 -9999 -9999 -9999 -9999 -9999 -9999 -9999 -9999 -9999 -9999
-9999 17 19 23 25 27 29 32 36 38 41 46 60 75 84 83 88 87 82 85 86 93 89 91 86 78 65 31 27 24 25 23 20 18 17 15 14 13 13 14 16 21 25 30 37 54 74 97 114 124 126 125 123 122 120 120 122 122 122 123 123 124 123 123 125 126 127 127 125 123 -9999 -9999 -9999 -9999 -9999 -9999 -9999 -9999 -9999 -9999 -9999 -9999 -9999 -9999 -9999 -9999 -9999 -9999 -9999 -9999 -9999 -9999
-9999 17 19 22 25 26 28 30 33 38 39 42 47 57 62 60 64 75 79 81 85 90 88 94 90 82 45 37 32 29 29 24 20 17 17 18 16 15 15 16 18 22 26 29 37 50 69 81 92 106 117 119 119 118 116 115 115 115 115 -9999 -9999 -9999 117 118 120 122 124 122 121 -9999 -9999 -9999 -9999 -9999 -9999 -9999 -9999 -9999 -9999 -9999 -9999 -9999 -9999 -9999 -9999 -9999 -9999 -9999 -9999 -9999 -9999 -9999
-9999 18 18 21 23 25 27 28 30 32 33 37 40 43 48 56 54 60 55 54 62 78 85 79 71 61 68 64 37 42 34 23 20 16 15 17 18 21 19 20 22 24 29 34 44 55 65 73 79 89 96 100 104 105 103 103 103 105 109 -9999 -9999 -9999 -9999 -9999 -9999 -9999 -9999 -9999 -9999 -9999 -9999 -9999 -9999 -9999 -9999 -9999 -9999 -9999 -9999 -9999 -9999 -9999 -9999 -9999 -9999 -9999 -9999 -9999 -9999 -9999 -9999 -9999
-9999 19 20 21 23 24 26 27 28 30 31 34 37 40 43 46 45 47 43 42 52 59 69 71 61 51 61 71 64 59 40 23 20 18 17 19 24 30 26 30 33 33 40 55 57 59 62 72 80 85 91 93 95 95 96 96 96 98 100 -9999 104 110 110 113 113 -9999 -9999 -9999 -9999 -9999 -9999 -9999 -9999 -9999 -9999 -9999 -9999 -9999 -9999 -9999 -9999 -9999 -9999 -9999 -9999 -9999 -9999 -9999 -9999 -9999 -9999 -9999
-9999 22 21 22 23 24 25 26 27 28 29 31 32 37 38 40 39 38 35 35 40 48 56 61 61 57 64 66 48 30 22 20 20 22 24 22 32 36 29 39 59 61 62 64 61 60 62 68 76 79 83 87 91 93 95 94 94 95 99 100 104 108 111 112 112 109 107 -9999 -9999 -9999 -9999 -9999 -9999 -9999 -9999 -9999 -9999 -9999 -9999 -9999 -9999 -9999 -9999 -9999 -9999 -9999 -9999 -9999 -9999 -9999 -9999 -9999
-9999 22 22 23 23 24 25 25 26 27 28 28 29 30 31 32 32 33 30 29 31 34 37 42 44 49 50 50 50 44 40 35 38 42 27 22 24 31 28 54 62 63 67 67 61 66 66 66 69 74 73 76 82 86 84 85 88 89 94 96 101 107 109 110 108 106 106 104 103 99 100 98 -9999 88 78 62 55 -9999 -9999 -9999 -9999 -9999 -9999 -9999 -9999 -9999 -9999 -9999 -9999 -9999 -9999 -9999
-9999 23 23 23 24 24 25 26 26 27 27 27 28 28 28 27 28 29 24 23 29 33 35 36 34 34 36 34 45 42 41 40 40 36 22 20 23 29 28 56 65 68 67 67 67 68 66 66 70 76 70 71 75 80 78 78 80 80 84 88 91 96 100 102 102 105 104 106 107 106 108 111 110 96 86 77 62 50 42 37 -9999 -9999 -9999 -9999 -9999 -9999 -9999 -9999 -9999 -9999 -9999 -9999
-9999 24 24 24 24 25 26 26 27 27 27 27 27 26 23 22 22 23 20 18 20 29 31 32 31 25 29 34 33 22 32 33 30 24 24 36 50 40 28 60 76 79 68 65 70 72 68 67 70 76 69 66 70 71 71 70 70 70 72 75 76 81 86 89 90 91 94 97 102 106 110 114 114 107 89 89 92 90 56 44 36 32 -9999 -9999 -9999 -9999 -9999 -9999 -9999 -9999 -9999 -9999
-9999 24 24 25 25 25 26 27 27 28 28 28 28 23 21 20 21 20 19 17 17 18 21 23 26 17 29 27 25 15 17 19 18 27 40 33 33 34 32 58 68 72 65 68 72 74 72 71 69 70 65 65 62 63 67 61 59 59 58 58 63 68 71 74 77 80 80 81 84 88 98 106 109 114 115 114 120 125 101 65 44 32 29 -9999 -9999 -9999 -9999 -9999 -9999 -9999 -9999 -9999
-9999 26 26 25 26 26 27 27 28 28 28 28 28 24 23 21 19 18 17 16 15 15 15 14 15 15 17 15 17 18 37 40 42 45 58 66 46 29 33 38 54 66 71 66 69 74 74 71 68 64 61 59 54 54 52 47 46 49 49 47 49 51 55 59 62 64 66 72 71 69 75 75 67 90 89 80 93 96 123 76 50 36 27 26 -9999 -9999 -9999 -9999 -9999 -9999 -9999 -9999
-9999 26 26 26 27 28 28 29 29 30 29 29 29 30 30 29 22 19 17 15 14 12 11 12 10 11 8 8 12 19 37 41 52 68 73 85 80 63 36 36 40 57 64 68 69 74 74 72 68 62 57 54 50 46 44 43 43 43 43 43 43 43 44 45 50 51 54 56 56 50 45 41 40 43 43 47 55 59 115 90 86 36 27 23 22 -9999 -9999 -9999 -9999 -9999 -9999 -9999
-9999 26 26 27 28 29 31 33 35 35 32 30 30 31 32 32 31 27 18 15 13 10 8 8 7 7 7 7 9 12 18 28 52 68 77 89 80 51 44 41 43 59 60 64 70 71 70 71 66 60 54 50 47 44 43 41 41 41 40 39 40 40 40 41 43 44 45 46 44 39 35 32 31 30 40 37 38 58 85 84 76 41 31 24 21 19 -9999 -9999 -9999 -9999 -9999 -9999
-9999 27 28 28 30 30 31 32 34 35 35 32 31 31 33 33 33 32 30 18 14 10 7 7 7 7 7 7 13 21 17 32 43 53 64 83 73 30 33 42 47 55 71 66 68 68 63 68 64 57 51 46 44 43 41 40 39 38 37 37 37 37 37 38 39 40 39 37 34 32 28 26 25 25 33 30 36 39 42 53 71 69 35 27 22 19 18 18 -9999 -9999 -9999 -9999
-9999 28 29 29 30 33 36 37 38 38 38 36 36 36 34 32 31 29 28 19 15 14 11 7 7 7 7 7 13 29 26 20 26 37 52 75 76 35 29 40 47 59 76 72 64 67 61 62 60 56 49 44 43 41 40 38 37 36 36 35 35 34 34 34 32 30 30 29 28 27 23 22 22 25 27 23 31 31 30 35 38 42 34 28 26 20 18 17 16 -9999 -9999 -9999
-9999 24 28 29 30 31 32 35 38 39 39 39 41 46 41 37 34 28 19 17 15 15 15 13 7 7 7 7 7 18 30 28 39 47 58 82 54 30 25 32 42 60 65 73 60 62 62 56 55 50 45 43 41 40 38 37 35 35 34 33 32 31 28 27 26 26 25 24 24 23 20 21 21 21 21 20 21 23 24 28 28 30 28 26 26 22 18 16 14 13 -9999 -9999
-9999 8 10 15 22 29 29 30 30 30 26 33 35 40 39 38 39 36 29 18 13 12 13 9 7 7 7 7 7 10 15 14 20 22 21 33 24 17 19 23 35 43 54 64 58 58 58 52 47 44 43 41 40 38 37 35 34 33 33 29 26 24 23 22 21 21 20 20 20 19 18 18 18 18 18 18 17 19 21 23 24 25 24 22 21 20 18 16 13 12 11 -9999
-9999 7 7 8 7 8 18 18 7 8 8 17 26 32 32 32 22 19 23 25 15 8 11 13 8 7 7 7 8 8 8 8 14 24 16 14 15 11 14 30 29 37 42 48 54 51 53 49 45 42 40 39 37 36 34 34 33 28 26 23 21 20 19 18 18 17 16 16 16 15 15 15 15 14 14 15 16 16 17 20 20 21 20 19 18 17 17 15 12 11 -9999 -9999
-9999 11 7 7 8 7 7 7 6 6 5 5 7 8 8 7 8 6 7 7 7 7 7 7 7 7 7 7 8 8 8 8 9 12 13 10 10 11 20 39 33 30 36 41 47 48 48 46 43 41 38 36 33 30 28 28 26 24 21 19 17 15 14 14 14 13 13 13 13 13 13 13 12 12 11 12 13 13 16 17 18 18 18 19 17 16 16 13 11 11 -9999 -9999
-9999 29 17 16 19 8 8 7 6 5 3 3 3 3 3 3 3 3 3 3 5 7 7 7 7 7 7 7 8 8 8 8 9 9 9 9 10 11 14 46 54 46 39 40 37 44 46 44 41 38 35 31 29 26 25 24 22 20 17 15 14 13 12 11 9 9 8 9 9 10 10 10 10 10 10 10 11 11 14 15 17 16 16 17 16 15 15 12 10 -9999 -9999 -9999
-9999 34 33 31 31 29 8 7 6 5 3 3 3 3 3 3 3 3 3 3 4 6 6 7 7 7 7 7 8 8 8 8 8 9 9 9 9 10 11 20 42 40 40 28 28 33 34 34 33 31 28 26 -9999 -9999 -9999 -9999 -9999 16 15 14 13 12 10 8 8 8 8 8 9 9 9 9 9 9 9 9 10 10 11 14 16 15 15 16 16 13 11 11 -9999 -9999 -9999 -9999
-9999 37 39 40 39 34 27 9 8 7 7 8 6 3 3 3 3 3 3 3 5 6 7 8 14 16 8 8 8 8 8 8 8 -9999 -9999 -9999 9 10 10 12 20 20 20 21 24 26 27 26 26 25 -9999 -9999 -9999 -9999 -9999 -9999 -9999 15 14 -9999 12 10 9 -9999 -9999 -9999 -9999 -9999 -9999 -9999 9 9 9 9 9 9 9 10 10 11 14 15 14 13 12 12 13 10 -9999 -9999 -9999 -9999
-9999 46 49 48 44 41 42 42 38 29 22 20 16 7 3 3 3 3 4 5 6 6 7 8 8 17 20 9 8 8 8 8 8 -9999 -9999 -9999 9 9 9 10 10 14 16 16 17 19 20 22 21 -9999 -9999 -9999 -9999 -9999 -9999 -9999 -9999 -9999 -9999 -9999 -9999 -9999 -9999 -9999 -9999 -9999 -9999 -9999 -9999 -9999 -9999 -9999 -9999 9 9 -9999 -9999 9 10 10 11 12 12 11 10 10 10 11 -9999 -9999 -9999 -9999
