Humedad_Suelo_ASC/terraclimate_soil_1969.txt
ncols         92
nrows         62
xllcorner     -72.083333333358
yllcorner     17.458333333309
cellsize      0.041666666666657
NODATA_value  -9999
[rows 0 to 40 of 62, columns 0 to 90 of 92]
-9999 -9999 -9999 -9999 -9999 -9999 -9999 -9999 -9999 -9999 -9999 -9999 -9999 -9999 -9999 -9999 -9999 -9999 -9999 -9999 -9999 -9999 -9999 -9999 -9999 -9999 -9999 -9999 -9999 -9999 -9999 -9999 -9999 -9999 -9999 -9999 -9999 -9999 -9999 -9999 -9999 -9999 -9999 -9999 -9999 -9999 -9999 -9999 -9999 -9999 -9999 -9999 -9999 -9999 -9999 -9999 -9999 -9999 -9999 -9999 -9999 -9999 -9999 -9999 -9999 -9999 -9999 -9999 -9999 -9999 -9999 -9999 -9999 -9999 -9999 -9999 -9999 -9999 -9999 -9999 -9999 -9999 -9999 -9999 -9999 -9999 -9999 -9999 -9999 -9999 -9999
-9999 -9999 -9999 -9999 -9999 -9999 -9999 -9999 -9999 -9999 -9999 -9999 -9999 -9999 -9999 -9999 -9999 -9999 -9999 -9999 -9999 -9999 -9999 -9999 -9999 -9999 -9999 -9999 -9999 -9999 -9999 -9999 -9999 -9999 -9999 -9999 -9999 -9999 -9999 -9999 -9999 -9999 -9999 -9999 -9999 -9999 -9999 -9999 -9999 -9999 -9999 -9999 -9999 -9999 -9999 -9999 -9999 -9999 -9999 -9999 -9999 -9999 -9999 -9999 -9999 -9999 -9999 -9999 -9999 -9999 -9999 -9999 -9999 -9999 -9999 -9999 -9999 -9999 -9999 -9999 -9999 -9999 -9999 -9999 -9999 -9999 -9999 -9999 -9999 -9999 -9999
-9999 -9999 -9999 -9999 -9999 -9999 -9999 -9999 -9999 -9999 -9999 -9999 -9999 -9999 -9999 -9999 -9999 -9999 -9999 -9999 -9999 -9999 -9999 -9999 194 195 195 -9999 -9999 -9999 -9999 -9999 -9999 -9999 -9999 -9999 -9999 -9999 -9999 -9999 -9999 -9999 -9999 -9999 -9999 -9999 -9999 -9999 -9999 -9999 -9999 -9999 -9999 -9999 -9999 -9999 -9999 -9999 -9999 -9999 -9999 -9999 -9999 -9999 -9999 -9999 -9999 -9999 -9999 -9999 -9999 -9999 -9999 -9999 -9999 -9999 -9999 -9999 -9999 -9999 -9999 -9999 -9999 -9999 -9999 -9999 -9999 -9999 -9999 -9999 -9999
-9999 -9999 -9999 -9999 -9999 -9999 151 -9999 -9999 -9999 170 174 178 183 185 184 -9999 -9999 -9999 -9999 -9999 -9999 -9999 -9999 200 201 200 198 196 193 191 -9999 -9999 -9999 -9999 -9999 -9999 -9999 -9999 -9999 -9999 -9999 -9999 -9999 -9999 -9999 -9999 -9999 -9999 -9999 -9999 -9999 -9999 -9999 -9999 -9999 -9999 -9999 -9999 -9999 -9999 -9999 -9999 -9999 -9999 -9999 -9999 -9999 -9999 -9999 -9999 -9999 -9999 -9999 -9999 -9999 -9999 -9999 -9999 -9999 -9999 -9999 -9999 -9999 -9999 -9999 -9999 -9999 -9999 -9999 -9999
-9999 -9999 -9999 -9999 -9999 -9999 -9999 -9999 -9999 166 172 178 180 187 192 191 193 194 195 198 200 201 203 204 205 206 205 203 200 197 194 191 188 -9999 -9999 -9999 -9999 -9999 -9999 -9999 -9999 -9999 -9999 -9999 -9999 -9999 -9999 -9999 -9999 -9999 -9999 -9999 -9999 -9999 -9999 -9999 -9999 -9999 -9999 -9999 -9999 -9999 -9999 -9999 -9999 -9999 -9999 -9999 -9999 -9999 -9999 -9999 -9999 -9999 -9999 -9999 -9999 -9999 -9999 -9999 -9999 -9999 -9999 -9999 -9999 -9999 -9999 -9999 -9999 -9999 -9999
-9999 -9999 -9999 -9999 -9999 -9999 -9999 153 158 164 171 177 182 189 195 197 200 202 203 204 206 207 208 209 210 212 211 207 204 200 197 194 190 187 -9999 -9999 -9999 -9999 -9999 -9999 -9999 -9999 -9999 -9999 -9999 -9999 -9999 -9999 -9999 -9999 -9999 -9999 -9999 -9999 -9999 -9999 -9999 -9999 -9999 -9999 -9999 -9999 -9999 -9999 -9999 -9999 -9999 -9999 -9999 -9999 -9999 -9999 -9999 -9999 -9999 -9999 -9999 -9999 -9999 -9999 -9999 -9999 -9999 -9999 -9999 -9999 -9999 -9999 -9999 -9999 -9999
-9999 -9999 -9999 -9999 -9999 -9999 -9999 148 154 161 168 174 180 189 195 199 203 208 209 210 211 212 213 215 216 217 216 212 208 204 200 196 192 188 184 180 177 173 170 169 -9999 -9999 -9999 -9999 -9999 -9999 -9999 -9999 -9999 -9999 -9999 -9999 -9999 -9999 -9999 -9999 -9999 -9999 -9999 -9999 -9999 -9999 -9999 -9999 -9999 -9999 -9999 -9999 -9999 -9999 -9999 -9999 -9999 -9999 -9999 -9999 -9999 -9999 -9999 -9999 -9999 -9999 -9999 -9999 -9999 -9999 -9999 -9999 -9999 -9999 -9999
-9999 103 107 116 124 127 132 -9999 144 155 162 171 178 186 191 193 197 202 205 209 213 218 219 220 221 222 221 216 212 207 203 198 194 190 185 181 176 172 169 168 167 -9999 -9999 -9999 -9999 -9999 -9999 -9999 -9999 -9999 -9999 -9999 -9999 -9999 -9999 -9999 -9999 -9999 -9999 -9999 -9999 -9999 -9999 -9999 -9999 -9999 -9999 -9999 -9999 -9999 -9999 -9999 -9999 -9999 -9999 -9999 -9999 -9999 -9999 -9999 -9999 -9999 -9999 -9999 -9999 -9999 -9999 -9999 -9999 -9999 -9999
-9999 96 101 111 120 123 128 133 139 147 156 166 175 186 191 192 193 197 199 203 207 210 216 225 227 228 226 221 216 211 206 201 196 191 186 181 176 171 168 167 166 164 163 -9999 -9999 -9999 -9999 -9999 157 156 155 155 -9999 -9999 -9999 -9999 -9999 -9999 -9999 -9999 -9999 -9999 -9999 -9999 -9999 -9999 -9999 -9999 -9999 -9999 -9999 -9999 -9999 -9999 -9999 -9999 -9999 -9999 -9999 -9999 -9999 -9999 -9999 -9999 -9999 -9999 -9999 -9999 -9999 -9999 -9999
-9999 90 94 105 115 117 124 130 139 148 158 169 179 188 194 194 194 196 198 200 201 205 208 212 218 228 231 225 220 214 209 203 198 192 187 181 176 170 167 166 165 164 162 161 160 159 -9999 157 156 155 154 154 154 -9999 -9999 -9999 -9999 -9999 -9999 -9999 -9999 -9999 -9999 -9999 -9999 -9999 -9999 -9999 -9999 -9999 -9999 -9999 -9999 -9999 -9999 -9999 -9999 -9999 -9999 -9999 -9999 -9999 -9999 -9999 -9999 -9999 -9999 -9999 -9999 -9999 -9999
-9999 84 88 100 112 114 120 127 137 147 160 171 184 184 188 193 186 205 205 202 203 204 205 207 211 217 222 226 224 218 212 206 200 194 187 181 175 169 166 165 164 163 161 160 159 158 157 156 155 154 153 153 153 -9999 -9999 -9999 -9999 -9999 -9999 -9999 -9999 -9999 -9999 -9999 -9999 -9999 -9999 -9999 -9999 -9999 -9999 -9999 -9999 -9999 -9999 -9999 -9999 -9999 -9999 -9999 -9999 -9999 -9999 -9999 -9999 -9999 -9999 -9999 -9999 -9999 -9999
-9999 77 82 95 104 110 116 124 134 146 160 173 171 176 187 172 174 192 211 211 210 208 205 207 208 211 215 216 220 221 215 208 201 195 188 182 175 168 165 164 163 162 161 160 158 157 156 155 154 153 153 153 152 -9999 -9999 -9999 -9999 -9999 -9999 -9999 -9999 -9999 -9999 -9999 -9999 -9999 -9999 -9999 -9999 -9999 -9999 -9999 -9999 -9999 -9999 -9999 -9999 -9999 -9999 -9999 -9999 -9999 -9999 -9999 -9999 -9999 -9999 -9999 -9999 -9999 -9999
-9999 71 76 90 98 106 115 125 134 145 163 178 177 172 160 155 154 170 189 202 219 218 219 185 190 209 215 214 213 214 215 210 203 196 189 182 175 168 164 163 162 161 160 159 158 157 156 155 154 153 152 152 152 152 -9999 -9999 -9999 -9999 -9999 -9999 -9999 -9999 -9999 -9999 -9999 -9999 -9999 -9999 -9999 -9999 -9999 -9999 -9999 -9999 -9999 -9999 -9999 -9999 -9999 -9999 -9999 -9999 -9999 -9999 -9999 -9999 -9999 -9999 -9999 -9999 -9999
-9999 69 74 88 101 114 116 128 135 145 160 182 192 178 160 147 141 143 154 162 179 194 213 180 185 194 209 210 211 207 204 200 196 193 186 179 172 165 161 160 160 159 158 157 156 155 155 154 153 152 152 151 151 -9999 -9999 -9999 -9999 -9999 -9999 -9999 -9999 -9999 -9999 -9999 -9999 -9999 -9999 -9999 -9999 -9999 -9999 -9999 -9999 -9999 -9999 -9999 -9999 -9999 -9999 -9999 -9999 -9999 -9999 -9999 -9999 -9999 -9999 -9999 -9999 -9999 -9999
-9999 71 73 87 99 111 125 128 134 142 154 174 189 198 161 139 149 143 142 147 167 183 199 162 185 201 202 202 207 205 196 187 180 178 176 174 167 161 158 157 156 156 155 155 154 154 153 153 152 152 151 151 151 151 -9999 -9999 -9999 -9999 -9999 -9999 -9999 -9999 -9999 -9999 -9999 -9999 -9999 -9999 -9999 -9999 -9999 -9999 -9999 -9999 -9999 -9999 -9999 -9999 -9999 -9999 -9999 -9999 -9999 -9999 -9999 -9999 -9999 -9999 -9999 -9999 -9999
-9999 62 66 80 94 108 119 129 139 146 153 165 177 187 162 151 154 176 178 158 186 183 177 167 200 203 195 189 190 194 188 177 170 167 164 161 160 157 154 154 153 153 153 153 152 152 152 152 151 151 151 151 151 150 -9999 -9999 -9999 -9999 -9999 -9999 -9999 -9999 -9999 -9999 -9999 -9999 -9999 -9999 -9999 -9999 -9999 -9999 -9999 -9999 -9999 -9999 -9999 -9999 -9999 -9999 -9999 -9999 -9999 -9999 -9999 -9999 -9999 -9999 -9999 -9999 -9999
-9999 62 66 77 88 100 112 121 131 144 152 165 176 184 170 176 178 183 185 183 174 185 178 178 191 191 188 187 184 182 175 172 163 163 157 155 154 152 150 150 150 150 150 150 150 150 150 150 150 150 150 150 150 150 150 -9999 -9999 -9999 -9999 -9999 -9999 -9999 -9999 -9999 -9999 -9999 -9999 148 148 -9999 -9999 -9999 -9999 -9999 -9999 -9999 -9999 -9999 -9999 -9999 -9999 -9999 -9999 -9999 -9999 -9999 -9999 -9999 -9999 -9999 -9999
-9999 58 63 73 84 94 104 114 123 132 141 151 162 175 180 178 177 177 176 174 174 177 177 177 178 180 178 175 173 169 162 158 154 154 151 149 148 147 145 146 147 148 148 148 148 149 149 149 150 150 150 150 150 150 149 149 -9999 -9999 -9999 149 148 148 148 148 148 148 148 148 148 148 148 -9999 -9999 -9999 -9999 -9999 -9999 -9999 -9999 -9999 -9999 -9999 -9999 -9999 -9999 -9999 -9999 -9999 -9999 -9999 -9999
-9999 55 61 70 81 89 97 107 115 122 131 140 150 161 168 173 173 169 166 165 168 170 169 168 168 169 171 164 161 158 156 155 149 146 146 143 144 145 142 141 140 143 145 146 146 147 148 148 149 149 150 149 149 149 149 149 149 149 148 148 148 148 148 148 148 148 148 147 147 147 147 -9999 -9999 -9999 -9999 -9999 -9999 -9999 -9999 -9999 -9999 -9999 -9999 -9999 -9999 -9999 -9999 -9999 -9999 -9999 -9999
-9999 48 56 67 76 84 91 98 107 114 119 128 138 150 154 154 160 160 158 158 156 157 157 157 157 157 157 155 151 149 147 148 146 144 142 138 141 141 139 136 134 137 138 140 142 145 146 147 148 149 149 149 149 149 149 148 148 148 148 148 148 147 147 147 147 147 147 147 147 147 -9999 -9999 -9999 -9999 -9999 -9999 -9999 -9999 -9999 -9999 -9999 -9999 -9999 -9999 -9999 -9999 -9999 -9999 -9999 -9999 -9999
-9999 37 41 59 70 78 78 86 98 106 112 116 126 134 138 137 139 143 145 146 145 145 145 146 146 146 143 141 139 139 139 141 139 137 134 133 130 135 135 134 131 130 132 134 136 137 138 141 146 148 149 149 148 148 148 148 148 148 147 -9999 -9999 -9999 147 147 147 147 147 147 147 -9999 -9999 -9999 -9999 -9999 -9999 -9999 -9999 -9999 -9999 -9999 -9999 -9999 -9999 -9999 -9999 -9999 -9999 -9999 -9999 -9999 -9999
-9999 32 33 42 53 61 67 69 78 88 92 101 109 112 121 127 127 126 123 122 124 129 131 131 129 129 130 129 129 128 130 133 129 128 126 124 126 126 131 132 129 128 131 131 132 132 133 136 139 144 145 146 146 144 144 142 141 141 141 -9999 -9999 -9999 -9999 -9999 -9999 -9999 -9999 -9999 -9999 -9999 -9999 -9999 -9999 -9999 -9999 -9999 -9999 -9999 -9999 -9999 -9999 -9999 -9999 -9999 -9999 -9999 -9999 -9999 -9999 -9999 -9999
-9999 33 34 38 45 50 56 60 63 70 75 86 97 101 110 115 113 112 109 106 111 113 114 117 115 113 116 120 121 121 120 119 121 122 121 120 117 121 121 126 130 127 130 130 129 130 132 135 138 141 143 143 142 141 140 138 138 137 136 -9999 137 139 141 144 144 -9999 -9999 -9999 -9999 -9999 -9999 -9999 -9999 -9999 -9999 -9999 -9999 -9999 -9999 -9999 -9999 -9999 -9999 -9999 -9999 -9999 -9999 -9999 -9999 -9999 -9999
-9999 40 35 38 42 45 50 53 57 60 64 72 82 93 96 98 96 93 84 85 96 101 102 103 104 103 104 109 107 107 106 108 109 110 109 111 110 114 120 125 127 127 130 131 129 131 131 132 135 138 141 141 142 140 138 137 136 135 136 135 136 138 141 143 142 139 136 -9999 -9999 -9999 -9999 -9999 -9999 -9999 -9999 -9999 -9999 -9999 -9999 -9999 -9999 -9999 -9999 -9999 -9999 -9999 -9999 -9999 -9999 -9999 -9999
-9999 39 36 39 42 45 46 47 52 53 54 49 44 47 59 79 79 82 70 55 74 81 85 88 88 89 90 93 98 98 98 99 100 103 101 102 105 107 114 120 124 125 127 127 127 132 131 132 134 136 136 136 138 136 132 133 132 132 134 134 135 136 139 139 138 135 134 132 130 131 131 132 -9999 134 132 130 129 -9999 -9999 -9999 -9999 -9999 -9999 -9999 -9999 -9999 -9999 -9999 -9999 -9999 -9999
-9999 40 40 41 43 45 47 47 50 51 50 41 38 36 38 37 40 48 39 40 71 78 78 78 78 80 81 83 90 93 93 94 96 97 97 97 101 109 113 120 124 126 126 128 130 129 129 130 132 135 132 132 133 132 129 129 128 128 128 127 129 131 132 134 133 134 132 131 132 132 133 135 137 137 136 135 135 132 127 127 -9999 -9999 -9999 -9999 -9999 -9999 -9999 -9999 -9999 -9999 -9999
-9999 43 43 45 44 46 47 48 49 50 44 39 34 31 29 28 32 36 32 28 39 74 79 80 74 47 59 82 83 60 80 91 92 94 97 102 108 113 116 122 128 133 128 128 130 130 130 130 132 133 130 128 128 127 124 124 122 121 121 119 120 122 125 126 127 126 126 125 126 130 134 136 138 138 138 140 141 140 134 131 127 125 -9999 -9999 -9999 -9999 -9999 -9999 -9999 -9999 -9999
-9999 42 45 47 47 49 50 51 52 51 46 38 32 27 26 25 27 26 27 24 26 34 39 41 46 35 52 46 42 35 37 47 45 70 102 110 117 120 120 122 126 131 127 128 131 132 131 130 130 130 128 125 122 122 122 119 115 115 114 112 112 114 115 117 117 119 119 119 120 121 126 131 133 135 136 137 141 148 143 138 132 126 123 -9999 -9999 -9999 -9999 -9999 -9999 -9999 -9999
-9999 43 45 47 49 51 51 52 53 50 42 37 32 29 27 25 24 22 21 20 20 21 23 23 26 28 32 30 30 35 72 96 95 101 109 118 119 122 121 122 121 127 131 130 131 132 131 129 128 127 126 123 118 116 113 111 109 110 108 105 104 104 106 109 110 110 111 113 114 113 116 120 122 126 127 129 132 139 145 142 136 131 124 122 -9999 -9999 -9999 -9999 -9999 -9999 -9999
-9999 45 46 48 51 52 54 57 58 57 50 41 37 37 39 35 27 22 20 18 17 14 14 16 16 20 20 21 24 34 56 81 103 108 111 120 124 125 128 128 127 125 129 132 132 132 131 131 128 124 122 119 116 112 109 105 103 102 100 99 96 98 97 100 102 104 99 94 84 84 89 96 106 114 121 123 127 131 141 145 144 134 128 123 120 -9999 -9999 -9999 -9999 -9999 -9999
-9999 46 46 48 52 55 60 66 70 67 61 48 42 43 45 52 42 33 23 17 11 10 9 9 10 14 10 17 21 23 29 37 96 106 117 125 128 122 129 133 132 131 129 130 132 133 130 130 127 123 119 116 114 109 106 102 100 98 94 93 91 90 91 78 72 65 59 49 48 57 64 71 76 87 98 109 121 127 135 141 141 138 134 127 122 120 -9999 -9999 -9999 -9999 -9999
-9999 48 48 51 54 56 56 59 63 66 66 61 43 42 48 52 49 49 38 23 14 8 4 3 3 3 3 8 23 32 27 40 51 80 110 124 126 108 120 137 136 136 137 132 130 130 126 129 126 121 118 113 110 106 102 98 95 94 91 89 81 72 57 49 43 40 37 34 35 40 50 55 55 59 72 85 103 116 127 132 136 140 137 132 128 124 116 107 -9999 -9999 -9999
-9999 48 51 52 53 59 68 71 70 70 71 70 69 65 47 41 37 34 37 26 18 17 13 4 3 3 3 6 23 41 38 31 35 41 58 126 117 84 101 140 139 137 139 136 129 129 127 125 123 121 116 111 107 103 100 96 93 91 85 68 57 45 40 38 36 32 30 31 32 33 37 40 42 44 55 61 81 99 115 124 129 134 135 134 132 129 124 107 97 -9999 -9999
-9999 37 48 49 51 55 64 74 79 80 82 81 82 84 77 69 42 33 25 22 18 20 20 17 3 3 3 3 13 33 39 37 41 51 68 132 82 62 82 105 129 138 138 138 129 128 127 122 120 116 112 109 104 101 97 93 79 68 60 48 39 36 33 32 29 25 25 27 27 29 31 35 36 37 41 47 58 72 86 110 125 128 131 132 132 132 128 116 95 83 -9999
-9999 24 27 32 33 40 39 41 41 47 40 69 76 84 84 81 77 57 36 24 13 14 19 12 3 3 3 3 3 23 30 29 31 31 35 45 44 39 48 82 105 126 139 137 129 126 125 121 117 112 108 104 101 99 95 74 58 50 43 37 35 31 28 26 22 22 21 21 23 25 28 31 32 34 36 41 48 58 75 100 122 126 127 129 129 129 128 126 119 84 71
-9999 20 20 22 21 21 25 26 12 18 19 26 37 47 45 41 35 32 38 37 19 6 15 18 11 3 3 3 3 3 4 14 27 33 25 25 27 23 33 77 84 101 109 111 107 124 124 120 115 108 103 100 95 76 61 53 46 39 35 31 29 26 23 20 19 18 16 17 18 22 24 25 28 30 34 37 42 52 67 89 110 124 126 127 126 125 127 126 110 79 -9999
-9999 25 20 16 20 16 4 9 3 3 3 3 4 14 12 10 11 4 4 13 6 3 3 3 3 3 3 3 3 3 3 4 13 24 20 14 13 13 36 83 87 76 78 90 82 103 122 117 112 106 97 76 70 64 55 42 37 35 31 27 25 22 18 15 14 14 13 15 15 18 20 22 24 26 29 33 37 44 64 84 103 117 121 125 125 126 126 117 87 79 -9999
-9999 39 28 25 26 17 13 6 3 3 3 3 3 3 3 3 3 3 4 3 3 3 3 3 3 3 3 3 3 3 3 4 4 4 4 4 11 10 21 71 102 96 85 84 67 69 95 106 93 77 83 77 70 52 40 37 33 30 27 24 21 16 12 10 10 9 10 11 10 13 17 18 19 21 23 28 32 40 56 73 89 106 114 121 123 124 124 94 79 -9999 -9999
-9999 55 57 47 39 33 14 5 3 3 3 3 3 3 3 3 3 3 8 3 3 3 3 3 3 3 3 3 3 3 3 4 4 4 4 4 5 5 7 30 62 70 72 42 40 49 58 63 60 58 57 50 -9999 -9999 -9999 -9999 -9999 24 22 22 15 10 7 7 7 5 7 9 7 10 11 13 13 16 18 21 27 34 42 57 76 98 105 114 115 112 93 76 -9999 -9999 -9999
-9999 62 68 69 68 60 32 19 9 3 8 8 3 3 3 7 3 3 3 3 3 3 3 6 19 17 5 3 3 3 3 4 4 -9999 -9999 -9999 4 5 5 8 26 27 24 25 29 36 42 43 41 41 -9999 -9999 -9999 -9999 -9999 -9999 -9999 12 9 -9999 7 5 4 -9999 -9999 -9999 -9999 -9999 -9999 -9999 11 10 9 10 13 18 24 28 40 48 67 83 95 92 93 91 78 60 -9999 -9999 -9999
-9999 76 79 79 77 74 74 77 61 35 28 25 18 4 3 3 4 6 3 3 3 3 3 3 14 25 26 5 3 3 3 4 4 -9999 -9999 -9999 4 5 5 5 6 8 15 16 19 24 31 31 29 -9999 -9999 -9999 -9999 -9999 -9999 -9999 -9999 -9999 -9999 -9999 -9999 -9999 -9999 -9999 -9999 -9999 -9999 -9999 -9999 -9999 -9999 -9999 -9999 4 4 -9999 -9999 28 32 40 52 60 62 59 65 56 55 53 -9999 -9999 -9999
