Humedad_Suelo_ASC/terraclimate_soil_1960.txt
ncols         92
nrows         62
xllcorner     -72.083333333358
yllcorner     17.458333333309
cellsize      0.041666666666657
NODATA_value  -9999
[rows 0 to 40 of 62, columns 0 to 91 of 92]
-9999 -9999 -9999 -9999 -9999 -9999 -9999 -9999 -9999 -9999 -9999 -9999 -9999 -9999 -9999 -9999 -9999 -9999 -9999 -9999 -9999 -9999 -9999 -9999 -9999 -9999 -9999 -9999 -9999 -9999 -9999 -9999 -9999 -9999 -9999 -9999 -9999 -9999 -9999 -9999 -9999 -9999 -9999 -9999 -9999 -9999 -9999 -9999 -9999 -9999 -9999 -9999 -9999 -9999 -9999 -9999 -9999 -9999 -9999 -9999 -9999 -9999 -9999 -9999 -9999 -9999 -9999 -9999 -9999 -9999 -9999 -9999 -9999 -9999 -9999 -9999 -9999 -9999 -9999 -9999 -9999 -9999 -9999 -9999 -9999 -9999 -9999 -9999 -9999 -9999 -9999 -9999
-9999 -9999 -9999 -9999 -9999 -9999 -9999 -9999 -9999 -9999 -9999 -9999 -9999 -9999 -9999 -9999 -9999 -9999 -9999 -9999 -9999 -9999 -9999 -9999 -9999 -9999 -9999 -9999 -9999 -9999 -9999 -9999 -9999 -9999 -9999 -9999 -9999 -9999 -9999 -9999 -9999 -9999 -9999 -9999 -9999 -9999 -9999 -9999 -9999 -9999 -9999 -9999 -9999 -9999 -9999 -9999 -9999 -9999 -9999 -9999 -9999 -9999 -9999 -9999 -9999 -9999 -9999 -9999 -9999 -9999 -9999 -9999 -9999 -9999 -9999 -9999 -9999 -9999 -9999 -9999 -9999 -9999 -9999 -9999 -9999 -9999 -9999 -9999 -9999 -9999 -9999 -9999
-9999 -9999 -9999 -9999 -9999 -9999 -9999 -9999 -9999 -9999 -9999 -9999 -9999 -9999 -9999 -9999 -9999 -9999 -9999 -9999 -9999 -9999 -9999 -9999 194 195 195 -9999 -9999 -9999 -9999 -9999 -9999 -9999 -9999 -9999 -9999 -9999 -9999 -9999 -9999 -9999 -9999 -9999 -9999 -9999 -9999 -9999 -9999 -9999 -9999 -9999 -9999 -9999 -9999 -9999 -9999 -9999 -9999 -9999 -9999 -9999 -9999 -9999 -9999 -9999 -9999 -9999 -9999 -9999 -9999 -9999 -9999 -9999 -9999 -9999 -9999 -9999 -9999 -9999 -9999 -9999 -9999 -9999 -9999 -9999 -9999 -9999 -9999 -9999 -9999 -9999
-9999 -9999 -9999 -9999 -9999 -9999 151 -9999 -9999 -9999 59 45 44 47 40 34 -9999 -9999 -9999 -9999 -9999 -9999 -9999 -9999 200 201 200 198 196 193 191 -9999 -9999 -9999 -9999 -9999 -9999 -9999 -9999 -9999 -9999 -9999 -9999 -9999 -9999 -9999 -9999 -9999 -9999 -9999 -9999 -9999 -9999 -9999 -9999 -9999 -9999 -9999 -9999 -9999 -9999 -9999 -9999 -9999 -9999 -9999 -9999 -9999 -9999 -9999 -9999 -9999 -9999 -9999 -9999 -9999 -9999 -9999 -9999 -9999 -9999 -9999 -9999 -9999 -9999 -9999 -9999 -9999 -9999 -9999 -9999 -9999
-9999 -9999 -9999 -9999 -9999 -9999 -9999 -9999 -9999 60 59 52 46 49 56 49 48 43 49 50 79 99 127 157 192 206 205 203 200 197 194 191 188 -9999 -9999 -9999 -9999 -9999 -9999 -9999 -9999 -9999 -9999 -9999 -9999 -9999 -9999 -9999 -9999 -9999 -9999 -9999 -9999 -9999 -9999 -9999 -9999 -9999 -9999 -9999 -9999 -9999 -9999 -9999 -9999 -9999 -9999 -9999 -9999 -9999 -9999 -9999 -9999 -9999 -9999 -9999 -9999 -9999 -9999 -9999 -9999 -9999 -9999 -9999 -9999 -9999 -9999 -9999 -9999 -9999 -9999 -9999
-9999 -9999 -9999 -9999 -9999 -9999 -9999 63 56 52 48 45 42 41 45 52 64 75 79 75 78 104 125 150 174 204 211 207 204 200 197 194 190 187 -9999 -9999 -9999 -9999 -9999 -9999 -9999 -9999 -9999 -9999 -9999 -9999 -9999 -9999 -9999 -9999 -9999 -9999 -9999 -9999 -9999 -9999 -9999 -9999 -9999 -9999 -9999 -9999 -9999 -9999 -9999 -9999 -9999 -9999 -9999 -9999 -9999 -9999 -9999 -9999 -9999 -9999 -9999 -9999 -9999 -9999 -9999 -9999 -9999 -9999 -9999 -9999 -9999 -9999 -9999 -9999 -9999 -9999
-9999 -9999 -9999 -9999 -9999 -9999 -9999 58 48 41 37 29 29 32 36 37 45 66 74 88 104 143 165 158 169 190 216 212 208 204 200 196 192 188 184 180 177 173 170 169 -9999 -9999 -9999 -9999 -9999 -9999 -9999 -9999 -9999 -9999 -9999 -9999 -9999 -9999 -9999 -9999 -9999 -9999 -9999 -9999 -9999 -9999 -9999 -9999 -9999 -9999 -9999 -9999 -9999 -9999 -9999 -9999 -9999 -9999 -9999 -9999 -9999 -9999 -9999 -9999 -9999 -9999 -9999 -9999 -9999 -9999 -9999 -9999 -9999 -9999 -9999 -9999
-9999 103 107 116 106 72 51 -9999 29 28 26 23 21 21 19 21 25 32 38 50 64 85 120 164 192 184 200 216 212 207 203 198 194 190 185 181 176 172 169 168 167 -9999 -9999 -9999 -9999 -9999 -9999 -9999 -9999 -9999 -9999 -9999 -9999 -9999 -9999 -9999 -9999 -9999 -9999 -9999 -9999 -9999 -9999 -9999 -9999 -9999 -9999 -9999 -9999 -9999 -9999 -9999 -9999 -9999 -9999 -9999 -9999 -9999 -9999 -9999 -9999 -9999 -9999 -9999 -9999 -9999 -9999 -9999 -9999 -9999 -9999 -9999
-9999 96 101 111 111 73 45 27 20 18 18 19 19 18 17 16 17 22 25 28 32 43 62 94 134 181 220 215 216 211 206 201 196 191 186 181 176 171 168 167 166 164 163 -9999 -9999 -9999 -9999 -9999 157 156 155 155 -9999 -9999 -9999 -9999 -9999 -9999 -9999 -9999 -9999 -9999 -9999 -9999 -9999 -9999 -9999 -9999 -9999 -9999 -9999 -9999 -9999 -9999 -9999 -9999 -9999 -9999 -9999 -9999 -9999 -9999 -9999 -9999 -9999 -9999 -9999 -9999 -9999 -9999 -9999 -9999
-9999 90 94 105 105 57 40 26 18 17 16 18 18 18 18 19 16 17 18 20 21 25 30 36 52 78 125 176 205 210 209 203 198 192 187 181 176 170 167 166 165 164 162 161 160 159 -9999 157 156 155 154 154 154 -9999 -9999 -9999 -9999 -9999 -9999 -9999 -9999 -9999 -9999 -9999 -9999 -9999 -9999 -9999 -9999 -9999 -9999 -9999 -9999 -9999 -9999 -9999 -9999 -9999 -9999 -9999 -9999 -9999 -9999 -9999 -9999 -9999 -9999 -9999 -9999 -9999 -9999 -9999
-9999 84 88 100 110 59 40 24 19 16 18 18 19 19 20 20 18 24 21 19 19 19 21 21 25 32 56 87 132 178 192 183 197 194 187 181 175 169 166 165 164 163 161 160 159 158 157 156 155 154 153 153 153 -9999 -9999 -9999 -9999 -9999 -9999 -9999 -9999 -9999 -9999 -9999 -9999 -9999 -9999 -9999 -9999 -9999 -9999 -9999 -9999 -9999 -9999 -9999 -9999 -9999 -9999 -9999 -9999 -9999 -9999 -9999 -9999 -9999 -9999 -9999 -9999 -9999 -9999 -9999
-9999 77 82 95 102 69 44 26 19 17 19 19 19 21 23 20 18 22 29 24 23 21 19 17 15 20 30 44 71 101 137 165 183 195 188 182 175 168 165 164 163 162 161 160 158 157 156 155 154 153 153 153 152 -9999 -9999 -9999 -9999 -9999 -9999 -9999 -9999 -9999 -9999 -9999 -9999 -9999 -9999 -9999 -9999 -9999 -9999 -9999 -9999 -9999 -9999 -9999 -9999 -9999 -9999 -9999 -9999 -9999 -9999 -9999 -9999 -9999 -9999 -9999 -9999 -9999 -9999 -9999
-9999 71 76 90 97 90 60 40 28 24 35 34 24 22 20 18 18 22 24 26 31 27 25 17 15 18 22 31 37 50 70 91 115 139 171 182 175 168 164 162 161 161 160 159 158 157 156 155 154 153 152 152 152 152 -9999 -9999 -9999 -9999 -9999 -9999 -9999 -9999 -9999 -9999 -9999 -9999 -9999 -9999 -9999 -9999 -9999 -9999 -9999 -9999 -9999 -9999 -9999 -9999 -9999 -9999 -9999 -9999 -9999 -9999 -9999 -9999 -9999 -9999 -9999 -9999 -9999 -9999
-9999 69 74 88 99 112 107 101 52 34 53 92 62 33 26 20 19 20 22 21 25 26 28 19 19 19 20 29 39 41 44 52 67 79 99 117 142 165 161 160 159 159 158 157 156 155 155 154 153 152 152 151 151 -9999 -9999 -9999 -9999 -9999 -9999 -9999 -9999 -9999 -9999 -9999 -9999 -9999 -9999 -9999 -9999 -9999 -9999 -9999 -9999 -9999 -9999 -9999 -9999 -9999 -9999 -9999 -9999 -9999 -9999 -9999 -9999 -9999 -9999 -9999 -9999 -9999 -9999 -9999
-9999 71 72 85 95 105 120 117 81 61 58 94 104 79 39 28 33 28 23 23 29 31 33 18 22 24 23 29 45 52 42 35 37 44 55 66 87 106 128 154 155 156 155 154 154 154 153 153 152 152 151 151 151 151 -9999 -9999 -9999 -9999 -9999 -9999 -9999 -9999 -9999 -9999 -9999 -9999 -9999 -9999 -9999 -9999 -9999 -9999 -9999 -9999 -9999 -9999 -9999 -9999 -9999 -9999 -9999 -9999 -9999 -9999 -9999 -9999 -9999 -9999 -9999 -9999 -9999 -9999
-9999 54 55 70 82 97 107 118 125 126 94 97 99 80 56 45 46 61 55 40 53 43 34 25 35 36 27 27 33 45 43 32 30 32 33 41 51 64 77 95 114 143 150 149 151 152 152 152 151 151 151 151 151 150 -9999 -9999 -9999 -9999 -9999 -9999 -9999 -9999 -9999 -9999 -9999 -9999 -9999 -9999 -9999 -9999 -9999 -9999 -9999 -9999 -9999 -9999 -9999 -9999 -9999 -9999 -9999 -9999 -9999 -9999 -9999 -9999 -9999 -9999 -9999 -9999 -9999 -9999
-9999 53 54 64 72 83 96 104 114 126 131 143 153 131 73 76 74 79 83 71 56 57 44 37 42 35 31 36 36 36 34 35 29 33 31 32 34 38 49 64 78 93 109 130 144 147 150 150 150 150 150 150 150 150 150 -9999 -9999 -9999 -9999 -9999 -9999 -9999 -9999 -9999 -9999 -9999 -9999 148 148 -9999 -9999 -9999 -9999 -9999 -9999 -9999 -9999 -9999 -9999 -9999 -9999 -9999 -9999 -9999 -9999 -9999 -9999 -9999 -9999 -9999 -9999 -9999
-9999 41 47 54 66 75 84 95 102 109 117 126 138 152 134 107 102 109 101 83 76 86 65 54 46 42 34 30 32 31 28 26 25 30 30 29 31 31 37 44 56 64 75 90 118 140 144 147 147 148 150 150 150 150 149 149 -9999 -9999 -9999 149 148 148 148 148 148 148 148 148 148 148 148 -9999 -9999 -9999 -9999 -9999 -9999 -9999 -9999 -9999 -9999 -9999 -9999 -9999 -9999 -9999 -9999 -9999 -9999 -9999 -9999 -9999
-9999 35 42 50 59 67 75 83 90 96 104 113 122 136 144 151 150 126 104 102 115 134 98 91 71 73 51 34 29 28 28 29 26 26 29 29 29 31 34 36 42 48 54 65 85 115 137 139 143 146 147 149 149 149 149 149 149 149 148 148 148 148 148 148 148 148 148 147 147 147 147 -9999 -9999 -9999 -9999 -9999 -9999 -9999 -9999 -9999 -9999 -9999 -9999 -9999 -9999 -9999 -9999 -9999 -9999 -9999 -9999 -9999
-9999 29 35 44 53 60 65 71 81 86 90 97 110 124 129 129 137 137 123 132 127 134 115 128 93 84 76 39 34 31 31 31 29 29 30 28 27 32 32 35 37 42 47 54 75 104 129 133 138 143 147 147 147 147 147 148 148 148 148 148 148 147 147 147 147 147 147 147 147 147 -9999 -9999 -9999 -9999 -9999 -9999 -9999 -9999 -9999 -9999 -9999 -9999 -9999 -9999 -9999 -9999 -9999 -9999 -9999 -9999 -9999 -9999
-9999 29 30 39 47 53 55 61 71 78 82 87 95 104 107 106 110 116 119 122 122 123 124 123 125 125 59 49 40 34 34 32 26 26 28 30 30 31 34 35 35 38 44 50 67 89 117 126 131 136 139 141 143 143 143 143 142 143 143 -9999 -9999 -9999 147 147 147 147 147 147 147 -9999 -9999 -9999 -9999 -9999 -9999 -9999 -9999 -9999 -9999 -9999 -9999 -9999 -9999 -9999 -9999 -9999 -9999 -9999 -9999 -9999 -9999 -9999
-9999 28 29 32 36 42 47 49 56 64 68 75 82 85 91 97 96 96 93 92 95 101 106 107 106 75 108 76 48 49 42 31 26 23 24 26 34 40 43 43 41 42 47 55 70 85 111 123 126 131 133 135 136 136 137 135 135 136 137 -9999 -9999 -9999 -9999 -9999 -9999 -9999 -9999 -9999 -9999 -9999 -9999 -9999 -9999 -9999 -9999 -9999 -9999 -9999 -9999 -9999 -9999 -9999 -9999 -9999 -9999 -9999 -9999 -9999 -9999 -9999 -9999 -9999
-9999 29 30 32 34 36 39 41 43 48 53 64 72 76 81 84 82 81 78 75 80 84 86 92 90 88 94 101 102 91 50 27 24 25 27 29 34 46 45 65 68 62 66 81 88 99 118 122 126 129 132 133 133 134 133 132 133 133 133 -9999 135 138 140 144 145 -9999 -9999 -9999 -9999 -9999 -9999 -9999 -9999 -9999 -9999 -9999 -9999 -9999 -9999 -9999 -9999 -9999 -9999 -9999 -9999 -9999 -9999 -9999 -9999 -9999 -9999 -9999
-9999 32 31 33 34 35 37 38 40 41 43 51 60 67 69 70 69 66 58 55 67 72 74 76 78 79 80 89 86 35 25 22 21 25 27 24 40 49 58 84 100 108 114 116 115 117 119 120 124 127 131 132 134 133 133 132 132 132 133 133 134 137 140 143 143 141 138 -9999 -9999 -9999 -9999 -9999 -9999 -9999 -9999 -9999 -9999 -9999 -9999 -9999 -9999 -9999 -9999 -9999 -9999 -9999 -9999 -9999 -9999 -9999 -9999 -9999
-9999 33 32 34 34 35 36 37 38 39 40 41 42 42 45 55 55 55 43 38 49 54 58 60 60 62 63 68 79 80 78 46 50 67 32 22 28 42 47 103 109 110 113 113 114 118 119 121 123 126 127 128 131 130 128 129 129 129 131 132 133 136 139 140 139 137 137 135 133 134 134 135 -9999 137 130 107 98 -9999 -9999 -9999 -9999 -9999 -9999 -9999 -9999 -9999 -9999 -9999 -9999 -9999 -9999 -9999
-9999 34 34 34 35 36 36 37 38 38 39 39 36 33 33 30 33 37 29 29 45 51 52 52 51 52 54 57 67 72 72 74 77 54 22 17 25 38 46 104 110 112 112 114 117 118 118 120 123 127 125 125 127 127 126 126 126 126 127 126 128 131 132 135 134 136 134 134 136 135 136 138 139 140 139 133 114 98 81 69 -9999 -9999 -9999 -9999 -9999 -9999 -9999 -9999 -9999 -9999 -9999 -9999
-9999 34 35 36 36 36 37 38 38 38 38 37 31 29 28 27 28 29 26 22 27 39 52 53 49 28 36 53 55 23 35 35 33 24 23 44 92 53 38 106 115 120 116 116 118 120 120 121 124 126 124 122 123 123 121 121 120 118 119 119 119 122 125 127 129 129 129 128 129 133 136 139 141 141 141 143 144 142 112 84 64 54 -9999 -9999 -9999 -9999 -9999 -9999 -9999 -9999 -9999 -9999
-9999 35 36 37 37 37 38 39 39 39 39 37 30 28 26 25 27 25 24 18 19 24 27 27 29 20 35 30 27 10 13 17 10 29 48 40 47 50 50 106 113 120 115 117 120 122 122 122 122 123 118 118 114 115 118 111 107 106 105 104 108 112 114 118 119 121 121 121 122 124 128 134 135 137 139 140 144 148 145 122 88 54 46 -9999 -9999 -9999 -9999 -9999 -9999 -9999 -9999 -9999
-9999 36 36 37 38 38 39 39 40 40 39 38 31 29 28 25 23 20 17 15 14 14 15 14 15 14 17 13 17 20 59 71 73 77 89 103 56 36 49 59 99 112 119 118 119 123 123 120 119 117 115 111 106 103 100 96 94 97 95 92 92 93 97 103 107 109 112 116 117 96 102 86 82 108 106 102 113 133 148 135 104 67 41 35 -9999 -9999 -9999 -9999 -9999 -9999 -9999 -9999
-9999 36 37 38 39 39 40 42 43 42 41 41 38 36 39 32 28 21 16 14 11 10 10 11 9 10 8 8 10 20 45 69 77 83 87 101 109 81 47 44 51 108 113 121 121 123 124 123 118 113 110 107 101 97 90 83 82 81 81 80 79 82 83 87 92 94 96 89 68 54 49 43 40 47 52 57 66 81 143 138 135 82 50 33 29 -9999 -9999 -9999 -9999 -9999 -9999 -9999
-9999 37 38 38 40 42 45 50 53 51 46 42 42 43 45 47 43 31 21 15 11 8 8 8 8 8 7 8 8 11 16 29 74 83 93 106 112 58 52 48 50 75 107 115 122 126 121 121 116 112 106 104 99 92 84 76 74 73 69 67 67 67 69 68 70 63 55 49 46 38 34 31 29 26 35 31 33 65 101 118 121 98 73 47 33 28 -9999 -9999 -9999 -9999 -9999 -9999
-9999 38 38 40 42 43 44 47 50 52 51 47 43 44 45 47 47 46 35 21 14 10 8 8 8 7 7 8 12 24 15 36 56 79 88 100 99 32 33 48 53 62 89 119 116 120 117 117 113 108 104 99 94 87 77 70 66 64 61 60 59 59 50 41 39 38 38 37 34 32 27 24 21 21 28 22 30 31 47 69 100 110 84 65 51 30 24 23 -9999 -9999 -9999 -9999
-9999 38 40 41 41 46 53 56 56 56 56 56 55 55 50 45 39 33 34 25 16 15 12 8 7 7 7 8 12 31 29 20 29 39 71 101 110 36 30 44 53 65 91 121 113 116 113 112 110 107 102 96 88 81 74 66 61 61 58 55 51 40 35 33 32 30 30 30 27 25 21 19 18 21 22 15 22 25 25 31 47 73 76 69 64 48 27 22 17 -9999 -9999 -9999
-9999 32 39 40 41 43 50 57 61 62 63 63 64 67 62 57 49 33 25 20 16 17 16 14 8 7 8 8 8 20 33 31 42 56 87 108 60 31 25 33 46 66 73 84 112 113 114 107 105 100 96 90 82 75 69 64 59 57 54 42 35 31 29 27 26 24 23 23 22 21 16 17 17 17 16 14 12 12 12 23 31 45 57 58 63 62 43 26 20 18 -9999 -9999
-9999 12 18 24 29 41 41 42 40 44 32 57 60 66 66 63 61 55 35 24 14 13 15 11 8 7 7 8 8 12 16 16 22 24 23 38 27 18 20 26 35 47 59 68 101 109 110 106 100 93 89 82 77 72 68 62 53 43 37 33 29 26 24 23 21 20 18 18 17 16 14 16 16 15 15 13 10 10 10 17 28 39 45 47 49 55 56 42 30 19 14 -9999
-9999 9 10 12 11 11 24 24 6 11 9 20 31 44 42 40 29 25 31 32 17 8 13 15 11 8 7 8 8 9 9 10 16 27 19 17 17 14 18 33 32 38 45 51 63 100 107 104 95 88 80 75 71 57 49 43 38 35 31 27 24 23 21 19 18 16 14 14 14 12 13 13 13 12 12 12 10 9 10 15 24 29 37 41 42 48 49 40 28 16 -9999 -9999
-9999 20 11 8 10 6 6 6 5 5 6 6 7 9 8 8 8 7 7 8 8 7 7 7 7 7 7 8 8 8 9 9 11 16 16 13 12 13 23 44 38 34 39 44 53 71 100 96 90 75 61 45 39 37 35 34 32 30 27 24 22 20 18 17 15 13 11 11 11 10 10 10 10 10 10 10 10 9 10 13 22 27 28 31 34 41 42 31 21 17 -9999 -9999
-9999 42 27 24 27 11 7 6 5 5 5 5 6 6 6 6 6 6 6 7 7 7 7 7 7 7 8 8 8 8 8 9 9 10 11 12 13 14 18 53 61 54 45 44 39 48 62 67 54 43 41 39 36 32 30 31 29 26 23 21 19 18 16 13 11 8 8 8 8 9 9 9 9 9 9 9 9 9 9 10 17 24 26 30 31 36 35 24 19 -9999 -9999 -9999
-9999 47 48 45 43 38 8 6 6 5 5 5 6 6 6 6 6 7 7 7 7 7 7 7 8 8 8 8 8 8 8 8 9 9 10 10 11 13 17 24 48 46 46 32 32 38 38 38 38 37 34 31 -9999 -9999 -9999 -9999 -9999 21 20 18 17 16 12 9 8 8 8 8 8 8 8 9 9 9 9 9 9 9 9 9 11 21 22 28 29 31 26 19 -9999 -9999 -9999 -9999
-9999 53 58 59 57 52 37 18 7 6 7 8 7 6 6 7 7 7 7 7 7 7 7 8 19 21 15 8 8 8 8 8 9 -9999 -9999 -9999 11 13 15 17 22 23 23 25 28 30 30 29 29 29 -9999 -9999 -9999 -9999 -9999 -9999 -9999 19 18 -9999 14 12 10 -9999 -9999 -9999 -9999 -9999 -9999 -9999 8 8 8 9 8 9 9 9 9 9 10 15 20 22 24 26 22 15 -9999 -9999 -9999 -9999
-9999 66 68 68 66 63 63 65 60 40 30 26 19 7 7 7 7 7 7 7 7 7 7 8 15 24 28 15 8 8 8 9 9 -9999 -9999 -9999 11 11 12 14 16 18 20 21 21 22 23 25 25 -9999 -9999 -9999 -9999 -9999 -9999 -9999 -9999 -9999 -9999 -9999 -9999 -9999 -9999 -9999 -9999 -9999 -9999 -9999 -9999 -9999 -9999 -9999 -9999 8 8 -9999 -9999 9 9 9 9 9 9 9 13 9 9 9 -9999 -9999 -9999 -9999
