Humedad_Suelo_ASC/terraclimate_soil_1984.txt
ncols         92
nrows         62
xllcorner     -72.083333333358
yllcorner     17.458333333309
cellsize      0.041666666666657
NODATA_value  -9999
[rows 0 to 39 of 62, columns 0 to 90 of 92]
-9999 -9999 -9999 -9999 -9999 -9999 -9999 -9999 -9999 -9999 -9999 -9999 -9999 -9999 -9999 -9999 -9999 -9999 -9999 -9999 -9999 -9999 -9999 -9999 -9999 -9999 -9999 -9999 -9999 -9999 -9999 -9999 -9999 -9999 -9999 -9999 -9999 -9999 -9999 -9999 -9999 -9999 -9999 -9999 -9999 -9999 -9999 -9999 -9999 -9999 -9999 -9999 -9999 -9999 -9999 -9999 -9999 -9999 -9999 -9999 -9999 -9999 -9999 -9999 -9999 -9999 -9999 -9999 -9999 -9999 -9999 -9999 -9999 -9999 -9999 -9999 -9999 -9999 -9999 -9999 -9999 -9999 -9999 -9999 -9999 -9999 -9999 -9999 -9999 -9999 -9999
-9999 -9999 -9999 -9999 -9999 -9999 -9999 -9999 -9999 -9999 -9999 -9999 -9999 -9999 -9999 -9999 -9999 -9999 -9999 -9999 -9999 -9999 -9999 -9999 -9999 -9999 -9999 -9999 -9999 -9999 -9999 -9999 -9999 -9999 -9999 -9999 -9999 -9999 -9999 -9999 -9999 -9999 -9999 -9999 -9999 -9999 -9999 -9999 -9999 -9999 -9999 -9999 -9999 -9999 -9999 -9999 -9999 -9999 -9999 -9999 -9999 -9999 -9999 -9999 -9999 -9999 -9999 -9999 -9999 -9999 -9999 -9999 -9999 -9999 -9999 -9999 -9999 -9999 -9999 -9999 -9999 -9999 -9999 -9999 -9999 -9999 -9999 -9999 -9999 -9999 -9999
-9999 -9999 -9999 -9999 -9999 -9999 -9999 -9999 -9999 -9999 -9999 -9999 -9999 -9999 -9999 -9999 -9999 -9999 -9999 -9999 -9999 -9999 -9999 -9999 53 79 97 -9999 -9999 -9999 -9999 -9999 -9999 -9999 -9999 -9999 -9999 -9999 -9999 -9999 -9999 -9999 -9999 -9999 -9999 -9999 -9999 -9999 -9999 -9999 -9999 -9999 -9999 -9999 -9999 -9999 -9999 -9999 -9999 -9999 -9999 -9999 -9999 -9999 -9999 -9999 -9999 -9999 -9999 -9999 -9999 -9999 -9999 -9999 -9999 -9999 -9999 -9999 -9999 -9999 -9999 -9999 -9999 -9999 -9999 -9999 -9999 -9999 -9999 -9999 -9999
-9999 -9999 -9999 -9999 -9999 -9999 20 -9999 -9999 -9999 9 8 8 8 8 8 -9999 -9999 -9999 -9999 -9999 -9999 -9999 -9999 55 91 116 131 148 160 169 -9999 -9999 -9999 -9999 -9999 -9999 -9999 -9999 -9999 -9999 -9999 -9999 -9999 -9999 -9999 -9999 -9999 -9999 -9999 -9999 -9999 -9999 -9999 -9999 -9999 -9999 -9999 -9999 -9999 -9999 -9999 -9999 -9999 -9999 -9999 -9999 -9999 -9999 -9999 -9999 -9999 -9999 -9999 -9999 -9999 -9999 -9999 -9999 -9999 -9999 -9999 -9999 -9999 -9999 -9999 -9999 -9999 -9999 -9999 -9999
-9999 -9999 -9999 -9999 -9999 -9999 -9999 -9999 -9999 12 12 12 13 15 17 15 13 9 10 9 12 13 16 24 46 81 114 134 158 180 186 184 188 -9999 -9999 -9999 -9999 -9999 -9999 -9999 -9999 -9999 -9999 -9999 -9999 -9999 -9999 -9999 -9999 -9999 -9999 -9999 -9999 -9999 -9999 -9999 -9999 -9999 -9999 -9999 -9999 -9999 -9999 -9999 -9999 -9999 -9999 -9999 -9999 -9999 -9999 -9999 -9999 -9999 -9999 -9999 -9999 -9999 -9999 -9999 -9999 -9999 -9999 -9999 -9999 -9999 -9999 -9999 -9999 -9999 -9999
-9999 -9999 -9999 -9999 -9999 -9999 -9999 15 15 15 14 14 14 15 17 19 21 21 22 18 16 19 19 27 43 64 96 126 165 200 197 194 190 187 -9999 -9999 -9999 -9999 -9999 -9999 -9999 -9999 -9999 -9999 -9999 -9999 -9999 -9999 -9999 -9999 -9999 -9999 -9999 -9999 -9999 -9999 -9999 -9999 -9999 -9999 -9999 -9999 -9999 -9999 -9999 -9999 -9999 -9999 -9999 -9999 -9999 -9999 -9999 -9999 -9999 -9999 -9999 -9999 -9999 -9999 -9999 -9999 -9999 -9999 -9999 -9999 -9999 -9999 -9999 -9999 -9999
-9999 -9999 -9999 -9999 -9999 -9999 -9999 15 16 16 16 16 16 16 17 18 20 22 23 24 29 80 94 47 51 61 88 126 154 193 200 196 192 188 184 180 177 173 170 169 -9999 -9999 -9999 -9999 -9999 -9999 -9999 -9999 -9999 -9999 -9999 -9999 -9999 -9999 -9999 -9999 -9999 -9999 -9999 -9999 -9999 -9999 -9999 -9999 -9999 -9999 -9999 -9999 -9999 -9999 -9999 -9999 -9999 -9999 -9999 -9999 -9999 -9999 -9999 -9999 -9999 -9999 -9999 -9999 -9999 -9999 -9999 -9999 -9999 -9999 -9999
-9999 34 21 16 15 16 16 -9999 16 17 17 18 18 18 17 17 18 20 21 22 22 25 45 106 130 104 109 127 161 186 203 198 194 190 185 181 176 172 169 168 167 -9999 -9999 -9999 -9999 -9999 -9999 -9999 -9999 -9999 -9999 -9999 -9999 -9999 -9999 -9999 -9999 -9999 -9999 -9999 -9999 -9999 -9999 -9999 -9999 -9999 -9999 -9999 -9999 -9999 -9999 -9999 -9999 -9999 -9999 -9999 -9999 -9999 -9999 -9999 -9999 -9999 -9999 -9999 -9999 -9999 -9999 -9999 -9999 -9999 -9999
-9999 30 22 22 15 16 16 17 17 18 19 19 20 20 20 20 20 21 21 21 21 23 23 27 53 124 175 174 165 177 188 198 196 191 186 181 176 171 168 167 166 164 163 -9999 -9999 -9999 -9999 -9999 157 156 155 155 -9999 -9999 -9999 -9999 -9999 -9999 -9999 -9999 -9999 -9999 -9999 -9999 -9999 -9999 -9999 -9999 -9999 -9999 -9999 -9999 -9999 -9999 -9999 -9999 -9999 -9999 -9999 -9999 -9999 -9999 -9999 -9999 -9999 -9999 -9999 -9999 -9999 -9999 -9999
-9999 33 26 21 16 15 16 18 19 22 23 23 23 23 23 23 22 23 22 22 21 21 21 21 22 25 45 142 179 171 173 176 183 192 187 181 176 170 167 166 165 164 162 161 160 159 -9999 157 156 155 154 154 154 -9999 -9999 -9999 -9999 -9999 -9999 -9999 -9999 -9999 -9999 -9999 -9999 -9999 -9999 -9999 -9999 -9999 -9999 -9999 -9999 -9999 -9999 -9999 -9999 -9999 -9999 -9999 -9999 -9999 -9999 -9999 -9999 -9999 -9999 -9999 -9999 -9999 -9999
-9999 36 43 27 29 19 21 21 25 28 33 35 38 37 34 32 27 42 31 25 24 23 22 21 20 21 24 32 66 138 159 175 188 193 187 181 175 169 166 165 164 163 161 160 159 158 157 156 155 154 153 153 153 -9999 -9999 -9999 -9999 -9999 -9999 -9999 -9999 -9999 -9999 -9999 -9999 -9999 -9999 -9999 -9999 -9999 -9999 -9999 -9999 -9999 -9999 -9999 -9999 -9999 -9999 -9999 -9999 -9999 -9999 -9999 -9999 -9999 -9999 -9999 -9999 -9999 -9999
-9999 66 56 62 26 24 24 26 29 34 40 42 45 52 58 44 37 45 62 48 36 27 25 24 22 21 23 24 30 47 85 140 175 188 188 182 175 168 165 164 163 162 161 160 158 157 156 155 154 153 153 153 152 -9999 -9999 -9999 -9999 -9999 -9999 -9999 -9999 -9999 -9999 -9999 -9999 -9999 -9999 -9999 -9999 -9999 -9999 -9999 -9999 -9999 -9999 -9999 -9999 -9999 -9999 -9999 -9999 -9999 -9999 -9999 -9999 -9999 -9999 -9999 -9999 -9999 -9999
-9999 49 56 66 37 33 33 34 36 40 54 62 60 65 62 56 48 55 59 60 68 49 40 27 25 25 24 25 25 28 36 47 64 100 160 182 175 168 164 163 162 161 160 159 158 157 156 155 154 153 152 152 152 152 -9999 -9999 -9999 -9999 -9999 -9999 -9999 -9999 -9999 -9999 -9999 -9999 -9999 -9999 -9999 -9999 -9999 -9999 -9999 -9999 -9999 -9999 -9999 -9999 -9999 -9999 -9999 -9999 -9999 -9999 -9999 -9999 -9999 -9999 -9999 -9999 -9999
-9999 38 45 60 68 80 62 69 48 47 67 104 90 77 72 64 58 57 58 57 61 61 58 34 29 26 25 27 34 32 31 33 42 48 61 81 137 165 161 160 160 159 158 157 156 155 155 154 153 152 152 151 151 -9999 -9999 -9999 -9999 -9999 -9999 -9999 -9999 -9999 -9999 -9999 -9999 -9999 -9999 -9999 -9999 -9999 -9999 -9999 -9999 -9999 -9999 -9999 -9999 -9999 -9999 -9999 -9999 -9999 -9999 -9999 -9999 -9999 -9999 -9999 -9999 -9999 -9999
-9999 40 40 52 63 74 87 86 69 63 69 106 121 107 80 67 69 64 58 56 61 61 64 39 39 36 29 32 59 65 39 29 30 32 38 44 61 86 132 157 156 156 155 155 154 154 153 153 152 152 151 151 151 151 -9999 -9999 -9999 -9999 -9999 -9999 -9999 -9999 -9999 -9999 -9999 -9999 -9999 -9999 -9999 -9999 -9999 -9999 -9999 -9999 -9999 -9999 -9999 -9999 -9999 -9999 -9999 -9999 -9999 -9999 -9999 -9999 -9999 -9999 -9999 -9999 -9999
-9999 29 32 44 56 69 79 90 98 100 99 109 116 105 89 78 77 88 82 66 77 70 60 52 62 64 42 33 42 64 52 31 27 30 29 33 39 50 61 90 138 153 153 153 152 152 152 152 151 151 151 151 151 150 -9999 -9999 -9999 -9999 -9999 -9999 -9999 -9999 -9999 -9999 -9999 -9999 -9999 -9999 -9999 -9999 -9999 -9999 -9999 -9999 -9999 -9999 -9999 -9999 -9999 -9999 -9999 -9999 -9999 -9999 -9999 -9999 -9999 -9999 -9999 -9999 -9999
-9999 30 32 42 50 61 72 81 91 101 106 119 131 136 98 97 94 96 99 88 75 78 67 60 65 58 53 56 58 57 44 43 31 38 31 33 36 40 48 61 85 124 150 150 150 150 150 150 150 150 150 150 150 150 150 -9999 -9999 -9999 -9999 -9999 -9999 -9999 -9999 -9999 -9999 -9999 -9999 148 148 -9999 -9999 -9999 -9999 -9999 -9999 -9999 -9999 -9999 -9999 -9999 -9999 -9999 -9999 -9999 -9999 -9999 -9999 -9999 -9999 -9999 -9999
-9999 26 28 36 46 55 64 72 80 85 94 105 119 132 135 123 116 120 111 94 89 101 81 76 68 68 55 49 53 49 37 32 30 38 36 35 39 40 47 57 77 100 117 141 148 149 149 149 150 150 150 150 150 150 149 149 -9999 -9999 -9999 149 148 148 148 148 148 148 148 148 148 148 148 -9999 -9999 -9999 -9999 -9999 -9999 -9999 -9999 -9999 -9999 -9999 -9999 -9999 -9999 -9999 -9999 -9999 -9999 -9999 -9999
-9999 26 28 32 41 49 55 63 69 75 83 92 103 119 128 133 133 128 112 112 127 132 116 115 95 104 77 56 49 48 47 49 38 37 46 44 44 48 55 64 76 89 102 119 134 147 148 148 149 149 150 149 149 149 149 149 149 149 148 148 148 148 148 148 148 148 148 147 147 147 147 -9999 -9999 -9999 -9999 -9999 -9999 -9999 -9999 -9999 -9999 -9999 -9999 -9999 -9999 -9999 -9999 -9999 -9999 -9999 -9999
-9999 24 27 31 37 42 46 54 62 66 70 78 94 109 114 114 120 121 117 118 118 120 121 121 118 112 106 65 58 53 58 56 53 52 54 50 50 54 58 67 77 90 100 111 126 144 146 147 148 149 149 149 149 149 149 148 148 148 148 148 148 147 147 147 147 147 147 147 147 147 -9999 -9999 -9999 -9999 -9999 -9999 -9999 -9999 -9999 -9999 -9999 -9999 -9999 -9999 -9999 -9999 -9999 -9999 -9999 -9999 -9999
-9999 22 25 30 34 37 39 43 54 63 65 69 79 90 94 93 98 103 106 108 109 110 112 112 112 112 83 74 67 65 69 64 51 48 52 56 56 61 66 74 81 90 102 109 118 130 140 144 147 148 149 149 148 148 148 148 148 148 147 -9999 -9999 -9999 147 147 147 147 147 147 147 -9999 -9999 -9999 -9999 -9999 -9999 -9999 -9999 -9999 -9999 -9999 -9999 -9999 -9999 -9999 -9999 -9999 -9999 -9999 -9999 -9999 -9999
-9999 23 24 27 31 34 37 38 41 47 50 59 65 69 78 86 85 86 83 82 86 91 95 97 95 93 97 97 73 76 74 60 49 43 43 50 62 73 81 89 92 100 109 113 119 123 136 140 144 148 148 148 148 148 148 148 147 147 147 -9999 -9999 -9999 -9999 -9999 -9999 -9999 -9999 -9999 -9999 -9999 -9999 -9999 -9999 -9999 -9999 -9999 -9999 -9999 -9999 -9999 -9999 -9999 -9999 -9999 -9999 -9999 -9999 -9999 -9999 -9999 -9999
-9999 24 24 27 29 32 34 36 38 41 43 49 57 62 70 74 72 72 69 67 72 76 78 83 81 80 84 90 91 91 75 56 51 47 49 55 69 87 86 106 113 115 122 124 125 128 135 140 144 147 148 148 148 147 147 147 147 147 147 -9999 146 146 146 146 146 -9999 -9999 -9999 -9999 -9999 -9999 -9999 -9999 -9999 -9999 -9999 -9999 -9999 -9999 -9999 -9999 -9999 -9999 -9999 -9999 -9999 -9999 -9999 -9999 -9999 -9999
-9999 27 26 28 29 31 33 34 36 38 40 43 47 55 59 61 60 58 52 51 59 64 67 69 70 71 72 80 78 52 43 43 44 52 54 56 74 87 99 108 114 118 125 129 130 134 136 138 143 147 148 147 147 147 147 147 146 146 146 146 146 146 146 146 146 146 146 -9999 -9999 -9999 -9999 -9999 -9999 -9999 -9999 -9999 -9999 -9999 -9999 -9999 -9999 -9999 -9999 -9999 -9999 -9999 -9999 -9999 -9999 -9999 -9999
-9999 28 27 29 30 31 32 33 35 36 37 38 39 41 43 46 45 48 41 36 43 48 52 54 54 56 57 61 70 71 70 63 70 78 57 49 61 80 90 105 114 117 124 125 127 137 137 139 142 145 147 147 147 147 146 146 146 146 146 146 145 145 145 145 145 145 145 145 145 145 145 145 -9999 145 146 144 141 -9999 -9999 -9999 -9999 -9999 -9999 -9999 -9999 -9999 -9999 -9999 -9999 -9999 -9999
-9999 29 29 30 31 32 33 34 35 35 36 36 33 31 31 30 30 34 28 28 40 44 46 47 46 47 48 51 60 65 65 67 70 71 43 41 56 79 91 106 114 120 123 128 133 133 136 138 142 146 144 145 146 146 145 145 145 145 144 144 144 144 144 144 144 144 144 145 145 145 145 145 146 146 146 146 146 144 118 94 -9999 -9999 -9999 -9999 -9999 -9999 -9999 -9999 -9999 -9999 -9999
-9999 31 31 32 32 33 34 35 35 36 36 35 30 29 28 27 28 28 26 23 27 38 46 47 44 30 38 49 51 30 46 52 49 41 45 75 91 97 92 109 121 133 125 128 133 135 137 139 143 145 142 141 142 143 140 141 139 138 137 135 136 139 141 142 142 143 143 143 144 145 145 146 146 147 147 147 147 147 146 125 83 64 -9999 -9999 -9999 -9999 -9999 -9999 -9999 -9999 -9999
-9999 31 32 33 33 34 35 36 37 37 37 35 30 27 26 25 27 26 25 22 22 25 28 28 30 25 38 34 32 23 26 29 27 44 76 77 92 103 104 109 117 127 124 128 135 139 140 138 139 141 137 136 133 135 138 132 126 125 123 121 125 129 131 133 134 136 135 135 136 136 141 146 147 148 149 149 148 148 148 148 127 66 52 -9999 -9999 -9999 -9999 -9999 -9999 -9999 -9999
-9999 33 33 34 35 35 36 37 38 38 37 36 30 29 28 26 25 23 21 20 18 20 20 19 21 22 25 23 26 28 59 67 72 74 86 100 102 92 105 109 108 119 129 129 132 137 138 136 136 136 134 130 125 122 119 113 109 114 111 106 106 108 112 117 121 123 125 128 129 126 130 134 135 139 140 142 145 149 149 149 147 89 47 40 -9999 -9999 -9999 -9999 -9999 -9999 -9999
-9999 34 35 35 37 37 38 39 40 40 40 39 36 34 37 31 28 24 21 17 15 14 14 14 13 14 13 14 20 29 59 66 74 81 86 100 108 111 115 114 114 114 123 133 134 138 140 140 136 131 128 126 120 116 107 99 97 95 94 92 90 93 93 96 101 103 105 108 110 110 111 104 94 115 117 128 138 143 150 150 149 100 53 36 29 -9999 -9999 -9999 -9999 -9999 -9999
-9999 35 35 36 37 39 40 42 45 44 42 41 42 42 43 44 41 31 25 18 14 13 13 13 13 13 12 13 16 21 29 40 72 82 92 105 111 110 113 119 119 125 124 126 136 141 136 139 135 131 126 123 118 111 101 92 90 88 81 79 78 77 79 81 84 86 88 88 91 91 73 62 53 48 94 80 85 138 147 150 150 128 81 49 35 28 -9999 -9999 -9999 -9999 -9999
-9999 36 37 38 39 40 40 42 45 47 46 43 43 43 44 44 44 44 34 25 16 13 13 12 12 11 11 12 23 31 29 47 70 78 87 99 113 94 104 122 125 132 139 130 129 134 131 135 132 126 123 118 113 106 95 86 81 78 74 71 69 69 69 69 70 71 74 73 74 62 48 40 34 34 58 47 75 89 113 143 147 150 104 67 51 30 22 19 -9999 -9999 -9999
-9999 37 38 39 39 40 45 48 50 50 50 50 50 50 47 43 37 32 32 27 18 16 14 13 11 11 11 12 22 41 40 34 42 63 84 101 115 95 96 123 127 133 139 137 125 130 128 128 128 126 120 114 108 100 92 83 76 74 70 63 60 57 55 56 58 56 57 55 43 38 32 29 28 34 40 29 55 54 55 77 96 124 96 72 65 46 25 17 13 -9999 -9999
-9999 27 38 38 39 40 42 48 52 54 54 55 57 60 56 52 46 32 27 24 17 18 17 15 12 10 11 11 13 32 44 44 65 82 91 107 112 82 86 105 121 132 137 141 122 126 128 122 121 117 113 109 102 94 87 79 72 67 63 57 50 48 45 46 47 41 36 34 31 29 23 24 24 25 26 24 24 28 29 45 54 67 66 62 64 59 39 20 12 11 -9999
-9999 13 14 17 27 39 39 40 35 38 30 50 52 58 58 56 55 51 35 27 15 14 15 14 12 10 10 10 11 17 28 29 39 42 44 73 63 42 54 87 111 123 131 131 120 120 123 120 116 110 107 102 96 88 80 71 66 60 55 48 43 39 37 36 32 29 26 25 24 21 18 20 21 21 22 22 18 20 22 26 38 47 48 48 48 52 49 34 22 11 9
-9999 12 12 13 13 13 20 21 12 14 14 21 31 40 40 38 30 28 31 32 17 14 14 15 14 11 9 9 9 11 14 16 27 45 33 31 35 28 37 100 101 112 115 116 109 113 120 118 112 105 94 86 80 74 68 65 61 55 50 42 37 34 28 25 23 21 19 18 17 16 16 17 17 17 18 19 17 16 17 21 27 32 40 42 40 44 42 32 19 10 -9999
-9999 15 13 12 13 12 10 11 9 9 9 10 13 14 14 14 14 12 13 14 13 12 12 11 10 9 8 8 7 9 9 10 16 25 26 21 21 23 52 121 115 102 102 106 99 104 114 111 102 92 81 72 68 65 64 59 54 49 43 35 28 22 20 18 17 15 14 14 14 14 14 15 15 16 16 16 16 16 17 19 24 28 29 33 33 37 35 23 11 10 -9999
-9999 39 23 18 23 13 13 11 8 8 7 7 7 8 8 9 9 9 9 9 10 11 11 10 9 9 8 7 7 7 7 7 8 12 13 15 21 22 32 122 138 127 112 107 92 87 94 93 84 76 77 74 70 60 56 55 49 43 31 23 18 16 15 14 13 12 12 12 12 12 13 13 13 13 13 14 14 15 16 17 19 23 25 29 29 32 29 15 11 -9999 -9999
-9999 41 42 42 42 32 13 11 10 7 6 6 6 6 6 7 7 8 9 9 9 9 9 10 11 10 9 7 7 7 7 7 7 7 8 10 17 18 20 44 112 111 109 78 69 74 73 71 70 67 64 59 -9999 -9999 -9999 -9999 -9999 25 20 17 14 13 12 11 11 11 10 10 10 10 11 11 10 10 10 11 12 13 14 15 18 20 21 26 26 25 18 12 -9999 -9999 -9999
-9999 47 52 53 52 47 32 15 13 11 13 14 11 6 7 7 7 8 9 9 9 10 10 12 17 20 14 9 7 7 7 7 7 -9999 -9999 -9999 12 16 17 21 40 43 43 48 56 61 61 59 56 55 -9999 -9999 -9999 -9999 -9999 -9999 -9999 18 16 -9999 12 11 11 -9999 -9999 -9999 -9999 -9999 -9999 -9999 9 8 8 7 7 8 10 11 13 14 16 17 17 17 19 19 14 11 -9999 -9999 -9999
