Humedad_Suelo_ASC/terraclimate_soil_2016.txt
ncols         92
nrows         62
xllcorner     -72.083333333358
yllcorner     17.458333333309
cellsize      0.041666666666657
NODATA_value  -9999
[rows 0 to 40 of 62, columns 0 to 91 of 92]
-9999 -9999 -9999 -9999 -9999 -9999 -9999 -9999 -9999 -9999 -9999 -9999 -9999 -9999 -9999 -9999 -9999 -9999 -9999 -9999 -9999 -9999 -9999 -9999 -9999 -9999 -9999 -9999 -9999 -9999 -9999 -9999 -9999 -9999 -9999 -9999 -9999 -9999 -9999 -9999 -9999 -9999 -9999 -9999 -9999 -9999 -9999 -9999 -9999 -9999 -9999 -9999 -9999 -9999 -9999 -9999 -9999 -9999 -9999 -9999 -9999 -9999 -9999 -9999 -9999 -9999 -9999 -9999 -9999 -9999 -9999 -9999 -9999 -9999 -9999 -9999 -9999 -9999 -9999 -9999 -9999 -9999 -9999 -9999 -9999 -9999 -9999 -9999 -9999 -9999 -9999 -9999
-9999 -9999 -9999 -9999 -9999 -9999 -9999 -9999 -9999 -9999 -9999 -9999 -9999 -9999 -9999 -9999 -9999 -9999 -9999 -9999 -9999 -9999 -9999 -9999 -9999 -9999 -9999 -9999 -9999 -9999 -9999 -9999 -9999 -9999 -9999 -9999 -9999 -9999 -9999 -9999 -9999 -9999 -9999 -9999 -9999 -9999 -9999 -9999 -9999 -9999 -9999 -9999 -9999 -9999 -9999 -9999 -9999 -9999 -9999 -9999 -9999 -9999 -9999 -9999 -9999 -9999 -9999 -9999 -9999 -9999 -9999 -9999 -9999 -9999 -9999 -9999 -9999 -9999 -9999 -9999 -9999 -9999 -9999 -9999 -9999 -9999 -9999 -9999 -9999 -9999 -9999 -9999
-9999 -9999 -9999 -9999 -9999 -9999 -9999 -9999 -9999 -9999 -9999 -9999 -9999 -9999 -9999 -9999 -9999 -9999 -9999 -9999 -9999 -9999 -9999 -9999 193 195 195 -9999 -9999 -9999 -9999 -9999 -9999 -9999 -9999 -9999 -9999 -9999 -9999 -9999 -9999 -9999 -9999 -9999 -9999 -9999 -9999 -9999 -9999 -9999 -9999 -9999 -9999 -9999 -9999 -9999 -9999 -9999 -9999 -9999 -9999 -9999 -9999 -9999 -9999 -9999 -9999 -9999 -9999 -9999 -9999 -9999 -9999 -9999 -9999 -9999 -9999 -9999 -9999 -9999 -9999 -9999 -9999 -9999 -9999 -9999 -9999 -9999 -9999 -9999 -9999 -9999
-9999 -9999 -9999 -9999 -9999 -9999 117 -9999 -9999 -9999 58 51 54 59 57 53 -9999 -9999 -9999 -9999 -9999 -9999 -9999 -9999 198 201 200 198 196 193 191 -9999 -9999 -9999 -9999 -9999 -9999 -9999 -9999 -9999 -9999 -9999 -9999 -9999 -9999 -9999 -9999 -9999 -9999 -9999 -9999 -9999 -9999 -9999 -9999 -9999 -9999 -9999 -9999 -9999 -9999 -9999 -9999 -9999 -9999 -9999 -9999 -9999 -9999 -9999 -9999 -9999 -9999 -9999 -9999 -9999 -9999 -9999 -9999 -9999 -9999 -9999 -9999 -9999 -9999 -9999 -9999 -9999 -9999 -9999 -9999 -9999
-9999 -9999 -9999 -9999 -9999 -9999 -9999 -9999 -9999 52 56 55 53 60 68 66 66 64 70 72 98 116 140 173 200 206 205 203 200 197 194 191 188 -9999 -9999 -9999 -9999 -9999 -9999 -9999 -9999 -9999 -9999 -9999 -9999 -9999 -9999 -9999 -9999 -9999 -9999 -9999 -9999 -9999 -9999 -9999 -9999 -9999 -9999 -9999 -9999 -9999 -9999 -9999 -9999 -9999 -9999 -9999 -9999 -9999 -9999 -9999 -9999 -9999 -9999 -9999 -9999 -9999 -9999 -9999 -9999 -9999 -9999 -9999 -9999 -9999 -9999 -9999 -9999 -9999 -9999 -9999
-9999 -9999 -9999 -9999 -9999 -9999 -9999 51 48 47 48 48 49 51 59 68 79 90 97 96 103 125 142 168 195 208 211 207 204 200 197 194 190 187 -9999 -9999 -9999 -9999 -9999 -9999 -9999 -9999 -9999 -9999 -9999 -9999 -9999 -9999 -9999 -9999 -9999 -9999 -9999 -9999 -9999 -9999 -9999 -9999 -9999 -9999 -9999 -9999 -9999 -9999 -9999 -9999 -9999 -9999 -9999 -9999 -9999 -9999 -9999 -9999 -9999 -9999 -9999 -9999 -9999 -9999 -9999 -9999 -9999 -9999 -9999 -9999 -9999 -9999 -9999 -9999 -9999 -9999
-9999 -9999 -9999 -9999 -9999 -9999 -9999 47 41 38 38 34 36 42 48 54 63 83 93 108 125 163 185 180 192 212 214 212 208 204 200 196 192 188 184 180 177 173 170 169 -9999 -9999 -9999 -9999 -9999 -9999 -9999 -9999 -9999 -9999 -9999 -9999 -9999 -9999 -9999 -9999 -9999 -9999 -9999 -9999 -9999 -9999 -9999 -9999 -9999 -9999 -9999 -9999 -9999 -9999 -9999 -9999 -9999 -9999 -9999 -9999 -9999 -9999 -9999 -9999 -9999 -9999 -9999 -9999 -9999 -9999 -9999 -9999 -9999 -9999 -9999 -9999
-9999 75 73 76 64 48 37 -9999 30 31 32 31 31 33 33 36 41 55 65 78 91 113 147 191 214 212 218 216 212 207 203 198 194 190 185 181 176 172 169 168 167 -9999 -9999 -9999 -9999 -9999 -9999 -9999 -9999 -9999 -9999 -9999 -9999 -9999 -9999 -9999 -9999 -9999 -9999 -9999 -9999 -9999 -9999 -9999 -9999 -9999 -9999 -9999 -9999 -9999 -9999 -9999 -9999 -9999 -9999 -9999 -9999 -9999 -9999 -9999 -9999 -9999 -9999 -9999 -9999 -9999 -9999 -9999 -9999 -9999 -9999 -9999
-9999 69 68 73 67 49 33 28 26 25 26 28 29 30 31 32 35 40 45 53 64 80 98 124 164 213 224 218 215 211 206 201 196 191 186 181 176 171 168 167 166 164 163 -9999 -9999 -9999 -9999 -9999 157 156 155 155 -9999 -9999 -9999 -9999 -9999 -9999 -9999 -9999 -9999 -9999 -9999 -9999 -9999 -9999 -9999 -9999 -9999 -9999 -9999 -9999 -9999 -9999 -9999 -9999 -9999 -9999 -9999 -9999 -9999 -9999 -9999 -9999 -9999 -9999 -9999 -9999 -9999 -9999 -9999 -9999
-9999 66 65 68 63 38 32 28 24 24 25 27 29 30 32 34 33 36 39 41 46 54 65 77 94 120 166 213 213 210 206 203 198 192 187 181 176 170 167 166 165 164 162 161 160 159 -9999 157 156 155 154 154 154 -9999 -9999 -9999 -9999 -9999 -9999 -9999 -9999 -9999 -9999 -9999 -9999 -9999 -9999 -9999 -9999 -9999 -9999 -9999 -9999 -9999 -9999 -9999 -9999 -9999 -9999 -9999 -9999 -9999 -9999 -9999 -9999 -9999 -9999 -9999 -9999 -9999 -9999 -9999
-9999 62 65 66 73 40 32 27 24 23 26 27 30 31 33 35 35 41 39 40 42 45 50 54 64 80 105 136 186 204 203 194 193 194 187 181 175 169 166 165 164 163 161 160 159 158 157 156 155 154 153 153 153 -9999 -9999 -9999 -9999 -9999 -9999 -9999 -9999 -9999 -9999 -9999 -9999 -9999 -9999 -9999 -9999 -9999 -9999 -9999 -9999 -9999 -9999 -9999 -9999 -9999 -9999 -9999 -9999 -9999 -9999 -9999 -9999 -9999 -9999 -9999 -9999 -9999 -9999 -9999
-9999 63 58 63 64 44 32 28 24 23 27 28 29 32 36 34 34 39 47 46 46 45 46 48 49 57 76 99 126 162 191 195 196 193 188 182 171 166 165 164 163 162 161 160 158 157 156 155 154 153 153 153 150 -9999 -9999 -9999 -9999 -9999 -9999 -9999 -9999 -9999 -9999 -9999 -9999 -9999 -9999 -9999 -9999 -9999 -9999 -9999 -9999 -9999 -9999 -9999 -9999 -9999 -9999 -9999 -9999 -9999 -9999 -9999 -9999 -9999 -9999 -9999 -9999 -9999 -9999 -9999
-9999 45 52 63 60 64 43 32 29 28 35 35 32 33 33 33 34 39 42 46 55 53 54 46 47 53 63 79 96 113 136 163 173 176 180 179 174 168 159 157 155 160 160 159 158 157 156 155 154 153 152 151 141 142 -9999 -9999 -9999 -9999 -9999 -9999 -9999 -9999 -9999 -9999 -9999 -9999 -9999 -9999 -9999 -9999 -9999 -9999 -9999 -9999 -9999 -9999 -9999 -9999 -9999 -9999 -9999 -9999 -9999 -9999 -9999 -9999 -9999 -9999 -9999 -9999 -9999 -9999
-9999 34 42 58 65 78 77 86 42 33 44 76 50 37 35 34 35 37 40 41 45 49 55 47 49 52 57 75 98 106 113 124 145 150 152 154 156 158 158 154 154 159 158 152 155 155 155 154 153 152 152 151 143 -9999 -9999 -9999 -9999 -9999 -9999 -9999 -9999 -9999 -9999 -9999 -9999 -9999 -9999 -9999 -9999 -9999 -9999 -9999 -9999 -9999 -9999 -9999 -9999 -9999 -9999 -9999 -9999 -9999 -9999 -9999 -9999 -9999 -9999 -9999 -9999 -9999 -9999 -9999
-9999 37 37 50 61 72 86 88 71 51 47 79 86 62 37 34 37 38 39 40 43 48 54 45 51 58 60 75 100 114 111 105 110 121 132 131 133 133 138 146 149 154 149 144 145 148 153 153 152 152 151 151 147 145 -9999 -9999 -9999 -9999 -9999 -9999 -9999 -9999 -9999 -9999 -9999 -9999 -9999 -9999 -9999 -9999 -9999 -9999 -9999 -9999 -9999 -9999 -9999 -9999 -9999 -9999 -9999 -9999 -9999 -9999 -9999 -9999 -9999 -9999 -9999 -9999 -9999 -9999
-9999 27 29 42 53 67 78 89 97 103 83 83 81 63 41 38 38 44 44 41 48 49 49 47 60 69 65 68 82 103 106 96 94 103 110 116 116 116 117 122 130 139 141 140 141 145 148 146 149 151 151 151 149 143 -9999 -9999 -9999 -9999 -9999 -9999 -9999 -9999 -9999 -9999 -9999 -9999 -9999 -9999 -9999 -9999 -9999 -9999 -9999 -9999 -9999 -9999 -9999 -9999 -9999 -9999 -9999 -9999 -9999 -9999 -9999 -9999 -9999 -9999 -9999 -9999 -9999 -9999
-9999 27 29 39 48 59 71 79 90 101 107 119 130 107 54 53 50 53 56 51 46 51 49 50 62 63 66 76 83 89 90 98 92 103 103 108 106 104 104 109 114 118 123 127 131 136 144 150 145 145 149 150 148 144 140 -9999 -9999 -9999 -9999 -9999 -9999 -9999 -9999 -9999 -9999 -9999 -9999 138 131 -9999 -9999 -9999 -9999 -9999 -9999 -9999 -9999 -9999 -9999 -9999 -9999 -9999 -9999 -9999 -9999 -9999 -9999 -9999 -9999 -9999 -9999 -9999
-9999 25 27 34 45 53 63 73 81 88 96 106 118 130 108 81 74 81 73 56 54 67 58 56 60 65 63 66 74 78 77 78 81 95 99 101 100 98 97 98 102 105 107 111 117 123 130 136 137 138 143 145 146 142 138 134 -9999 -9999 -9999 142 141 139 137 136 137 140 148 148 145 126 123 -9999 -9999 -9999 -9999 -9999 -9999 -9999 -9999 -9999 -9999 -9999 -9999 -9999 -9999 -9999 -9999 -9999 -9999 -9999 -9999 -9999
-9999 25 27 31 41 48 56 64 71 78 86 95 104 118 126 132 132 100 79 78 97 128 83 81 69 76 74 64 67 71 76 82 80 84 97 96 95 95 92 91 92 95 98 101 105 113 119 125 130 133 135 142 141 140 138 137 142 143 137 140 144 147 144 140 139 148 148 147 147 128 123 -9999 -9999 -9999 -9999 -9999 -9999 -9999 -9999 -9999 -9999 -9999 -9999 -9999 -9999 -9999 -9999 -9999 -9999 -9999 -9999 -9999
-9999 25 27 31 37 43 49 55 64 70 75 82 93 108 113 113 119 120 100 118 118 120 107 120 87 82 81 67 67 69 73 82 86 91 96 90 91 91 88 85 85 88 91 94 99 105 111 117 124 130 135 137 135 135 132 134 137 136 135 138 138 140 138 136 138 143 147 146 140 134 -9999 -9999 -9999 -9999 -9999 -9999 -9999 -9999 -9999 -9999 -9999 -9999 -9999 -9999 -9999 -9999 -9999 -9999 -9999 -9999 -9999 -9999
-9999 24 26 30 34 39 41 47 56 63 68 73 80 89 92 92 96 102 106 108 109 110 112 111 111 110 65 65 63 66 72 81 80 86 90 88 83 85 84 83 82 83 85 88 92 96 102 106 113 120 124 126 128 127 124 124 123 121 119 -9999 -9999 -9999 128 130 131 135 140 136 131 -9999 -9999 -9999 -9999 -9999 -9999 -9999 -9999 -9999 -9999 -9999 -9999 -9999 -9999 -9999 -9999 -9999 -9999 -9999 -9999 -9999 -9999 -9999
-9999 23 24 28 33 35 38 40 44 51 56 63 69 72 79 84 84 85 82 81 85 92 96 96 94 69 95 81 65 68 72 78 76 77 82 80 82 82 82 83 82 82 86 86 89 91 96 102 105 111 114 115 116 116 114 112 111 110 111 -9999 -9999 -9999 -9999 -9999 -9999 -9999 -9999 -9999 -9999 -9999 -9999 -9999 -9999 -9999 -9999 -9999 -9999 -9999 -9999 -9999 -9999 -9999 -9999 -9999 -9999 -9999 -9999 -9999 -9999 -9999 -9999 -9999
-9999 24 25 27 30 33 36 38 40 42 46 54 60 64 70 73 71 71 68 66 71 76 78 83 81 78 83 89 89 88 73 65 70 78 81 80 79 84 80 81 85 84 88 88 88 90 94 101 104 107 110 110 111 111 110 108 108 107 106 -9999 105 110 110 114 116 -9999 -9999 -9999 -9999 -9999 -9999 -9999 -9999 -9999 -9999 -9999 -9999 -9999 -9999 -9999 -9999 -9999 -9999 -9999 -9999 -9999 -9999 -9999 -9999 -9999 -9999 -9999
-9999 29 27 28 30 32 34 36 38 39 42 44 50 56 59 60 59 57 45 43 59 64 67 69 71 71 72 79 76 49 49 54 57 66 65 76 76 81 80 82 84 86 89 90 89 92 94 97 101 103 107 109 111 110 109 107 105 103 105 104 105 108 111 114 112 107 105 -9999 -9999 -9999 -9999 -9999 -9999 -9999 -9999 -9999 -9999 -9999 -9999 -9999 -9999 -9999 -9999 -9999 -9999 -9999 -9999 -9999 -9999 -9999 -9999 -9999
-9999 29 28 30 31 32 33 34 36 38 38 40 38 35 39 46 46 47 37 30 42 48 51 53 54 56 57 60 69 69 67 64 68 72 64 65 72 76 78 79 83 85 87 87 87 92 93 95 98 100 100 101 106 105 102 101 101 100 102 102 103 107 109 110 108 104 104 101 99 97 98 100 -9999 104 101 97 95 -9999 -9999 -9999 -9999 -9999 -9999 -9999 -9999 -9999 -9999 -9999 -9999 -9999 -9999 -9999
-9999 30 30 31 32 33 34 35 36 37 37 38 31 27 27 23 25 29 22 22 40 44 45 46 45 46 47 50 59 62 62 64 66 65 52 54 69 78 78 80 84 86 87 89 91 91 93 94 97 99 95 96 99 100 97 96 96 95 96 96 97 100 101 102 102 104 102 103 104 103 104 106 109 110 108 105 103 98 93 91 -9999 -9999 -9999 -9999 -9999 -9999 -9999 -9999 -9999 -9999 -9999 -9999
-9999 32 32 33 33 34 35 36 36 37 37 34 28 22 17 16 17 19 14 11 21 35 45 46 43 27 36 47 48 29 39 46 44 41 46 71 79 84 83 83 90 96 89 89 92 93 93 93 96 97 93 91 93 93 91 89 87 86 86 86 85 88 91 94 95 95 96 96 98 102 106 110 112 111 110 112 114 112 105 97 90 86 -9999 -9999 -9999 -9999 -9999 -9999 -9999 -9999 -9999 -9999
-9999 32 33 34 34 35 36 37 38 38 38 34 26 17 14 13 15 14 13 10 10 16 23 25 27 21 34 30 28 23 25 27 27 37 63 73 88 91 87 84 88 94 90 90 93 96 95 93 93 93 90 88 85 86 87 82 78 78 76 75 76 79 80 82 84 86 85 86 87 89 95 102 104 107 108 109 115 125 118 110 99 89 85 -9999 -9999 -9999 -9999 -9999 -9999 -9999 -9999 -9999
-9999 33 34 34 35 36 37 38 38 39 38 34 27 19 16 14 12 11 10 10 10 8 7 7 11 14 19 19 20 24 56 64 68 70 80 91 90 90 87 87 83 89 94 93 93 95 95 92 91 89 87 84 79 77 75 71 69 71 69 66 66 66 68 71 74 74 76 79 79 77 81 84 87 93 96 98 101 111 121 116 106 95 86 82 -9999 -9999 -9999 -9999 -9999 -9999 -9999 -9999
-9999 34 35 36 36 37 38 39 40 40 40 41 32 30 31 26 16 12 11 10 10 7 7 6 6 6 7 8 15 24 45 63 71 77 82 93 98 97 99 100 93 87 91 96 96 97 96 95 91 86 83 80 76 73 68 64 63 62 60 59 57 58 58 61 64 65 67 69 70 70 71 75 77 81 86 89 93 99 114 119 118 101 90 83 79 -9999 -9999 -9999 -9999 -9999 -9999 -9999
-9999 35 35 36 37 38 39 42 45 43 42 42 42 40 43 44 37 24 12 10 7 7 6 6 6 6 6 7 11 16 22 30 69 79 87 99 102 90 100 106 103 97 94 93 98 100 95 94 89 85 80 78 74 70 65 60 59 57 54 52 51 50 51 53 55 57 59 60 62 65 67 71 73 76 81 84 86 93 104 113 114 108 100 90 83 80 -9999 -9999 -9999 -9999 -9999 -9999
-9999 35 36 37 38 39 40 41 44 46 45 43 43 41 44 44 44 43 28 11 7 7 7 6 6 6 6 7 13 25 21 37 56 74 82 94 103 79 90 109 108 108 108 98 94 95 92 92 88 83 79 74 70 66 61 57 54 53 50 48 46 45 46 48 50 51 54 55 57 60 65 68 68 71 76 79 82 85 93 100 107 112 104 97 91 83 80 77 -9999 -9999 -9999 -9999
-9999 36 37 38 39 40 45 49 50 50 50 49 49 50 46 39 30 26 27 12 7 7 7 7 6 6 6 7 14 33 30 26 31 41 71 95 106 65 77 112 112 110 112 106 93 93 90 89 86 82 77 72 67 63 59 55 51 50 48 45 42 41 42 44 46 47 49 52 54 57 60 64 65 69 73 73 79 82 84 88 93 102 102 99 97 92 84 79 76 -9999 -9999 -9999
-9999 25 37 38 39 40 42 48 53 54 55 56 58 61 57 51 42 25 12 8 7 7 7 7 7 6 7 7 7 24 33 32 42 57 86 101 77 52 67 83 104 111 112 112 93 92 90 85 82 77 73 69 64 60 56 53 50 48 46 43 41 40 41 42 43 43 44 46 48 51 55 61 64 67 70 72 74 76 79 83 88 93 96 97 97 96 90 82 76 73 -9999 -9999
-9999 6 6 8 19 38 39 40 31 35 23 49 52 59 59 57 55 51 28 10 7 7 7 7 7 6 7 7 7 15 23 24 29 30 32 44 42 38 45 69 89 107 111 108 93 89 88 84 78 72 69 64 61 58 55 52 49 47 44 41 40 39 38 40 40 41 41 42 44 46 49 54 57 61 65 71 73 74 77 82 85 90 92 93 93 93 92 88 82 74 70 -9999
-9999 6 6 6 6 6 8 8 6 7 7 7 23 36 34 31 17 10 23 24 7 7 7 7 7 7 6 7 7 7 8 8 24 31 26 27 30 28 35 66 72 88 101 103 92 86 87 83 76 69 63 59 58 55 52 49 47 44 40 39 38 36 36 37 38 38 39 40 41 44 46 47 50 55 61 66 73 74 76 80 83 86 90 91 89 90 90 88 81 73 -9999 -9999
-9999 7 6 6 6 6 6 6 6 6 6 6 7 7 7 7 7 6 6 7 7 6 6 7 6 6 6 7 7 7 7 8 9 24 21 17 18 19 37 71 75 66 73 88 89 84 84 79 73 66 61 56 52 50 51 48 45 41 38 36 35 34 34 34 35 36 36 38 39 41 43 45 47 48 53 59 65 72 77 80 84 86 86 87 88 89 89 83 75 73 -9999 -9999
-9999 39 13 8 11 6 6 6 6 6 6 6 6 6 6 6 6 6 6 6 6 6 6 6 6 6 7 7 7 7 7 7 7 8 8 9 16 17 27 70 91 85 76 77 69 74 78 75 70 63 59 55 52 49 48 46 41 38 36 35 34 32 31 31 31 32 34 35 35 37 41 42 43 45 46 50 56 64 77 80 83 85 86 87 87 87 86 78 73 -9999 -9999 -9999
-9999 40 41 41 41 29 6 6 6 6 6 6 6 6 6 6 6 6 6 6 6 6 6 6 7 7 7 7 7 7 7 7 7 7 8 8 9 9 15 33 62 65 67 44 42 52 57 56 52 52 57 52 -9999 -9999 -9999 -9999 -9999 36 35 35 32 30 29 30 31 31 32 34 34 35 36 38 39 41 43 44 48 57 67 76 79 82 84 86 86 84 78 73 -9999 -9999 -9999 -9999
-9999 46 51 53 51 46 26 7 7 6 7 7 7 6 6 6 6 6 6 6 6 6 6 7 8 8 7 7 7 7 7 7 7 -9999 -9999 -9999 8 9 9 19 32 32 31 32 34 37 41 42 41 42 -9999 -9999 -9999 -9999 -9999 -9999 -9999 31 30 -9999 30 29 29 -9999 -9999 -9999 -9999 -9999 -9999 -9999 36 36 36 37 38 42 45 49 61 72 77 81 82 80 80 79 75 66 -9999 -9999 -9999 -9999
-9999 60 63 63 61 57 58 59 54 30 14 9 8 7 7 7 6 7 7 7 7 7 7 7 7 9 15 8 7 7 7 7 7 -9999 -9999 -9999 8 8 8 9 13 18 25 27 29 32 34 34 34 -9999 -9999 -9999 -9999 -9999 -9999 -9999 -9999 -9999 -9999 -9999 -9999 -9999 -9999 -9999 -9999 -9999 -9999 -9999 -9999 -9999 -9999 -9999 -9999 33 33 -9999 -9999 47 53 63 71 75 75 72 73 68 66 65 -9999 -9999 -9999 -9999
