Humedad_Suelo_ASC/terraclimate_soil_2009.txt
ncols         92
nrows         62
xllcorner     -72.083333333358
yllcorner     17.458333333309
cellsize      0.041666666666657
NODATA_value  -9999
[rows 0 to 39 of 62, columns 0 to 89 of 92]
-9999 -9999 -9999 -9999 -9999 -9999 -9999 -9999 -9999 -9999 -9999 -9999 -9999 -9999 -9999 -9999 -9999 -9999 -9999 -9999 -9999 -9999 -9999 -9999 -9999 -9999 -9999 -9999 -9999 -9999 -9999 -9999 -9999 -9999 -9999 -9999 -9999 -9999 -9999 -9999 -9999 -9999 -9999 -9999 -9999 -9999 -9999 -9999 -9999 -9999 -9999 -9999 -9999 -9999 -9999 -9999 -9999 -9999 -9999 -9999 -9999 -9999 -9999 -9999 -9999 -9999 -9999 -9999 -9999 -9999 -9999 -9999 -9999 -9999 -9999 -9999 -9999 -9999 -9999 -9999 -9999 -9999 -9999 -9999 -9999 -9999 -9999 -9999 -9999 -9999
-9999 -9999 -9999 -9999 -9999 -9999 -9999 -9999 -9999 -9999 -9999 -9999 -9999 -9999 -9999 -9999 -9999 -9999 -9999 -9999 -9999 -9999 -9999 -9999 -9999 -9999 -9999 -9999 -9999 -9999 -9999 -9999 -9999 -9999 -9999 -9999 -9999 -9999 -9999 -9999 -9999 -9999 -9999 -9999 -9999 -9999 -9999 -9999 -9999 -9999 -9999 -9999 -9999 -9999 -9999 -9999 -9999 -9999 -9999 -9999 -9999 -9999 -9999 -9999 -9999 -9999 -9999 -9999 -9999 -9999 -9999 -9999 -9999 -9999 -9999 -9999 -9999 -9999 -9999 -9999 -9999 -9999 -9999 -9999 -9999 -9999 -9999 -9999 -9999 -9999
-9999 -9999 -9999 -9999 -9999 -9999 -9999 -9999 -9999 -9999 -9999 -9999 -9999 -9999 -9999 -9999 -9999 -9999 -9999 -9999 -9999 -9999 -9999 -9999 147 168 168 -9999 -9999 -9999 -9999 -9999 -9999 -9999 -9999 -9999 -9999 -9999 -9999 -9999 -9999 -9999 -9999 -9999 -9999 -9999 -9999 -9999 -9999 -9999 -9999 -9999 -9999 -9999 -9999 -9999 -9999 -9999 -9999 -9999 -9999 -9999 -9999 -9999 -9999 -9999 -9999 -9999 -9999 -9999 -9999 -9999 -9999 -9999 -9999 -9999 -9999 -9999 -9999 -9999 -9999 -9999 -9999 -9999 -9999 -9999 -9999 -9999 -9999 -9999
-9999 -9999 -9999 -9999 -9999 -9999 100 -9999 -9999 -9999 53 44 46 51 48 45 -9999 -9999 -9999 -9999 -9999 -9999 -9999 -9999 155 174 176 175 174 173 171 -9999 -9999 -9999 -9999 -9999 -9999 -9999 -9999 -9999 -9999 -9999 -9999 -9999 -9999 -9999 -9999 -9999 -9999 -9999 -9999 -9999 -9999 -9999 -9999 -9999 -9999 -9999 -9999 -9999 -9999 -9999 -9999 -9999 -9999 -9999 -9999 -9999 -9999 -9999 -9999 -9999 -9999 -9999 -9999 -9999 -9999 -9999 -9999 -9999 -9999 -9999 -9999 -9999 -9999 -9999 -9999 -9999 -9999 -9999
-9999 -9999 -9999 -9999 -9999 -9999 -9999 -9999 -9999 53 52 49 50 61 81 70 70 57 60 57 76 88 104 122 146 178 180 179 179 179 176 172 171 -9999 -9999 -9999 -9999 -9999 -9999 -9999 -9999 -9999 -9999 -9999 -9999 -9999 -9999 -9999 -9999 -9999 -9999 -9999 -9999 -9999 -9999 -9999 -9999 -9999 -9999 -9999 -9999 -9999 -9999 -9999 -9999 -9999 -9999 -9999 -9999 -9999 -9999 -9999 -9999 -9999 -9999 -9999 -9999 -9999 -9999 -9999 -9999 -9999 -9999 -9999 -9999 -9999 -9999 -9999 -9999 -9999
-9999 -9999 -9999 -9999 -9999 -9999 -9999 66 58 52 49 48 49 53 68 83 101 116 117 96 94 112 117 135 152 171 183 182 183 184 181 178 175 172 -9999 -9999 -9999 -9999 -9999 -9999 -9999 -9999 -9999 -9999 -9999 -9999 -9999 -9999 -9999 -9999 -9999 -9999 -9999 -9999 -9999 -9999 -9999 -9999 -9999 -9999 -9999 -9999 -9999 -9999 -9999 -9999 -9999 -9999 -9999 -9999 -9999 -9999 -9999 -9999 -9999 -9999 -9999 -9999 -9999 -9999 -9999 -9999 -9999 -9999 -9999 -9999 -9999 -9999 -9999 -9999
-9999 -9999 -9999 -9999 -9999 -9999 -9999 65 57 49 46 45 46 48 57 63 78 113 117 136 160 171 178 178 182 186 186 185 185 185 183 179 177 174 172 168 164 161 157 154 -9999 -9999 -9999 -9999 -9999 -9999 -9999 -9999 -9999 -9999 -9999 -9999 -9999 -9999 -9999 -9999 -9999 -9999 -9999 -9999 -9999 -9999 -9999 -9999 -9999 -9999 -9999 -9999 -9999 -9999 -9999 -9999 -9999 -9999 -9999 -9999 -9999 -9999 -9999 -9999 -9999 -9999 -9999 -9999 -9999 -9999 -9999 -9999 -9999 -9999
-9999 53 53 57 60 64 70 -9999 49 48 47 46 46 47 45 45 50 72 79 95 105 137 171 184 190 192 191 188 185 184 181 176 174 174 171 168 163 160 154 152 150 -9999 -9999 -9999 -9999 -9999 -9999 -9999 -9999 -9999 -9999 -9999 -9999 -9999 -9999 -9999 -9999 -9999 -9999 -9999 -9999 -9999 -9999 -9999 -9999 -9999 -9999 -9999 -9999 -9999 -9999 -9999 -9999 -9999 -9999 -9999 -9999 -9999 -9999 -9999 -9999 -9999 -9999 -9999 -9999 -9999 -9999 -9999 -9999 -9999
-9999 47 48 54 57 62 68 61 54 49 49 51 51 51 49 47 50 57 62 68 78 95 109 142 184 196 199 193 187 183 180 176 173 170 166 163 158 153 151 150 148 145 144 -9999 -9999 -9999 -9999 -9999 141 142 142 143 -9999 -9999 -9999 -9999 -9999 -9999 -9999 -9999 -9999 -9999 -9999 -9999 -9999 -9999 -9999 -9999 -9999 -9999 -9999 -9999 -9999 -9999 -9999 -9999 -9999 -9999 -9999 -9999 -9999 -9999 -9999 -9999 -9999 -9999 -9999 -9999 -9999 -9999
-9999 43 44 49 54 58 65 73 69 72 72 72 71 63 62 60 56 61 61 62 63 69 74 83 99 124 183 192 190 185 180 175 170 167 162 157 153 149 148 148 146 145 143 141 139 140 -9999 138 141 143 145 146 144 -9999 -9999 -9999 -9999 -9999 -9999 -9999 -9999 -9999 -9999 -9999 -9999 -9999 -9999 -9999 -9999 -9999 -9999 -9999 -9999 -9999 -9999 -9999 -9999 -9999 -9999 -9999 -9999 -9999 -9999 -9999 -9999 -9999 -9999 -9999 -9999 -9999
-9999 39 43 47 55 57 64 71 82 92 103 100 104 100 93 91 79 124 99 78 69 67 68 70 73 87 114 146 179 183 181 173 171 167 161 155 149 144 141 142 140 141 139 139 138 138 138 138 140 142 146 150 145 -9999 -9999 -9999 -9999 -9999 -9999 -9999 -9999 -9999 -9999 -9999 -9999 -9999 -9999 -9999 -9999 -9999 -9999 -9999 -9999 -9999 -9999 -9999 -9999 -9999 -9999 -9999 -9999 -9999 -9999 -9999 -9999 -9999 -9999 -9999 -9999 -9999
-9999 38 36 44 48 55 62 70 80 92 104 116 116 127 138 110 96 122 152 137 116 93 80 71 63 71 88 109 133 169 172 174 173 168 163 156 148 141 136 136 134 135 136 135 134 135 138 139 139 139 142 144 143 -9999 -9999 -9999 -9999 -9999 -9999 -9999 -9999 -9999 -9999 -9999 -9999 -9999 -9999 -9999 -9999 -9999 -9999 -9999 -9999 -9999 -9999 -9999 -9999 -9999 -9999 -9999 -9999 -9999 -9999 -9999 -9999 -9999 -9999 -9999 -9999 -9999
-9999 26 32 43 45 53 62 72 81 92 107 121 131 144 142 124 115 133 146 152 159 147 135 88 76 81 85 102 114 126 141 157 156 157 159 153 148 142 136 133 132 133 132 131 132 135 137 137 137 138 139 140 139 140 -9999 -9999 -9999 -9999 -9999 -9999 -9999 -9999 -9999 -9999 -9999 -9999 -9999 -9999 -9999 -9999 -9999 -9999 -9999 -9999 -9999 -9999 -9999 -9999 -9999 -9999 -9999 -9999 -9999 -9999 -9999 -9999 -9999 -9999 -9999 -9999
-9999 23 26 39 48 61 64 75 82 91 106 125 134 143 146 145 143 143 145 147 151 154 159 112 103 93 88 116 150 140 132 133 139 136 137 137 137 137 134 132 131 134 131 128 130 132 134 136 137 137 137 140 138 -9999 -9999 -9999 -9999 -9999 -9999 -9999 -9999 -9999 -9999 -9999 -9999 -9999 -9999 -9999 -9999 -9999 -9999 -9999 -9999 -9999 -9999 -9999 -9999 -9999 -9999 -9999 -9999 -9999 -9999 -9999 -9999 -9999 -9999 -9999 -9999 -9999
-9999 25 26 34 45 57 69 75 80 89 100 118 131 140 139 136 137 136 136 137 141 144 147 123 132 131 115 137 149 147 140 123 120 115 118 118 118 117 120 126 128 129 126 125 126 128 130 133 135 136 137 138 138 140 -9999 -9999 -9999 -9999 -9999 -9999 -9999 -9999 -9999 -9999 -9999 -9999 -9999 -9999 -9999 -9999 -9999 -9999 -9999 -9999 -9999 -9999 -9999 -9999 -9999 -9999 -9999 -9999 -9999 -9999 -9999 -9999 -9999 -9999 -9999 -9999
-9999 24 26 31 41 53 63 75 84 91 98 109 121 129 131 129 130 133 134 131 135 136 136 135 141 144 140 134 134 135 131 122 114 110 104 101 102 103 104 108 114 121 122 122 123 127 129 129 131 134 136 137 138 138 -9999 -9999 -9999 -9999 -9999 -9999 -9999 -9999 -9999 -9999 -9999 -9999 -9999 -9999 -9999 -9999 -9999 -9999 -9999 -9999 -9999 -9999 -9999 -9999 -9999 -9999 -9999 -9999 -9999 -9999 -9999 -9999 -9999 -9999 -9999 -9999
-9999 25 27 31 37 47 58 67 78 88 96 108 118 126 123 124 124 126 128 126 124 127 127 128 133 133 131 130 127 124 118 115 108 106 101 97 95 89 90 92 99 104 108 112 118 122 127 131 129 131 134 137 137 137 139 -9999 -9999 -9999 -9999 -9999 -9999 -9999 -9999 -9999 -9999 -9999 -9999 146 142 -9999 -9999 -9999 -9999 -9999 -9999 -9999 -9999 -9999 -9999 -9999 -9999 -9999 -9999 -9999 -9999 -9999 -9999 -9999 -9999 -9999
-9999 25 27 31 35 44 53 62 71 78 87 97 108 120 123 121 120 122 121 119 119 124 122 121 122 124 121 117 115 111 106 101 98 97 94 90 88 86 84 81 87 90 95 99 106 116 120 124 125 128 132 135 136 136 137 137 -9999 -9999 -9999 144 144 144 143 142 143 145 148 148 148 138 137 -9999 -9999 -9999 -9999 -9999 -9999 -9999 -9999 -9999 -9999 -9999 -9999 -9999 -9999 -9999 -9999 -9999 -9999 -9999
-9999 25 27 31 35 40 47 55 63 70 78 87 96 109 117 121 120 116 113 113 117 121 119 118 117 119 118 109 105 102 100 98 92 89 87 85 83 81 79 79 80 81 84 90 95 107 115 118 122 126 128 132 133 135 136 139 143 144 142 143 144 147 145 144 145 148 148 147 147 140 137 -9999 -9999 -9999 -9999 -9999 -9999 -9999 -9999 -9999 -9999 -9999 -9999 -9999 -9999 -9999 -9999 -9999 -9999 -9999
-9999 25 27 31 35 38 42 48 57 63 69 76 86 99 105 104 109 110 107 108 108 111 111 111 110 110 108 103 98 96 95 94 91 87 84 79 78 77 74 73 74 77 80 84 90 100 109 113 118 123 128 130 131 132 133 137 140 141 140 142 142 143 142 142 144 147 147 147 145 143 -9999 -9999 -9999 -9999 -9999 -9999 -9999 -9999 -9999 -9999 -9999 -9999 -9999 -9999 -9999 -9999 -9999 -9999 -9999 -9999
-9999 26 27 31 34 37 40 42 50 57 62 68 75 82 86 86 89 94 97 98 99 101 103 102 102 101 97 94 92 90 90 89 84 81 78 76 72 71 71 70 70 72 75 78 83 92 102 108 113 118 122 124 127 129 130 131 131 132 132 -9999 -9999 -9999 136 138 139 143 146 142 140 -9999 -9999 -9999 -9999 -9999 -9999 -9999 -9999 -9999 -9999 -9999 -9999 -9999 -9999 -9999 -9999 -9999 -9999 -9999 -9999 -9999
-9999 26 27 30 33 36 38 40 43 47 52 58 65 68 74 78 78 79 77 76 79 84 88 88 86 85 87 86 84 84 84 82 77 73 70 69 70 70 69 70 70 72 75 76 80 87 96 105 109 114 117 120 122 123 125 125 126 126 127 -9999 -9999 -9999 -9999 -9999 -9999 -9999 -9999 -9999 -9999 -9999 -9999 -9999 -9999 -9999 -9999 -9999 -9999 -9999 -9999 -9999 -9999 -9999 -9999 -9999 -9999 -9999 -9999 -9999 -9999 -9999
-9999 27 28 30 33 35 37 39 41 43 45 50 56 60 65 67 66 66 63 62 66 70 72 76 74 72 76 79 79 78 76 73 73 70 69 68 69 72 68 68 71 72 76 77 80 85 94 105 109 113 117 119 120 122 123 123 125 124 124 -9999 125 127 129 132 132 -9999 -9999 -9999 -9999 -9999 -9999 -9999 -9999 -9999 -9999 -9999 -9999 -9999 -9999 -9999 -9999 -9999 -9999 -9999 -9999 -9999 -9999 -9999 -9999 -9999
-9999 30 30 31 33 34 36 37 39 41 43 44 47 52 54 56 55 54 49 48 54 58 61 62 63 64 65 69 67 65 63 64 64 66 65 65 66 70 67 67 70 72 76 78 80 87 94 101 108 112 116 118 121 122 123 124 124 124 125 124 125 127 130 132 131 129 127 -9999 -9999 -9999 -9999 -9999 -9999 -9999 -9999 -9999 -9999 -9999 -9999 -9999 -9999 -9999 -9999 -9999 -9999 -9999 -9999 -9999 -9999 -9999
-9999 30 31 32 33 34 35 36 38 39 40 41 42 44 44 44 44 44 43 42 42 44 47 48 49 49 50 53 59 59 58 58 59 61 60 59 62 65 65 64 68 71 74 75 77 86 92 99 106 111 114 115 119 120 119 122 122 122 124 124 125 127 129 129 129 126 126 124 123 123 123 124 -9999 126 124 123 122 -9999 -9999 -9999 -9999 -9999 -9999 -9999 -9999 -9999 -9999 -9999 -9999 -9999
-9999 31 32 33 33 34 35 36 37 38 39 39 40 40 41 41 41 41 40 40 40 41 41 42 41 41 42 44 51 54 53 55 57 57 56 56 60 66 65 65 68 71 74 76 81 85 91 97 104 109 109 113 116 118 117 119 119 119 120 119 121 123 124 126 125 126 124 124 125 125 126 127 129 130 129 127 128 125 121 121 -9999 -9999 -9999 -9999 -9999 -9999 -9999 -9999 -9999 -9999
-9999 32 33 34 34 35 36 37 38 38 39 39 39 40 40 39 40 41 40 39 40 41 41 41 40 39 40 42 43 41 45 52 53 55 58 63 69 73 71 68 74 79 76 76 81 86 91 96 103 107 107 109 113 114 114 115 114 114 113 112 113 115 118 119 120 120 120 119 121 124 127 130 131 131 131 133 134 133 128 124 120 119 -9999 -9999 -9999 -9999 -9999 -9999 -9999 -9999
-9999 33 34 35 35 36 37 38 38 39 40 40 39 40 40 39 40 39 39 38 39 40 40 40 40 39 40 41 41 41 43 48 49 55 63 71 76 79 74 70 74 79 77 78 83 89 93 95 98 103 102 105 105 109 112 111 105 104 101 99 104 108 110 111 112 114 113 114 115 116 121 126 127 129 131 131 135 142 136 132 126 120 107 -9999 -9999 -9999 -9999 -9999 -9999 -9999
-9999 34 34 35 36 37 38 38 39 39 40 40 40 41 40 40 39 38 38 37 37 37 38 38 39 39 40 40 41 43 51 58 61 63 72 81 80 78 75 74 72 76 80 81 83 89 92 94 96 98 100 99 98 98 98 90 87 90 88 84 84 86 90 94 98 99 102 108 107 104 111 116 118 121 123 125 127 133 139 136 130 125 103 92 -9999 -9999 -9999 -9999 -9999 -9999
-9999 35 35 36 37 38 39 39 40 40 41 41 42 43 43 42 41 39 38 37 37 36 36 37 36 38 37 38 41 44 52 58 64 70 75 84 88 87 87 88 82 76 79 84 86 90 94 96 96 95 95 95 93 92 84 77 76 74 73 72 71 73 73 76 80 82 84 87 89 89 91 96 101 106 115 119 122 127 135 139 138 129 110 88 81 -9999 -9999 -9999 -9999 -9999
-9999 35 36 37 38 39 40 41 41 42 42 42 43 44 44 44 44 43 40 38 36 35 34 35 35 36 31 38 41 43 46 52 64 72 80 90 92 89 91 94 92 85 83 82 88 93 93 95 95 94 93 93 92 87 79 71 69 67 63 61 60 59 61 63 65 67 69 70 72 77 81 86 89 94 102 107 112 123 131 136 136 132 129 102 82 73 -9999 -9999 -9999 -9999
-9999 36 37 38 39 39 40 41 42 43 43 43 43 44 44 44 44 44 44 41 39 36 32 31 32 31 31 32 43 46 47 53 62 70 77 86 94 93 93 98 98 99 98 89 86 91 92 94 94 92 91 89 88 82 73 66 61 59 56 54 52 52 52 54 55 57 60 60 63 67 75 79 79 83 90 96 104 109 123 128 132 135 132 123 102 79 70 63 -9999 -9999
-9999 37 38 39 39 40 41 43 45 46 46 45 46 46 45 45 44 44 44 42 40 40 39 32 30 30 31 33 45 53 56 57 62 67 75 89 98 94 96 103 105 105 106 101 89 91 92 94 94 93 90 87 83 76 69 62 56 55 53 49 47 45 45 48 50 50 51 55 58 61 66 70 72 77 83 85 95 102 108 115 125 129 130 128 124 98 75 62 54 -9999
-9999 37 38 39 39 40 41 42 45 47 48 49 51 55 52 48 45 45 43 42 41 41 42 41 32 30 32 33 37 52 58 60 67 74 81 94 97 93 96 101 107 108 110 109 92 93 94 91 91 89 87 84 77 71 65 59 54 52 50 46 42 41 41 42 44 44 46 49 52 56 59 65 69 72 76 80 85 90 95 105 115 124 127 124 126 117 89 68 52 42
-9999 24 29 39 40 40 41 42 42 43 44 45 47 52 52 51 50 47 45 43 41 41 42 39 32 30 31 32 34 48 56 58 64 70 75 83 87 60 66 93 105 110 111 109 94 93 94 92 88 84 83 78 72 67 63 57 52 50 47 42 40 39 39 41 42 43 44 45 47 51 57 61 65 69 72 77 81 84 91 101 104 109 111 110 111 111 104 78 58 41
-9999 20 21 25 25 28 39 40 24 33 33 42 45 46 46 46 46 46 46 46 43 35 42 43 40 33 31 32 33 35 40 47 63 72 67 55 54 46 51 109 107 109 107 106 96 92 95 93 87 82 77 71 67 62 57 53 51 47 43 40 39 38 38 39 40 42 43 44 45 49 54 58 63 67 71 75 79 74 79 90 94 101 105 103 99 98 95 76 58 39
-9999 31 23 20 25 20 13 16 14 14 13 15 25 36 33 32 33 24 26 34 32 29 30 30 29 30 30 32 33 35 36 38 47 61 55 48 45 44 73 122 118 105 106 105 95 91 93 90 85 79 72 65 61 58 57 51 47 44 40 39 37 36 37 38 39 40 42 43 44 47 50 56 59 60 61 66 69 68 80 87 94 98 99 100 92 92 88 65 47 40
-9999 40 40 39 40 28 27 18 13 13 13 12 12 11 11 12 14 14 16 18 20 27 27 27 27 29 31 32 32 34 35 36 38 39 38 38 45 44 49 120 128 123 115 110 98 89 88 87 81 73 71 67 64 56 53 50 45 41 40 38 37 36 36 37 38 39 41 41 43 44 47 48 48 48 48 51 56 63 76 86 95 98 98 97 92 89 83 60 45 -9999
-9999 41 42 42 43 43 28 20 16 13 13 12 12 11 10 11 12 15 16 18 19 21 24 27 31 32 32 31 32 33 34 35 35 35 35 35 37 39 39 61 114 114 112 78 77 81 79 76 73 69 66 60 -9999 -9999 -9999 -9999 -9999 41 40 39 38 37 37 38 39 38 37 38 39 39 41 42 41 40 39 42 46 55 64 74 91 99 99 102 94 82 65 52 -9999 -9999
-9999 42 47 49 47 44 45 41 29 20 29 33 22 12 12 13 15 16 18 19 20 22 27 34 47 47 44 35 32 33 34 35 36 -9999 -9999 -9999 34 36 35 38 50 48 45 44 52 72 72 69 63 61 -9999 -9999 -9999 -9999 -9999 -9999 -9999 38 38 -9999 38 36 36 -9999 -9999 -9999 -9999 -9999 -9999 -9999 38 38 36 34 33 36 40 45 57 66 82 94 92 85 79 75 67 45 -9999 -9999
