Humedad_Suelo_ASC/terraclimate_soil_1985.txt
ncols         92
nrows         62
xllcorner     -72.083333333358
yllcorner     17.458333333309
cellsize      0.041666666666657
NODATA_value  -9999
[rows 0 to 40 of 62, columns 0 to 91 of 92]
-9999 -9999 -9999 -9999 -9999 -9999 -9999 -9999 -9999 -9999 -9999 -9999 -9999 -9999 -9999 -9999 -9999 -9999 -9999 -9999 -9999 -9999 -9999 -9999 -9999 -9999 -9999 -9999 -9999 -9999 -9999 -9999 -9999 -9999 -9999 -9999 -9999 -9999 -9999 -9999 -9999 -9999 -9999 -9999 -9999 -9999 -9999 -9999 -9999 -9999 -9999 -9999 -9999 -9999 -9999 -9999 -9999 -9999 -9999 -9999 -9999 -9999 -9999 -9999 -9999 -9999 -9999 -9999 -9999 -9999 -9999 -9999 -9999 -9999 -9999 -9999 -9999 -9999 -9999 -9999 -9999 -9999 -9999 -9999 -9999 -9999 -9999 -9999 -9999 -9999 -9999 -9999
-9999 -9999 -9999 -9999 -9999 -9999 -9999 -9999 -9999 -9999 -9999 -9999 -9999 -9999 -9999 -9999 -9999 -9999 -9999 -9999 -9999 -9999 -9999 -9999 -9999 -9999 -9999 -9999 -9999 -9999 -9999 -9999 -9999 -9999 -9999 -9999 -9999 -9999 -9999 -9999 -9999 -9999 -9999 -9999 -9999 -9999 -9999 -9999 -9999 -9999 -9999 -9999 -9999 -9999 -9999 -9999 -9999 -9999 -9999 -9999 -9999 -9999 -9999 -9999 -9999 -9999 -9999 -9999 -9999 -9999 -9999 -9999 -9999 -9999 -9999 -9999 -9999 -9999 -9999 -9999 -9999 -9999 -9999 -9999 -9999 -9999 -9999 -9999 -9999 -9999 -9999 -9999
-9999 -9999 -9999 -9999 -9999 -9999 -9999 -9999 -9999 -9999 -9999 -9999 -9999 -9999 -9999 -9999 -9999 -9999 -9999 -9999 -9999 -9999 -9999 -9999 86 105 121 -9999 -9999 -9999 -9999 -9999 -9999 -9999 -9999 -9999 -9999 -9999 -9999 -9999 -9999 -9999 -9999 -9999 -9999 -9999 -9999 -9999 -9999 -9999 -9999 -9999 -9999 -9999 -9999 -9999 -9999 -9999 -9999 -9999 -9999 -9999 -9999 -9999 -9999 -9999 -9999 -9999 -9999 -9999 -9999 -9999 -9999 -9999 -9999 -9999 -9999 -9999 -9999 -9999 -9999 -9999 -9999 -9999 -9999 -9999 -9999 -9999 -9999 -9999 -9999 -9999
-9999 -9999 -9999 -9999 -9999 -9999 39 -9999 -9999 -9999 11 6 7 9 6 6 -9999 -9999 -9999 -9999 -9999 -9999 -9999 -9999 88 123 140 148 163 173 179 -9999 -9999 -9999 -9999 -9999 -9999 -9999 -9999 -9999 -9999 -9999 -9999 -9999 -9999 -9999 -9999 -9999 -9999 -9999 -9999 -9999 -9999 -9999 -9999 -9999 -9999 -9999 -9999 -9999 -9999 -9999 -9999 -9999 -9999 -9999 -9999 -9999 -9999 -9999 -9999 -9999 -9999 -9999 -9999 -9999 -9999 -9999 -9999 -9999 -9999 -9999 -9999 -9999 -9999 -9999 -9999 -9999 -9999 -9999 -9999 -9999
-9999 -9999 -9999 -9999 -9999 -9999 -9999 -9999 -9999 14 14 14 13 18 24 20 17 8 9 8 18 27 41 61 84 111 138 156 181 187 184 180 179 -9999 -9999 -9999 -9999 -9999 -9999 -9999 -9999 -9999 -9999 -9999 -9999 -9999 -9999 -9999 -9999 -9999 -9999 -9999 -9999 -9999 -9999 -9999 -9999 -9999 -9999 -9999 -9999 -9999 -9999 -9999 -9999 -9999 -9999 -9999 -9999 -9999 -9999 -9999 -9999 -9999 -9999 -9999 -9999 -9999 -9999 -9999 -9999 -9999 -9999 -9999 -9999 -9999 -9999 -9999 -9999 -9999 -9999 -9999
-9999 -9999 -9999 -9999 -9999 -9999 -9999 20 17 15 15 14 15 16 21 25 31 37 37 29 27 35 43 61 79 99 124 151 190 192 189 186 183 180 -9999 -9999 -9999 -9999 -9999 -9999 -9999 -9999 -9999 -9999 -9999 -9999 -9999 -9999 -9999 -9999 -9999 -9999 -9999 -9999 -9999 -9999 -9999 -9999 -9999 -9999 -9999 -9999 -9999 -9999 -9999 -9999 -9999 -9999 -9999 -9999 -9999 -9999 -9999 -9999 -9999 -9999 -9999 -9999 -9999 -9999 -9999 -9999 -9999 -9999 -9999 -9999 -9999 -9999 -9999 -9999 -9999 -9999
-9999 -9999 -9999 -9999 -9999 -9999 -9999 20 18 17 17 16 16 17 19 20 23 36 39 49 63 128 143 105 102 107 129 164 184 193 190 187 185 182 180 176 173 170 165 162 -9999 -9999 -9999 -9999 -9999 -9999 -9999 -9999 -9999 -9999 -9999 -9999 -9999 -9999 -9999 -9999 -9999 -9999 -9999 -9999 -9999 -9999 -9999 -9999 -9999 -9999 -9999 -9999 -9999 -9999 -9999 -9999 -9999 -9999 -9999 -9999 -9999 -9999 -9999 -9999 -9999 -9999 -9999 -9999 -9999 -9999 -9999 -9999 -9999 -9999 -9999 -9999
-9999 63 63 47 34 27 23 -9999 18 18 19 19 18 18 17 18 19 22 23 29 32 47 90 154 196 143 149 164 193 191 188 183 181 181 180 176 171 169 163 161 159 -9999 -9999 -9999 -9999 -9999 -9999 -9999 -9999 -9999 -9999 -9999 -9999 -9999 -9999 -9999 -9999 -9999 -9999 -9999 -9999 -9999 -9999 -9999 -9999 -9999 -9999 -9999 -9999 -9999 -9999 -9999 -9999 -9999 -9999 -9999 -9999 -9999 -9999 -9999 -9999 -9999 -9999 -9999 -9999 -9999 -9999 -9999 -9999 -9999 -9999 -9999
-9999 57 58 58 37 29 24 21 20 20 20 21 21 21 21 20 20 22 21 21 22 27 31 45 98 158 206 200 194 190 187 183 180 177 174 171 167 161 159 159 157 154 153 -9999 -9999 -9999 -9999 -9999 138 137 135 134 -9999 -9999 -9999 -9999 -9999 -9999 -9999 -9999 -9999 -9999 -9999 -9999 -9999 -9999 -9999 -9999 -9999 -9999 -9999 -9999 -9999 -9999 -9999 -9999 -9999 -9999 -9999 -9999 -9999 -9999 -9999 -9999 -9999 -9999 -9999 -9999 -9999 -9999 -9999 -9999
-9999 54 54 59 53 32 29 26 25 27 28 27 27 26 26 26 24 24 23 22 21 20 19 18 23 32 76 193 198 192 187 182 177 173 169 165 161 157 156 157 155 154 152 150 147 145 -9999 138 139 139 138 137 133 -9999 -9999 -9999 -9999 -9999 -9999 -9999 -9999 -9999 -9999 -9999 -9999 -9999 -9999 -9999 -9999 -9999 -9999 -9999 -9999 -9999 -9999 -9999 -9999 -9999 -9999 -9999 -9999 -9999 -9999 -9999 -9999 -9999 -9999 -9999 -9999 -9999 -9999 -9999
-9999 50 53 57 65 45 39 34 35 34 40 38 39 37 35 34 30 45 35 27 24 22 20 19 17 18 26 42 98 173 187 182 178 174 167 162 157 152 149 150 148 149 148 148 145 143 140 138 138 137 138 140 134 -9999 -9999 -9999 -9999 -9999 -9999 -9999 -9999 -9999 -9999 -9999 -9999 -9999 -9999 -9999 -9999 -9999 -9999 -9999 -9999 -9999 -9999 -9999 -9999 -9999 -9999 -9999 -9999 -9999 -9999 -9999 -9999 -9999 -9999 -9999 -9999 -9999 -9999 -9999
-9999 49 46 54 57 62 54 47 49 53 61 53 46 51 59 43 37 45 67 50 41 32 26 23 19 18 19 23 33 64 109 167 179 174 170 163 155 148 144 143 142 142 144 143 141 140 141 139 137 135 135 134 131 -9999 -9999 -9999 -9999 -9999 -9999 -9999 -9999 -9999 -9999 -9999 -9999 -9999 -9999 -9999 -9999 -9999 -9999 -9999 -9999 -9999 -9999 -9999 -9999 -9999 -9999 -9999 -9999 -9999 -9999 -9999 -9999 -9999 -9999 -9999 -9999 -9999 -9999 -9999
-9999 35 41 53 54 60 66 72 74 79 106 110 86 82 65 50 46 52 59 61 74 54 48 29 25 24 22 23 25 28 35 52 77 114 165 160 155 149 143 140 139 141 140 139 138 140 140 138 135 134 132 130 128 127 -9999 -9999 -9999 -9999 -9999 -9999 -9999 -9999 -9999 -9999 -9999 -9999 -9999 -9999 -9999 -9999 -9999 -9999 -9999 -9999 -9999 -9999 -9999 -9999 -9999 -9999 -9999 -9999 -9999 -9999 -9999 -9999 -9999 -9999 -9999 -9999 -9999 -9999
-9999 27 33 48 57 71 70 80 82 89 105 129 135 118 98 78 64 61 64 61 68 69 68 41 35 29 24 33 45 39 33 32 40 47 68 90 147 144 141 139 138 141 139 136 137 137 136 136 135 132 131 130 127 -9999 -9999 -9999 -9999 -9999 -9999 -9999 -9999 -9999 -9999 -9999 -9999 -9999 -9999 -9999 -9999 -9999 -9999 -9999 -9999 -9999 -9999 -9999 -9999 -9999 -9999 -9999 -9999 -9999 -9999 -9999 -9999 -9999 -9999 -9999 -9999 -9999 -9999 -9999
-9999 29 30 42 54 65 79 81 81 88 99 120 135 141 133 102 108 95 79 74 86 83 86 47 50 47 37 45 75 82 50 29 28 30 35 41 62 87 129 133 135 136 134 132 132 132 133 133 133 132 130 129 127 126 -9999 -9999 -9999 -9999 -9999 -9999 -9999 -9999 -9999 -9999 -9999 -9999 -9999 -9999 -9999 -9999 -9999 -9999 -9999 -9999 -9999 -9999 -9999 -9999 -9999 -9999 -9999 -9999 -9999 -9999 -9999 -9999 -9999 -9999 -9999 -9999 -9999 -9999
-9999 25 27 37 48 61 72 84 92 95 99 110 122 129 129 127 129 135 136 110 132 114 91 70 87 86 60 48 60 80 67 40 29 34 29 31 35 45 59 82 123 128 130 129 130 131 131 129 129 130 129 129 127 125 -9999 -9999 -9999 -9999 -9999 -9999 -9999 -9999 -9999 -9999 -9999 -9999 -9999 -9999 -9999 -9999 -9999 -9999 -9999 -9999 -9999 -9999 -9999 -9999 -9999 -9999 -9999 -9999 -9999 -9999 -9999 -9999 -9999 -9999 -9999 -9999 -9999 -9999
-9999 26 27 34 43 55 65 73 84 94 100 112 125 131 122 124 125 128 132 130 127 131 115 99 106 87 76 81 81 76 61 60 41 49 38 35 34 35 38 53 71 106 121 123 124 126 130 131 128 127 128 128 126 124 123 -9999 -9999 -9999 -9999 -9999 -9999 -9999 -9999 -9999 -9999 -9999 -9999 122 120 -9999 -9999 -9999 -9999 -9999 -9999 -9999 -9999 -9999 -9999 -9999 -9999 -9999 -9999 -9999 -9999 -9999 -9999 -9999 -9999 -9999 -9999 -9999
-9999 24 26 31 39 48 57 65 73 79 88 99 113 127 128 123 124 127 127 123 123 131 128 126 119 113 87 76 79 70 57 49 43 51 46 40 39 36 38 42 54 72 100 116 118 120 122 124 124 124 126 127 125 123 122 120 -9999 -9999 -9999 124 123 123 122 121 121 123 127 126 124 116 115 -9999 -9999 -9999 -9999 -9999 -9999 -9999 -9999 -9999 -9999 -9999 -9999 -9999 -9999 -9999 -9999 -9999 -9999 -9999 -9999 -9999
-9999 23 25 30 34 42 48 56 62 69 77 85 96 113 124 130 129 123 118 119 125 131 127 126 125 128 127 92 79 75 72 72 56 53 57 50 45 41 43 45 51 65 81 111 112 115 117 119 121 123 123 124 123 122 122 122 124 125 123 124 124 125 124 123 123 124 126 128 123 117 115 -9999 -9999 -9999 -9999 -9999 -9999 -9999 -9999 -9999 -9999 -9999 -9999 -9999 -9999 -9999 -9999 -9999 -9999 -9999 -9999 -9999
-9999 21 24 29 33 36 40 47 55 60 64 72 87 103 111 112 118 118 114 117 117 120 120 121 118 118 117 110 100 88 101 91 81 73 72 57 50 50 50 51 59 74 90 106 108 110 112 114 117 120 122 122 121 120 119 120 121 122 121 122 122 122 121 121 122 123 124 124 121 118 -9999 -9999 -9999 -9999 -9999 -9999 -9999 -9999 -9999 -9999 -9999 -9999 -9999 -9999 -9999 -9999 -9999 -9999 -9999 -9999 -9999 -9999
-9999 22 23 27 32 35 37 40 47 56 59 63 72 83 86 86 91 100 105 107 108 110 111 111 111 110 103 101 98 96 98 98 80 69 70 70 63 61 59 63 71 84 96 101 104 105 107 109 113 115 117 118 118 117 117 116 115 116 115 -9999 -9999 -9999 116 117 118 119 121 119 117 -9999 -9999 -9999 -9999 -9999 -9999 -9999 -9999 -9999 -9999 -9999 -9999 -9999 -9999 -9999 -9999 -9999 -9999 -9999 -9999 -9999 -9999 -9999
-9999 22 23 25 28 31 34 36 39 42 45 53 59 63 71 78 78 81 78 77 83 91 95 96 93 88 94 93 90 89 91 90 78 63 59 64 75 84 85 87 89 91 96 98 102 103 104 107 109 112 113 114 114 113 113 112 111 111 111 -9999 -9999 -9999 -9999 -9999 -9999 -9999 -9999 -9999 -9999 -9999 -9999 -9999 -9999 -9999 -9999 -9999 -9999 -9999 -9999 -9999 -9999 -9999 -9999 -9999 -9999 -9999 -9999 -9999 -9999 -9999 -9999 -9999
-9999 23 24 25 26 29 31 33 36 38 41 44 50 55 63 66 66 66 62 61 68 74 79 83 78 74 81 89 88 85 82 79 78 71 66 76 79 86 83 87 91 93 97 99 100 101 103 106 109 111 113 113 113 112 112 111 111 110 109 -9999 109 110 110 112 112 -9999 -9999 -9999 -9999 -9999 -9999 -9999 -9999 -9999 -9999 -9999 -9999 -9999 -9999 -9999 -9999 -9999 -9999 -9999 -9999 -9999 -9999 -9999 -9999 -9999 -9999 -9999
-9999 24 24 25 26 27 30 31 33 35 37 40 43 48 51 54 53 50 45 45 54 62 66 69 70 70 72 78 72 66 65 66 67 70 69 71 74 80 82 87 90 93 98 100 100 101 103 104 107 110 112 112 113 113 112 111 111 110 110 109 110 111 112 112 111 109 108 -9999 -9999 -9999 -9999 -9999 -9999 -9999 -9999 -9999 -9999 -9999 -9999 -9999 -9999 -9999 -9999 -9999 -9999 -9999 -9999 -9999 -9999 -9999 -9999 -9999
-9999 25 25 26 27 27 28 30 32 33 34 35 37 38 40 42 42 42 40 39 40 42 48 51 52 55 56 59 67 65 62 62 62 67 63 63 68 73 77 83 89 92 96 97 97 102 103 104 106 109 110 110 111 111 109 110 109 109 109 110 110 111 112 111 110 108 108 106 105 105 104 105 -9999 106 104 103 103 -9999 -9999 -9999 -9999 -9999 -9999 -9999 -9999 -9999 -9999 -9999 -9999 -9999 -9999 -9999
-9999 25 26 26 27 27 29 30 31 32 33 33 34 34 35 35 36 37 35 35 38 40 41 43 41 41 44 44 55 59 58 59 60 59 56 57 63 74 76 83 88 92 95 98 100 99 102 103 106 107 100 103 109 109 107 105 106 103 107 106 107 108 108 108 107 108 107 107 107 106 107 107 108 108 108 107 107 104 93 80 -9999 -9999 -9999 -9999 -9999 -9999 -9999 -9999 -9999 -9999 -9999 -9999
-9999 27 27 27 28 29 30 31 31 32 32 33 33 34 34 33 34 35 34 33 36 39 40 40 39 36 38 40 41 39 43 50 52 53 56 65 75 79 79 86 94 101 96 96 100 100 99 98 102 104 96 93 97 98 96 93 92 90 90 91 91 94 99 104 104 104 104 104 105 107 110 111 110 110 110 111 111 110 107 98 74 63 -9999 -9999 -9999 -9999 -9999 -9999 -9999 -9999 -9999 -9999
-9999 27 27 28 29 30 31 32 33 33 33 33 33 33 34 33 34 33 34 30 31 35 36 37 37 35 38 38 39 31 38 41 39 50 62 73 81 86 82 85 92 99 94 96 100 102 101 98 95 96 90 89 85 86 89 82 78 77 75 74 77 81 83 85 88 91 90 92 95 96 106 109 109 111 111 111 114 118 113 109 100 63 54 -9999 -9999 -9999 -9999 -9999 -9999 -9999 -9999 -9999
-9999 28 29 29 30 31 31 33 34 33 33 33 34 34 34 34 33 31 30 28 27 27 28 27 28 28 33 28 35 39 46 55 59 61 73 86 82 82 81 81 82 91 98 95 96 100 99 96 93 88 85 81 76 74 72 66 64 67 65 62 63 64 66 70 73 74 76 81 81 79 84 87 90 98 104 108 109 112 116 112 109 78 51 47 -9999 -9999 -9999 -9999 -9999 -9999 -9999 -9999
-9999 29 30 31 32 33 34 35 36 36 35 35 35 37 38 37 35 32 29 26 23 22 22 22 21 22 21 21 25 39 46 54 63 72 78 91 94 90 92 92 86 84 90 96 97 99 99 96 90 84 79 75 70 66 61 57 55 54 54 53 52 53 53 56 59 61 63 65 67 67 69 73 76 81 88 91 96 108 114 115 114 84 53 45 44 -9999 -9999 -9999 -9999 -9999 -9999 -9999
-9999 29 30 31 33 35 36 38 39 39 38 37 37 38 40 40 39 37 31 26 22 19 19 19 19 20 15 20 22 25 34 44 60 72 81 94 96 88 91 96 94 90 88 90 96 98 94 93 87 82 75 72 67 62 56 52 50 49 46 44 44 44 44 45 48 50 52 53 54 58 61 65 68 68 78 82 83 96 111 114 113 101 73 49 43 41 -9999 -9999 -9999 -9999 -9999 -9999
-9999 31 32 33 34 35 36 38 39 40 40 39 38 39 40 40 40 40 38 31 23 20 15 12 13 10 11 13 26 42 31 45 54 64 73 87 94 88 90 98 99 101 103 93 91 93 89 89 84 77 71 67 63 58 52 47 45 44 43 43 42 42 42 43 44 45 46 46 47 51 57 57 52 55 71 67 80 84 94 106 111 112 89 62 49 42 40 37 -9999 -9999 -9999 -9999
-9999 32 33 34 35 36 39 40 40 41 41 41 42 42 41 40 39 38 39 34 26 23 21 14 6 6 7 11 25 45 46 38 51 57 67 85 95 87 84 100 102 103 106 100 87 88 84 83 80 75 69 63 58 53 49 44 43 43 42 41 41 40 40 41 42 43 44 45 47 48 47 47 48 54 61 49 70 69 64 76 82 100 83 69 65 49 40 36 35 -9999 -9999 -9999
-9999 30 32 33 34 36 38 39 41 43 43 45 47 51 46 43 41 39 34 30 25 26 25 23 7 5 7 8 13 34 47 49 56 64 73 90 90 75 69 92 100 102 104 104 83 83 83 77 74 69 64 59 53 49 45 43 42 41 41 40 39 38 38 39 41 42 43 44 44 45 42 44 46 47 47 46 45 47 47 56 57 63 63 63 67 61 44 38 33 30 -9999 -9999
-9999 21 25 30 32 33 34 35 37 38 38 41 42 47 46 44 44 42 40 32 21 21 22 18 7 5 5 6 7 22 28 29 38 42 42 72 53 39 45 68 94 99 101 98 81 78 78 73 67 60 57 53 49 46 44 42 41 40 40 38 37 36 36 38 39 40 39 40 40 39 38 41 43 43 44 44 40 43 44 45 47 51 53 53 55 57 53 41 36 29 28 -9999
-9999 19 19 20 19 19 31 31 11 17 16 28 39 41 42 41 40 33 41 41 24 11 20 22 16 6 5 5 5 6 11 17 27 44 32 30 33 28 35 81 83 94 92 90 79 73 74 70 62 56 51 47 44 43 42 41 40 39 38 37 36 34 35 36 36 34 33 33 34 33 35 36 37 37 39 41 39 36 38 42 44 46 50 49 48 47 46 40 35 29 -9999 -9999
-9999 26 20 18 19 14 5 5 5 5 5 5 6 15 10 7 8 6 6 8 6 6 6 6 5 5 5 5 5 5 5 6 15 26 27 24 24 27 46 102 93 87 86 85 74 69 69 64 59 52 47 44 43 42 41 40 39 38 37 35 34 33 34 32 31 28 28 29 29 29 30 31 31 32 32 34 35 34 39 41 44 45 46 49 45 44 43 36 30 29 -9999 -9999
-9999 34 33 30 33 18 16 6 5 5 4 4 4 5 5 5 5 5 5 5 5 6 6 5 5 5 5 4 4 5 5 5 5 7 7 11 24 25 32 103 111 104 93 87 74 64 62 59 54 48 45 44 43 42 40 40 39 38 36 35 33 31 29 26 26 24 22 23 24 25 27 27 28 28 28 29 30 32 37 40 44 45 46 46 44 44 42 34 29 -9999 -9999 -9999
-9999 37 37 36 36 36 16 6 5 4 4 4 4 4 4 4 5 5 5 5 5 5 5 5 6 5 5 4 4 4 5 5 5 5 5 6 16 22 27 42 93 92 88 67 58 57 54 51 48 46 45 43 -9999 -9999 -9999 -9999 -9999 35 33 32 28 26 25 23 22 21 19 19 21 22 23 24 23 23 22 24 26 29 33 36 43 45 46 50 45 41 36 32 -9999 -9999 -9999 -9999
-9999 39 41 42 41 40 38 22 11 6 6 8 6 4 4 4 4 5 5 5 5 5 6 6 23 25 14 5 4 4 5 5 5 -9999 -9999 -9999 8 16 22 28 39 42 44 49 50 51 49 47 46 45 -9999 -9999 -9999 -9999 -9999 -9999 -9999 28 28 -9999 24 23 22 -9999 -9999 -9999 -9999 -9999 -9999 -9999 21 21 20 20 19 21 23 26 30 34 39 44 43 42 40 39 38 29 -9999 -9999 -9999 -9999
-9999 50 54 53 49 44 45 46 43 42 36 33 25 6 5 4 4 5 5 5 5 5 6 6 11 27 33 10 5 4 5 5 5 -9999 -9999 -9999 11 14 16 21 26 30 35 36 40 46 47 45 44 -9999 -9999 -9999 -9999 -9999 -9999 -9999 -9999 -9999 -9999 -9999 -9999 -9999 -9999 -9999 -9999 -9999 -9999 -9999 -9999 -9999 -9999 -9999 -9999 18 18 -9999 -9999 24 27 33 36 38 39 37 33 32 32 33 -9999 -9999 -9999 -9999
