Humedad_Suelo_ASC/terraclimate_soil_1996.txt
ncols         92
nrows         62
xllcorner     -72.083333333358
yllcorner     17.458333333309
cellsize      0.041666666666657
NODATA_value  -9999
[rows 0 to 39 of 62, columns 0 to 89 of 92]
-9999 -9999 -9999 -9999 -9999 -9999 -9999 -9999 -9999 -9999 -9999 -9999 -9999 -9999 -9999 -9999 -9999 -9999 -9999 -9999 -9999 -9999 -9999 -9999 -9999 -9999 -9999 -9999 -9999 -9999 -9999 -9999 -9999 -9999 -9999 -9999 -9999 -9999 -9999 -9999 -9999 -9999 -9999 -9999 -9999 -9999 -9999 -9999 -9999 -9999 -9999 -9999 -9999 -9999 -9999 -9999 -9999 -9999 -9999 -9999 -9999 -9999 -9999 -9999 -9999 -9999 -9999 -9999 -9999 -9999 -9999 -9999 -9999 -9999 -9999 -9999 -9999 -9999 -9999 -9999 -9999 -9999 -9999 -9999 -9999 -9999 -9999 -9999 -9999 -9999
-9999 -9999 -9999 -9999 -9999 -9999 -9999 -9999 -9999 -9999 -9999 -9999 -9999 -9999 -9999 -9999 -9999 -9999 -9999 -9999 -9999 -9999 -9999 -9999 -9999 -9999 -9999 -9999 -9999 -9999 -9999 -9999 -9999 -9999 -9999 -9999 -9999 -9999 -9999 -9999 -9999 -9999 -9999 -9999 -9999 -9999 -9999 -9999 -9999 -9999 -9999 -9999 -9999 -9999 -9999 -9999 -9999 -9999 -9999 -9999 -9999 -9999 -9999 -9999 -9999 -9999 -9999 -9999 -9999 -9999 -9999 -9999 -9999 -9999 -9999 -9999 -9999 -9999 -9999 -9999 -9999 -9999 -9999 -9999 -9999 -9999 -9999 -9999 -9999 -9999
-9999 -9999 -9999 -9999 -9999 -9999 -9999 -9999 -9999 -9999 -9999 -9999 -9999 -9999 -9999 -9999 -9999 -9999 -9999 -9999 -9999 -9999 -9999 -9999 104 122 138 -9999 -9999 -9999 -9999 -9999 -9999 -9999 -9999 -9999 -9999 -9999 -9999 -9999 -9999 -9999 -9999 -9999 -9999 -9999 -9999 -9999 -9999 -9999 -9999 -9999 -9999 -9999 -9999 -9999 -9999 -9999 -9999 -9999 -9999 -9999 -9999 -9999 -9999 -9999 -9999 -9999 -9999 -9999 -9999 -9999 -9999 -9999 -9999 -9999 -9999 -9999 -9999 -9999 -9999 -9999 -9999 -9999 -9999 -9999 -9999 -9999 -9999 -9999
-9999 -9999 -9999 -9999 -9999 -9999 40 -9999 -9999 -9999 14 12 13 15 14 14 -9999 -9999 -9999 -9999 -9999 -9999 -9999 -9999 105 143 159 165 182 191 191 -9999 -9999 -9999 -9999 -9999 -9999 -9999 -9999 -9999 -9999 -9999 -9999 -9999 -9999 -9999 -9999 -9999 -9999 -9999 -9999 -9999 -9999 -9999 -9999 -9999 -9999 -9999 -9999 -9999 -9999 -9999 -9999 -9999 -9999 -9999 -9999 -9999 -9999 -9999 -9999 -9999 -9999 -9999 -9999 -9999 -9999 -9999 -9999 -9999 -9999 -9999 -9999 -9999 -9999 -9999 -9999 -9999 -9999 -9999
-9999 -9999 -9999 -9999 -9999 -9999 -9999 -9999 -9999 17 17 13 13 15 19 17 19 19 24 27 39 50 67 83 100 126 155 173 197 197 194 191 188 -9999 -9999 -9999 -9999 -9999 -9999 -9999 -9999 -9999 -9999 -9999 -9999 -9999 -9999 -9999 -9999 -9999 -9999 -9999 -9999 -9999 -9999 -9999 -9999 -9999 -9999 -9999 -9999 -9999 -9999 -9999 -9999 -9999 -9999 -9999 -9999 -9999 -9999 -9999 -9999 -9999 -9999 -9999 -9999 -9999 -9999 -9999 -9999 -9999 -9999 -9999 -9999 -9999 -9999 -9999 -9999 -9999
-9999 -9999 -9999 -9999 -9999 -9999 -9999 11 11 12 13 14 13 13 14 20 31 40 42 37 37 54 67 85 100 118 143 169 204 200 197 194 190 187 -9999 -9999 -9999 -9999 -9999 -9999 -9999 -9999 -9999 -9999 -9999 -9999 -9999 -9999 -9999 -9999 -9999 -9999 -9999 -9999 -9999 -9999 -9999 -9999 -9999 -9999 -9999 -9999 -9999 -9999 -9999 -9999 -9999 -9999 -9999 -9999 -9999 -9999 -9999 -9999 -9999 -9999 -9999 -9999 -9999 -9999 -9999 -9999 -9999 -9999 -9999 -9999 -9999 -9999 -9999 -9999
-9999 -9999 -9999 -9999 -9999 -9999 -9999 11 11 10 11 11 12 13 13 14 20 37 42 53 71 138 161 122 124 132 154 183 202 204 200 196 192 188 184 180 177 173 170 169 -9999 -9999 -9999 -9999 -9999 -9999 -9999 -9999 -9999 -9999 -9999 -9999 -9999 -9999 -9999 -9999 -9999 -9999 -9999 -9999 -9999 -9999 -9999 -9999 -9999 -9999 -9999 -9999 -9999 -9999 -9999 -9999 -9999 -9999 -9999 -9999 -9999 -9999 -9999 -9999 -9999 -9999 -9999 -9999 -9999 -9999 -9999 -9999 -9999 -9999
-9999 69 41 28 21 13 10 -9999 9 10 10 11 11 11 12 12 13 15 18 32 39 55 101 177 206 169 172 185 203 204 202 196 194 190 185 181 176 172 169 168 167 -9999 -9999 -9999 -9999 -9999 -9999 -9999 -9999 -9999 -9999 -9999 -9999 -9999 -9999 -9999 -9999 -9999 -9999 -9999 -9999 -9999 -9999 -9999 -9999 -9999 -9999 -9999 -9999 -9999 -9999 -9999 -9999 -9999 -9999 -9999 -9999 -9999 -9999 -9999 -9999 -9999 -9999 -9999 -9999 -9999 -9999 -9999 -9999 -9999
-9999 70 47 36 25 16 13 10 9 9 10 10 11 11 11 11 12 13 14 15 20 30 42 66 117 188 213 208 203 200 199 195 193 191 186 181 176 171 168 167 166 164 163 -9999 -9999 -9999 -9999 -9999 157 156 155 155 -9999 -9999 -9999 -9999 -9999 -9999 -9999 -9999 -9999 -9999 -9999 -9999 -9999 -9999 -9999 -9999 -9999 -9999 -9999 -9999 -9999 -9999 -9999 -9999 -9999 -9999 -9999 -9999 -9999 -9999 -9999 -9999 -9999 -9999 -9999 -9999 -9999 -9999
-9999 67 68 59 39 21 18 15 15 17 18 17 16 12 13 12 12 15 15 15 15 17 18 28 40 57 101 207 206 201 196 192 188 186 182 179 176 170 167 166 165 164 162 161 160 159 -9999 157 156 155 154 154 154 -9999 -9999 -9999 -9999 -9999 -9999 -9999 -9999 -9999 -9999 -9999 -9999 -9999 -9999 -9999 -9999 -9999 -9999 -9999 -9999 -9999 -9999 -9999 -9999 -9999 -9999 -9999 -9999 -9999 -9999 -9999 -9999 -9999 -9999 -9999 -9999 -9999
-9999 61 65 72 81 37 32 25 25 25 29 27 27 26 25 25 22 38 30 24 20 18 18 17 18 29 47 70 124 198 196 191 188 185 179 174 170 166 163 165 164 163 161 160 159 158 157 156 155 154 153 153 153 -9999 -9999 -9999 -9999 -9999 -9999 -9999 -9999 -9999 -9999 -9999 -9999 -9999 -9999 -9999 -9999 -9999 -9999 -9999 -9999 -9999 -9999 -9999 -9999 -9999 -9999 -9999 -9999 -9999 -9999 -9999 -9999 -9999 -9999 -9999 -9999 -9999
-9999 58 58 67 65 62 58 42 42 44 47 42 36 40 45 33 28 38 54 46 37 30 24 19 14 17 27 43 60 91 135 191 190 186 182 175 166 160 156 156 155 156 160 160 157 156 156 155 154 153 153 153 152 -9999 -9999 -9999 -9999 -9999 -9999 -9999 -9999 -9999 -9999 -9999 -9999 -9999 -9999 -9999 -9999 -9999 -9999 -9999 -9999 -9999 -9999 -9999 -9999 -9999 -9999 -9999 -9999 -9999 -9999 -9999 -9999 -9999 -9999 -9999 -9999 -9999
-9999 46 52 63 61 60 64 69 72 68 93 88 64 59 49 40 36 43 49 52 61 51 47 28 22 22 24 32 41 48 66 83 106 152 176 172 167 162 155 152 151 154 155 153 153 156 156 155 154 153 152 152 149 149 -9999 -9999 -9999 -9999 -9999 -9999 -9999 -9999 -9999 -9999 -9999 -9999 -9999 -9999 -9999 -9999 -9999 -9999 -9999 -9999 -9999 -9999 -9999 -9999 -9999 -9999 -9999 -9999 -9999 -9999 -9999 -9999 -9999 -9999 -9999 -9999
-9999 40 47 62 69 81 68 76 77 82 97 120 125 92 74 58 52 51 54 52 57 58 61 40 36 31 28 37 50 49 49 54 66 79 106 137 156 155 154 151 150 154 153 149 151 153 153 154 153 152 151 151 149 -9999 -9999 -9999 -9999 -9999 -9999 -9999 -9999 -9999 -9999 -9999 -9999 -9999 -9999 -9999 -9999 -9999 -9999 -9999 -9999 -9999 -9999 -9999 -9999 -9999 -9999 -9999 -9999 -9999 -9999 -9999 -9999 -9999 -9999 -9999 -9999 -9999
-9999 42 39 49 58 69 80 77 76 81 90 110 124 129 108 80 87 76 64 63 74 73 77 46 50 48 41 49 74 86 63 44 45 52 66 85 113 139 140 145 147 150 147 145 146 147 149 151 152 152 151 150 149 148 -9999 -9999 -9999 -9999 -9999 -9999 -9999 -9999 -9999 -9999 -9999 -9999 -9999 -9999 -9999 -9999 -9999 -9999 -9999 -9999 -9999 -9999 -9999 -9999 -9999 -9999 -9999 -9999 -9999 -9999 -9999 -9999 -9999 -9999 -9999 -9999
-9999 26 27 37 48 61 69 80 85 88 90 100 111 117 115 112 113 118 118 96 115 101 83 63 78 77 58 50 60 81 75 47 40 48 54 66 81 102 128 130 134 140 142 141 142 146 147 145 147 149 149 150 149 146 -9999 -9999 -9999 -9999 -9999 -9999 -9999 -9999 -9999 -9999 -9999 -9999 -9999 -9999 -9999 -9999 -9999 -9999 -9999 -9999 -9999 -9999 -9999 -9999 -9999 -9999 -9999 -9999 -9999 -9999 -9999 -9999 -9999 -9999 -9999 -9999
-9999 26 27 33 39 50 60 67 76 86 91 102 114 118 108 110 110 112 115 112 110 115 105 91 98 79 70 75 77 76 66 68 49 67 57 63 71 81 102 123 126 128 131 134 136 139 145 148 145 145 147 148 147 146 146 -9999 -9999 -9999 -9999 -9999 -9999 -9999 -9999 -9999 -9999 -9999 -9999 148 148 -9999 -9999 -9999 -9999 -9999 -9999 -9999 -9999 -9999 -9999 -9999 -9999 -9999 -9999 -9999 -9999 -9999 -9999 -9999 -9999 -9999
-9999 25 26 30 35 43 50 58 65 70 78 88 101 114 115 110 110 112 111 107 107 115 113 112 115 112 84 74 79 72 60 52 49 68 70 67 76 80 94 113 119 122 123 125 128 132 136 139 139 141 144 146 146 145 144 142 -9999 -9999 -9999 149 148 148 148 148 148 148 148 148 148 147 145 -9999 -9999 -9999 -9999 -9999 -9999 -9999 -9999 -9999 -9999 -9999 -9999 -9999 -9999 -9999 -9999 -9999 -9999 -9999
-9999 24 26 29 33 37 41 48 54 59 67 75 85 100 110 117 115 109 103 103 109 117 113 113 112 116 116 100 85 82 81 82 69 72 84 84 86 84 98 105 111 115 117 119 121 125 129 132 136 139 140 143 142 143 143 144 148 149 147 148 148 148 148 148 148 148 148 147 147 147 146 -9999 -9999 -9999 -9999 -9999 -9999 -9999 -9999 -9999 -9999 -9999 -9999 -9999 -9999 -9999 -9999 -9999 -9999 -9999
-9999 22 24 28 32 35 37 40 46 51 54 61 75 90 98 98 104 104 99 102 102 107 107 108 106 107 108 101 97 96 97 99 100 97 95 90 91 96 95 96 99 109 113 114 117 120 122 126 131 136 139 140 139 140 139 141 144 145 145 147 148 147 147 147 147 147 147 147 147 147 -9999 -9999 -9999 -9999 -9999 -9999 -9999 -9999 -9999 -9999 -9999 -9999 -9999 -9999 -9999 -9999 -9999 -9999 -9999 -9999
-9999 21 22 27 31 34 35 38 42 46 49 53 61 71 74 74 79 87 91 94 96 98 100 101 102 101 95 93 91 90 94 96 90 89 90 89 85 87 90 92 94 100 106 110 112 114 116 120 125 129 132 134 136 135 135 135 135 136 136 -9999 -9999 -9999 141 144 146 147 147 147 147 -9999 -9999 -9999 -9999 -9999 -9999 -9999 -9999 -9999 -9999 -9999 -9999 -9999 -9999 -9999 -9999 -9999 -9999 -9999 -9999 -9999
-9999 21 22 24 27 30 32 34 37 40 42 46 49 53 60 67 67 69 66 65 70 79 84 85 83 80 86 86 84 85 88 89 82 78 77 79 85 88 90 93 97 102 107 108 110 111 113 117 120 125 127 129 130 129 130 128 129 130 131 -9999 -9999 -9999 -9999 -9999 -9999 -9999 -9999 -9999 -9999 -9999 -9999 -9999 -9999 -9999 -9999 -9999 -9999 -9999 -9999 -9999 -9999 -9999 -9999 -9999 -9999 -9999 -9999 -9999 -9999 -9999
-9999 22 23 24 25 28 30 31 33 36 38 42 45 47 53 56 55 55 52 50 56 62 66 72 69 66 73 83 83 82 80 78 79 77 79 81 82 95 93 95 104 105 108 108 108 110 112 116 120 123 126 127 127 127 127 126 128 127 127 -9999 129 132 134 138 138 -9999 -9999 -9999 -9999 -9999 -9999 -9999 -9999 -9999 -9999 -9999 -9999 -9999 -9999 -9999 -9999 -9999 -9999 -9999 -9999 -9999 -9999 -9999 -9999 -9999
-9999 24 23 24 25 26 28 29 31 33 35 38 40 44 45 45 44 43 42 42 44 51 55 59 61 61 64 73 69 64 63 65 67 72 70 74 78 90 95 101 104 105 107 109 109 111 113 114 119 122 125 126 128 127 127 127 127 126 128 128 129 132 135 137 137 135 133 -9999 -9999 -9999 -9999 -9999 -9999 -9999 -9999 -9999 -9999 -9999 -9999 -9999 -9999 -9999 -9999 -9999 -9999 -9999 -9999 -9999 -9999 -9999
-9999 24 24 25 25 26 27 27 29 30 31 32 34 36 37 39 39 39 37 35 37 39 39 42 44 47 48 52 63 63 61 61 62 68 65 65 73 84 92 98 102 103 106 107 108 112 113 115 118 121 122 123 125 125 123 124 125 125 127 128 129 131 134 134 134 131 132 130 129 129 130 131 -9999 135 133 132 131 -9999 -9999 -9999 -9999 -9999 -9999 -9999 -9999 -9999 -9999 -9999 -9999 -9999
-9999 25 25 25 26 26 27 28 29 29 30 30 31 31 32 32 32 33 32 32 35 37 37 37 37 37 38 40 52 56 56 58 61 60 57 58 66 86 90 100 103 105 106 108 110 112 113 114 118 121 120 120 122 122 121 121 121 122 123 122 124 126 128 130 130 131 129 130 131 131 133 135 138 139 138 137 138 135 130 130 -9999 -9999 -9999 -9999 -9999 -9999 -9999 -9999 -9999 -9999
-9999 27 26 27 27 27 28 28 29 29 30 30 30 31 31 30 31 32 31 30 32 36 37 37 36 34 36 38 38 38 41 49 51 53 57 67 82 91 94 101 108 113 109 110 112 114 115 116 118 121 119 117 118 118 117 117 116 115 116 115 116 118 121 123 124 124 125 124 126 130 134 137 140 140 141 143 145 144 138 135 130 129 -9999 -9999 -9999 -9999 -9999 -9999 -9999 -9999
-9999 27 27 28 28 28 29 30 30 30 30 30 30 31 31 31 31 30 30 30 30 32 34 35 35 33 36 36 37 36 38 41 41 50 63 77 93 102 97 97 109 113 111 112 115 117 117 117 118 119 113 114 108 111 115 105 98 97 93 92 99 105 108 112 115 117 117 118 119 121 127 133 134 137 139 140 145 148 148 143 137 130 127 -9999 -9999 -9999 -9999 -9999 -9999 -9999
-9999 28 28 28 29 29 30 30 31 31 30 31 31 32 32 31 31 30 30 30 30 29 30 30 31 31 33 33 35 37 45 54 59 61 74 90 88 91 92 94 92 106 116 115 116 118 118 118 116 112 108 102 94 91 87 78 75 81 77 73 74 75 80 87 93 95 98 107 107 102 110 118 123 128 129 132 135 143 149 147 142 136 126 111 -9999 -9999 -9999 -9999 -9999 -9999
-9999 29 29 30 31 31 32 33 33 33 33 33 33 34 35 34 32 31 30 30 30 30 30 30 29 30 30 32 35 39 44 53 62 70 76 91 97 99 109 112 102 95 105 117 118 120 120 120 114 106 99 94 84 80 71 66 65 63 63 62 61 63 63 66 70 73 75 79 83 83 86 92 99 107 119 125 129 135 146 150 149 140 133 105 92 -9999 -9999 -9999 -9999 -9999
-9999 29 30 30 32 33 34 35 37 37 36 34 35 36 37 38 37 35 32 31 30 30 29 29 29 30 27 32 35 37 40 43 59 70 80 95 99 93 101 114 112 107 104 106 118 122 118 118 109 103 94 90 82 74 66 60 59 57 53 51 51 50 52 54 57 59 61 63 65 70 74 79 84 92 101 109 116 130 140 147 148 145 141 123 97 82 -9999 -9999 -9999 -9999
-9999 30 31 32 33 34 34 35 36 37 37 36 36 37 38 38 38 38 36 33 31 31 28 27 27 26 26 28 37 41 42 45 53 63 72 87 98 95 97 114 115 122 127 109 107 114 110 110 104 95 88 81 76 68 61 55 52 50 47 45 44 44 44 47 48 50 53 53 56 61 68 72 73 76 85 93 105 112 131 137 142 147 145 140 121 88 70 58 -9999 -9999
-9999 31 32 33 33 35 37 37 38 39 39 39 39 40 39 38 36 36 36 34 32 32 31 29 25 25 25 28 39 44 45 46 50 56 66 86 99 92 96 116 118 120 126 119 99 105 101 100 98 93 84 76 69 63 58 52 47 47 44 41 41 40 40 42 44 44 45 48 51 55 59 64 66 71 77 79 91 102 111 121 134 140 143 141 140 113 77 56 44 -9999
-9999 30 31 32 33 34 36 38 39 40 40 41 42 46 42 41 39 37 35 34 33 34 34 33 26 25 26 28 31 44 47 48 56 64 73 92 94 87 92 100 113 116 123 126 93 97 100 91 88 82 76 70 63 58 53 50 46 43 42 40 39 38 38 40 41 42 43 44 47 50 53 59 63 66 70 75 79 85 93 109 123 134 138 140 140 134 97 64 42 33
-9999 26 29 30 31 32 32 33 35 36 36 39 41 43 43 42 42 41 38 36 33 34 35 33 27 25 26 26 28 43 47 48 51 57 62 73 77 74 83 95 102 112 118 114 89 88 92 85 78 71 68 63 58 55 52 47 44 42 40 39 38 37 37 38 39 40 42 43 44 46 52 56 59 63 67 72 74 79 87 102 117 131 132 128 125 126 115 84 59 33
-9999 24 24 26 24 28 30 30 24 31 31 34 37 40 40 39 39 38 39 39 35 30 35 36 33 27 25 27 27 28 33 41 51 58 58 60 65 65 77 101 100 103 101 99 86 81 85 82 73 67 61 56 54 50 46 44 42 40 39 37 36 35 35 36 38 39 40 42 43 46 48 52 58 61 66 69 70 68 73 91 103 113 120 118 111 110 104 80 54 29
-9999 29 26 24 25 23 21 21 19 16 14 14 23 32 31 27 29 22 23 28 26 24 25 25 24 25 25 26 27 28 29 31 40 56 55 55 53 57 89 114 110 98 94 93 80 76 78 74 69 62 56 51 47 46 46 42 40 39 37 36 35 34 34 35 36 38 39 41 42 44 47 51 54 53 53 56 60 61 73 82 98 106 105 109 101 100 94 65 38 29
-9999 33 32 31 31 27 25 21 17 14 11 8 4 4 4 4 4 4 5 10 14 22 22 22 22 24 26 26 26 27 29 29 31 34 36 38 55 56 75 109 121 113 102 96 81 70 69 68 63 56 54 51 49 44 42 41 39 38 37 35 34 34 33 35 36 37 39 40 41 43 46 46 46 44 44 45 47 55 68 77 92 98 101 102 96 94 85 52 33 -9999
-9999 35 36 35 35 34 27 22 19 14 10 5 4 4 4 4 4 4 6 9 12 16 19 22 26 26 26 26 25 27 28 29 30 31 33 36 39 48 56 77 100 100 97 72 63 62 60 58 56 53 50 46 -9999 -9999 -9999 -9999 -9999 38 37 36 35 34 34 35 36 36 37 37 38 38 39 39 37 35 34 36 41 47 56 67 83 96 95 103 95 81 58 41 -9999 -9999
-9999 37 39 40 39 38 36 34 26 20 26 29 21 4 4 4 4 4 8 11 14 17 21 27 41 40 37 28 26 27 28 29 30 -9999 -9999 -9999 38 44 50 55 66 63 58 53 53 55 55 53 48 47 -9999 -9999 -9999 -9999 -9999 -9999 -9999 35 35 -9999 35 33 33 -9999 -9999 -9999 -9999 -9999 -9999 -9999 36 35 33 31 30 33 35 39 47 56 72 85 85 78 72 69 56 31 -9999 -9999
