Humedad_Suelo_ASC/terraclimate_soil_2005.txt
ncols         92
nrows         62
xllcorner     -72.083333333358
yllcorner     17.458333333309
cellsize      0.041666666666657
NODATA_value  -9999
[rows 0 to 39 of 62, columns 0 to 88 of 92]
-9999 -9999 -9999 -9999 -9999 -9999 -9999 -9999 -9999 -9999 -9999 -9999 -9999 -9999 -9999 -9999 -9999 -9999 -9999 -9999 -9999 -9999 -9999 -9999 -9999 -9999 -9999 -9999 -9999 -9999 -9999 -9999 -9999 -9999 -9999 -9999 -9999 -9999 -9999 -9999 -9999 -9999 -9999 -9999 -9999 -9999 -9999 -9999 -9999 -9999 -9999 -9999 -9999 -9999 -9999 -9999 -9999 -9999 -9999 -9999 -9999 -9999 -9999 -9999 -9999 -9999 -9999 -9999 -9999 -9999 -9999 -9999 -9999 -9999 -9999 -9999 -9999 -9999 -9999 -9999 -9999 -9999 -9999 -9999 -9999 -9999 -9999 -9999 -9999
-9999 -9999 -9999 -9999 -9999 -9999 -9999 -9999 -9999 -9999 -9999 -9999 -9999 -9999 -9999 -9999 -9999 -9999 -9999 -9999 -9999 -9999 -9999 -9999 -9999 -9999 -9999 -9999 -9999 -9999 -9999 -9999 -9999 -9999 -9999 -9999 -9999 -9999 -9999 -9999 -9999 -9999 -9999 -9999 -9999 -9999 -9999 -9999 -9999 -9999 -9999 -9999 -9999 -9999 -9999 -9999 -9999 -9999 -9999 -9999 -9999 -9999 -9999 -9999 -9999 -9999 -9999 -9999 -9999 -9999 -9999 -9999 -9999 -9999 -9999 -9999 -9999 -9999 -9999 -9999 -9999 -9999 -9999 -9999 -9999 -9999 -9999 -9999 -9999
-9999 -9999 -9999 -9999 -9999 -9999 -9999 -9999 -9999 -9999 -9999 -9999 -9999 -9999 -9999 -9999 -9999 -9999 -9999 -9999 -9999 -9999 -9999 -9999 119 133 150 -9999 -9999 -9999 -9999 -9999 -9999 -9999 -9999 -9999 -9999 -9999 -9999 -9999 -9999 -9999 -9999 -9999 -9999 -9999 -9999 -9999 -9999 -9999 -9999 -9999 -9999 -9999 -9999 -9999 -9999 -9999 -9999 -9999 -9999 -9999 -9999 -9999 -9999 -9999 -9999 -9999 -9999 -9999 -9999 -9999 -9999 -9999 -9999 -9999 -9999 -9999 -9999 -9999 -9999 -9999 -9999 -9999 -9999 -9999 -9999 -9999 -9999
-9999 -9999 -9999 -9999 -9999 -9999 35 -9999 -9999 -9999 18 17 18 22 23 24 -9999 -9999 -9999 -9999 -9999 -9999 -9999 -9999 120 145 168 182 191 190 188 -9999 -9999 -9999 -9999 -9999 -9999 -9999 -9999 -9999 -9999 -9999 -9999 -9999 -9999 -9999 -9999 -9999 -9999 -9999 -9999 -9999 -9999 -9999 -9999 -9999 -9999 -9999 -9999 -9999 -9999 -9999 -9999 -9999 -9999 -9999 -9999 -9999 -9999 -9999 -9999 -9999 -9999 -9999 -9999 -9999 -9999 -9999 -9999 -9999 -9999 -9999 -9999 -9999 -9999 -9999 -9999 -9999 -9999
-9999 -9999 -9999 -9999 -9999 -9999 -9999 -9999 -9999 19 20 18 19 22 26 26 29 31 36 39 54 66 83 99 116 141 170 188 195 196 193 190 188 -9999 -9999 -9999 -9999 -9999 -9999 -9999 -9999 -9999 -9999 -9999 -9999 -9999 -9999 -9999 -9999 -9999 -9999 -9999 -9999 -9999 -9999 -9999 -9999 -9999 -9999 -9999 -9999 -9999 -9999 -9999 -9999 -9999 -9999 -9999 -9999 -9999 -9999 -9999 -9999 -9999 -9999 -9999 -9999 -9999 -9999 -9999 -9999 -9999 -9999 -9999 -9999 -9999 -9999 -9999 -9999
-9999 -9999 -9999 -9999 -9999 -9999 -9999 16 16 17 18 19 19 20 22 29 35 42 46 48 50 67 82 98 112 129 154 178 199 200 197 194 190 187 -9999 -9999 -9999 -9999 -9999 -9999 -9999 -9999 -9999 -9999 -9999 -9999 -9999 -9999 -9999 -9999 -9999 -9999 -9999 -9999 -9999 -9999 -9999 -9999 -9999 -9999 -9999 -9999 -9999 -9999 -9999 -9999 -9999 -9999 -9999 -9999 -9999 -9999 -9999 -9999 -9999 -9999 -9999 -9999 -9999 -9999 -9999 -9999 -9999 -9999 -9999 -9999 -9999 -9999 -9999
-9999 -9999 -9999 -9999 -9999 -9999 -9999 15 16 17 17 18 19 20 22 24 31 39 44 53 63 83 96 101 110 125 142 169 193 202 200 196 192 188 184 180 177 173 170 169 -9999 -9999 -9999 -9999 -9999 -9999 -9999 -9999 -9999 -9999 -9999 -9999 -9999 -9999 -9999 -9999 -9999 -9999 -9999 -9999 -9999 -9999 -9999 -9999 -9999 -9999 -9999 -9999 -9999 -9999 -9999 -9999 -9999 -9999 -9999 -9999 -9999 -9999 -9999 -9999 -9999 -9999 -9999 -9999 -9999 -9999 -9999 -9999 -9999
-9999 30 19 16 13 13 14 -9999 15 16 17 18 19 20 20 21 21 25 31 38 45 55 75 98 112 117 128 154 172 193 196 188 190 190 185 181 176 172 169 168 167 -9999 -9999 -9999 -9999 -9999 -9999 -9999 -9999 -9999 -9999 -9999 -9999 -9999 -9999 -9999 -9999 -9999 -9999 -9999 -9999 -9999 -9999 -9999 -9999 -9999 -9999 -9999 -9999 -9999 -9999 -9999 -9999 -9999 -9999 -9999 -9999 -9999 -9999 -9999 -9999 -9999 -9999 -9999 -9999 -9999 -9999 -9999 -9999
-9999 25 20 19 13 13 13 14 16 17 18 19 19 20 21 21 21 23 24 25 31 37 47 68 92 115 128 126 147 159 174 179 187 186 183 181 176 170 168 167 166 162 162 -9999 -9999 -9999 -9999 -9999 157 156 155 155 -9999 -9999 -9999 -9999 -9999 -9999 -9999 -9999 -9999 -9999 -9999 -9999 -9999 -9999 -9999 -9999 -9999 -9999 -9999 -9999 -9999 -9999 -9999 -9999 -9999 -9999 -9999 -9999 -9999 -9999 -9999 -9999 -9999 -9999 -9999 -9999 -9999
-9999 25 22 19 13 13 13 14 16 17 18 20 22 22 23 23 23 24 24 24 25 26 32 40 48 64 91 112 119 129 136 142 144 162 171 172 168 165 165 166 163 162 160 158 158 159 -9999 157 156 155 154 154 154 -9999 -9999 -9999 -9999 -9999 -9999 -9999 -9999 -9999 -9999 -9999 -9999 -9999 -9999 -9999 -9999 -9999 -9999 -9999 -9999 -9999 -9999 -9999 -9999 -9999 -9999 -9999 -9999 -9999 -9999 -9999 -9999 -9999 -9999 -9999 -9999
-9999 24 24 19 19 12 13 14 16 17 19 21 22 24 25 25 25 26 26 25 25 26 26 27 34 40 52 70 94 117 124 111 122 139 140 151 158 158 155 158 155 156 155 156 156 158 157 156 155 154 153 153 153 -9999 -9999 -9999 -9999 -9999 -9999 -9999 -9999 -9999 -9999 -9999 -9999 -9999 -9999 -9999 -9999 -9999 -9999 -9999 -9999 -9999 -9999 -9999 -9999 -9999 -9999 -9999 -9999 -9999 -9999 -9999 -9999 -9999 -9999 -9999 -9999
-9999 32 23 22 13 12 13 14 16 18 20 22 23 25 26 26 26 26 27 27 27 27 27 27 28 29 38 47 61 77 94 111 121 130 139 146 125 132 143 149 147 148 151 150 151 156 156 155 154 153 153 153 152 -9999 -9999 -9999 -9999 -9999 -9999 -9999 -9999 -9999 -9999 -9999 -9999 -9999 -9999 -9999 -9999 -9999 -9999 -9999 -9999 -9999 -9999 -9999 -9999 -9999 -9999 -9999 -9999 -9999 -9999 -9999 -9999 -9999 -9999 -9999 -9999
-9999 20 22 25 14 13 14 15 17 19 21 22 24 26 27 27 27 27 27 27 28 28 29 28 28 29 29 36 41 47 60 71 84 97 118 129 127 126 125 130 129 140 146 144 147 156 156 155 154 153 152 152 152 152 -9999 -9999 -9999 -9999 -9999 -9999 -9999 -9999 -9999 -9999 -9999 -9999 -9999 -9999 -9999 -9999 -9999 -9999 -9999 -9999 -9999 -9999 -9999 -9999 -9999 -9999 -9999 -9999 -9999 -9999 -9999 -9999 -9999 -9999 -9999
-9999 13 16 20 19 21 14 16 17 19 21 24 25 26 27 27 27 27 27 27 27 27 28 28 28 28 28 28 34 39 42 46 53 61 73 85 99 115 119 120 126 142 144 138 145 153 155 154 153 152 152 151 151 -9999 -9999 -9999 -9999 -9999 -9999 -9999 -9999 -9999 -9999 -9999 -9999 -9999 -9999 -9999 -9999 -9999 -9999 -9999 -9999 -9999 -9999 -9999 -9999 -9999 -9999 -9999 -9999 -9999 -9999 -9999 -9999 -9999 -9999 -9999 -9999
-9999 15 11 12 14 15 16 16 17 18 20 23 26 27 26 26 26 26 25 25 26 26 26 26 26 27 27 27 33 39 39 36 38 41 47 54 67 78 94 110 121 129 129 122 137 147 153 153 152 152 151 151 151 151 -9999 -9999 -9999 -9999 -9999 -9999 -9999 -9999 -9999 -9999 -9999 -9999 -9999 -9999 -9999 -9999 -9999 -9999 -9999 -9999 -9999 -9999 -9999 -9999 -9999 -9999 -9999 -9999 -9999 -9999 -9999 -9999 -9999 -9999 -9999
-9999 9 10 11 12 15 16 18 19 19 20 22 24 25 25 25 25 25 25 24 25 25 24 24 26 26 26 25 25 33 35 32 29 31 36 39 44 54 62 75 89 106 115 116 130 146 152 152 151 151 151 151 151 150 -9999 -9999 -9999 -9999 -9999 -9999 -9999 -9999 -9999 -9999 -9999 -9999 -9999 -9999 -9999 -9999 -9999 -9999 -9999 -9999 -9999 -9999 -9999 -9999 -9999 -9999 -9999 -9999 -9999 -9999 -9999 -9999 -9999 -9999 -9999
-9999 9 10 12 13 14 16 17 19 20 21 24 28 28 25 24 24 24 25 24 23 24 23 24 25 24 24 24 26 28 28 30 27 31 30 32 34 36 43 55 64 72 83 93 114 139 150 150 150 150 150 150 150 150 150 -9999 -9999 -9999 -9999 -9999 -9999 -9999 -9999 -9999 -9999 -9999 -9999 148 148 -9999 -9999 -9999 -9999 -9999 -9999 -9999 -9999 -9999 -9999 -9999 -9999 -9999 -9999 -9999 -9999 -9999 -9999 -9999 -9999
-9999 10 11 12 13 14 15 17 18 19 20 23 26 30 28 25 25 26 26 24 23 26 23 23 23 24 23 22 22 22 20 20 21 25 27 28 30 33 35 39 46 51 58 69 85 117 141 149 150 150 150 150 150 150 149 149 -9999 -9999 -9999 149 148 148 148 148 148 148 148 148 148 148 148 -9999 -9999 -9999 -9999 -9999 -9999 -9999 -9999 -9999 -9999 -9999 -9999 -9999 -9999 -9999 -9999 -9999 -9999
-9999 10 11 13 14 14 16 16 18 18 19 21 23 27 30 31 29 27 25 25 27 30 26 26 23 24 23 21 20 20 20 22 20 22 23 26 27 30 31 34 36 39 45 52 64 94 131 142 149 149 150 149 149 149 149 149 149 149 148 148 148 148 148 148 148 148 148 147 147 147 147 -9999 -9999 -9999 -9999 -9999 -9999 -9999 -9999 -9999 -9999 -9999 -9999 -9999 -9999 -9999 -9999 -9999 -9999
-9999 10 11 13 14 15 16 16 17 18 18 19 22 26 29 28 29 27 25 27 27 30 26 28 24 23 23 21 20 19 21 24 26 26 25 23 24 27 28 30 32 36 39 46 59 84 117 135 145 149 149 149 149 149 149 148 148 148 148 148 148 147 147 147 147 147 147 147 147 147 -9999 -9999 -9999 -9999 -9999 -9999 -9999 -9999 -9999 -9999 -9999 -9999 -9999 -9999 -9999 -9999 -9999 -9999 -9999
-9999 11 11 13 14 15 15 16 16 17 18 18 19 22 23 22 22 26 26 27 29 31 29 32 30 25 20 20 19 19 23 25 22 23 25 25 24 24 26 28 30 33 36 40 50 67 98 128 138 148 149 149 148 148 148 148 148 148 147 -9999 -9999 -9999 147 147 147 147 147 147 147 -9999 -9999 -9999 -9999 -9999 -9999 -9999 -9999 -9999 -9999 -9999 -9999 -9999 -9999 -9999 -9999 -9999 -9999 -9999 -9999
-9999 11 11 12 13 14 15 15 15 16 16 17 17 18 20 21 20 22 21 20 22 34 39 28 24 18 21 19 18 20 23 23 20 18 20 22 25 27 27 28 32 35 38 40 47 58 84 125 132 142 148 148 148 148 148 148 147 147 147 -9999 -9999 -9999 -9999 -9999 -9999 -9999 -9999 -9999 -9999 -9999 -9999 -9999 -9999 -9999 -9999 -9999 -9999 -9999 -9999 -9999 -9999 -9999 -9999 -9999 -9999 -9999 -9999 -9999 -9999
-9999 12 12 12 13 13 14 14 14 15 15 15 16 17 19 19 19 19 18 18 22 23 34 31 21 16 19 24 22 22 22 21 23 21 23 24 25 31 32 31 35 39 44 45 52 58 80 125 132 141 148 148 148 147 147 147 147 147 147 -9999 146 146 146 146 146 -9999 -9999 -9999 -9999 -9999 -9999 -9999 -9999 -9999 -9999 -9999 -9999 -9999 -9999 -9999 -9999 -9999 -9999 -9999 -9999 -9999 -9999 -9999 -9999
-9999 13 12 12 13 13 14 14 14 14 14 14 15 16 16 17 17 16 15 15 18 21 28 32 29 21 30 24 16 14 14 15 17 21 20 22 25 30 32 36 40 44 50 51 53 63 84 122 131 139 148 147 147 147 147 147 146 146 146 146 146 146 146 146 146 146 146 -9999 -9999 -9999 -9999 -9999 -9999 -9999 -9999 -9999 -9999 -9999 -9999 -9999 -9999 -9999 -9999 -9999 -9999 -9999 -9999 -9999 -9999
-9999 14 13 13 13 13 13 13 14 14 14 14 14 14 14 14 14 14 13 13 13 14 16 22 22 29 30 24 17 16 15 16 16 20 19 20 24 29 32 36 44 45 49 47 49 64 89 119 131 138 143 147 147 147 146 146 146 146 146 146 145 145 145 145 145 145 145 145 145 145 145 145 -9999 145 146 146 146 -9999 -9999 -9999 -9999 -9999 -9999 -9999 -9999 -9999 -9999 -9999 -9999
-9999 14 14 13 13 13 13 13 14 14 13 13 13 13 13 13 13 13 12 12 13 14 14 19 15 13 17 12 18 14 14 14 16 14 13 15 20 30 31 36 43 47 49 50 56 63 90 120 131 139 141 145 146 146 146 145 145 145 144 144 144 144 144 144 144 144 144 145 145 145 145 145 146 146 146 146 146 147 147 147 -9999 -9999 -9999 -9999 -9999 -9999 -9999 -9999 -9999
-9999 14 14 13 13 13 14 14 13 14 13 13 13 13 13 13 13 13 12 12 12 12 12 13 13 12 12 14 12 12 12 13 13 13 14 19 26 30 32 35 49 55 46 46 53 67 91 125 132 138 140 142 145 145 144 144 143 143 142 142 142 141 141 142 142 143 143 144 144 145 145 146 146 147 147 147 147 147 147 148 148 148 -9999 -9999 -9999 -9999 -9999 -9999 -9999
-9999 14 13 13 13 13 13 14 14 14 13 13 13 13 13 13 13 13 13 12 12 12 12 12 12 12 12 12 12 12 12 12 12 13 15 22 29 34 32 33 39 47 41 44 52 71 99 126 131 136 139 140 140 143 143 142 142 141 141 140 139 139 139 140 141 141 142 143 144 145 146 146 147 148 149 149 148 148 148 148 148 148 148 -9999 -9999 -9999 -9999 -9999 -9999
-9999 14 14 13 13 13 13 14 15 14 13 13 13 13 13 13 13 13 13 12 12 12 12 12 12 12 12 12 12 12 14 14 15 15 19 25 24 27 29 31 30 36 43 41 45 69 97 127 131 134 137 139 137 138 139 140 139 139 139 134 131 132 136 138 139 140 141 142 144 143 146 147 148 149 150 150 149 149 149 149 149 149 148 148 -9999 -9999 -9999 -9999 -9999
-9999 13 14 13 14 15 15 15 15 14 13 13 13 14 14 13 13 13 13 13 13 12 12 12 12 12 12 12 12 13 14 15 18 27 36 38 29 28 35 38 33 30 34 41 47 69 101 129 131 131 134 136 137 135 134 129 128 126 124 122 118 121 119 123 128 131 133 134 136 136 137 143 143 148 151 151 151 150 150 150 149 149 149 148 148 -9999 -9999 -9999 -9999
-9999 12 13 14 15 16 16 17 19 18 15 14 14 14 14 14 14 13 13 13 12 12 12 12 12 12 12 12 13 13 14 15 20 29 34 36 26 22 29 36 36 34 34 34 47 68 88 130 132 133 133 133 135 133 129 122 120 118 111 108 106 104 106 109 111 114 116 117 120 126 131 137 138 140 148 151 152 151 151 150 150 150 149 149 148 148 -9999 -9999 -9999
-9999 13 14 15 16 16 16 17 17 17 16 14 14 14 14 15 14 14 13 13 13 13 13 12 12 12 13 13 13 14 14 16 16 19 22 43 21 21 25 34 35 41 45 35 45 66 79 130 132 131 132 131 131 130 122 116 111 108 102 100 97 96 97 100 100 102 105 106 109 113 124 128 127 130 138 144 149 152 152 151 151 150 149 149 148 148 147 147 -9999
-9999 14 15 16 16 18 24 25 24 22 20 17 16 16 15 14 14 14 14 13 13 13 13 13 13 13 13 13 14 15 16 16 16 17 19 28 24 20 22 35 36 37 43 47 49 78 93 128 130 132 131 129 128 123 119 113 106 104 100 93 88 88 88 91 94 93 93 97 101 105 111 116 116 122 129 131 145 148 152 152 151 150 150 149 149 148 147 147 147
-9999 11 14 14 15 16 16 18 22 24 20 20 22 26 20 16 15 14 13 13 13 13 13 13 13 13 13 13 14 15 16 17 17 18 21 36 22 20 21 25 32 37 45 54 50 86 126 125 128 127 127 127 121 117 113 110 106 102 98 92 86 85 83 84 86 84 87 89 93 97 100 107 112 115 119 127 134 140 147 152 152 151 150 149 149 148 147 147 147
-9999 11 12 12 12 13 13 13 13 13 13 14 15 18 17 16 17 16 14 14 13 13 13 13 13 13 13 14 14 15 16 16 17 18 18 19 19 20 20 22 27 37 49 54 57 92 126 126 126 123 122 119 116 115 112 109 105 100 95 87 82 77 77 78 79 80 83 84 85 90 98 102 106 111 114 122 128 132 142 152 152 151 151 150 149 148 147 147 147
-9999 12 12 12 12 12 12 12 12 13 13 13 13 14 14 14 14 14 14 14 13 13 13 13 13 13 14 14 14 15 15 16 17 19 19 19 20 20 21 28 28 35 40 49 60 83 123 126 123 119 114 111 112 110 106 104 103 97 93 84 79 73 72 72 73 74 75 79 81 88 92 97 104 107 114 120 127 132 140 148 151 152 151 150 149 148 147 147 147
-9999 12 12 12 12 12 12 12 13 13 13 13 13 13 13 13 13 13 13 13 13 13 13 13 14 14 14 14 14 15 15 16 17 19 19 20 20 21 24 38 37 37 41 53 65 86 114 116 117 113 109 106 103 105 108 104 100 94 88 80 74 70 70 69 70 72 72 74 77 81 88 95 99 104 109 116 122 129 140 148 153 152 151 150 149 148 147 147 147
-9999 13 12 12 12 12 13 13 13 13 13 13 13 13 13 13 13 14 14 14 14 14 14 14 14 14 14 14 15 15 15 15 16 16 17 17 21 21 22 47 64 64 60 66 70 86 101 106 107 105 106 105 105 101 103 104 99 91 83 78 73 69 67 68 67 65 70 72 75 77 85 90 95 100 104 110 117 127 139 147 153 152 151 150 149 148 147 147 143
-9999 23 16 14 14 13 13 13 13 13 13 13 14 14 14 14 14 14 14 14 14 14 14 14 14 14 14 14 15 15 15 15 15 16 16 17 18 20 20 27 53 61 70 53 60 84 90 93 96 99 101 98 -9999 -9999 -9999 -9999 -9999 87 80 77 73 67 64 65 64 61 67 68 69 77 82 87 89 94 98 104 115 124 132 139 149 152 151 150 149 148 147 142 -9999
-9999 26 29 30 22 16 14 13 13 13 14 14 14 14 14 14 14 14 14 14 14 14 14 14 14 15 14 14 15 15 15 15 15 -9999 -9999 -9999 17 17 18 20 30 33 34 36 49 76 82 85 83 87 -9999 -9999 -9999 -9999 -9999 -9999 -9999 67 64 -9999 65 59 55 -9999 -9999 -9999 -9999 -9999 -9999 -9999 78 82 75 70 70 89 111 117 125 133 145 151 151 150 149 148 144 133 -9999
