Humedad_Suelo_ASC/terraclimate_soil_1966.txt
ncols         92
nrows         62
xllcorner     -72.083333333358
yllcorner     17.458333333309
cellsize      0.041666666666657
NODATA_value  -9999
[rows 0 to 39 of 62, columns 0 to 88 of 92]
-9999 -9999 -9999 -9999 -9999 -9999 -9999 -9999 -9999 -9999 -9999 -9999 -9999 -9999 -9999 -9999 -9999 -9999 -9999 -9999 -9999 -9999 -9999 -9999 -9999 -9999 -9999 -9999 -9999 -9999 -9999 -9999 -9999 -9999 -9999 -9999 -9999 -9999 -9999 -9999 -9999 -9999 -9999 -9999 -9999 -9999 -9999 -9999 -9999 -9999 -9999 -9999 -9999 -9999 -9999 -9999 -9999 -9999 -9999 -9999 -9999 -9999 -9999 -9999 -9999 -9999 -9999 -9999 -9999 -9999 -9999 -9999 -9999 -9999 -9999 -9999 -9999 -9999 -9999 -9999 -9999 -9999 -9999 -9999 -9999 -9999 -9999 -9999 -9999
-9999 -9999 -9999 -9999 -9999 -9999 -9999 -9999 -9999 -9999 -9999 -9999 -9999 -9999 -9999 -9999 -9999 -9999 -9999 -9999 -9999 -9999 -9999 -9999 -9999 -9999 -9999 -9999 -9999 -9999 -9999 -9999 -9999 -9999 -9999 -9999 -9999 -9999 -9999 -9999 -9999 -9999 -9999 -9999 -9999 -9999 -9999 -9999 -9999 -9999 -9999 -9999 -9999 -9999 -9999 -9999 -9999 -9999 -9999 -9999 -9999 -9999 -9999 -9999 -9999 -9999 -9999 -9999 -9999 -9999 -9999 -9999 -9999 -9999 -9999 -9999 -9999 -9999 -9999 -9999 -9999 -9999 -9999 -9999 -9999 -9999 -9999 -9999 -9999
-9999 -9999 -9999 -9999 -9999 -9999 -9999 -9999 -9999 -9999 -9999 -9999 -9999 -9999 -9999 -9999 -9999 -9999 -9999 -9999 -9999 -9999 -9999 -9999 194 195 195 -9999 -9999 -9999 -9999 -9999 -9999 -9999 -9999 -9999 -9999 -9999 -9999 -9999 -9999 -9999 -9999 -9999 -9999 -9999 -9999 -9999 -9999 -9999 -9999 -9999 -9999 -9999 -9999 -9999 -9999 -9999 -9999 -9999 -9999 -9999 -9999 -9999 -9999 -9999 -9999 -9999 -9999 -9999 -9999 -9999 -9999 -9999 -9999 -9999 -9999 -9999 -9999 -9999 -9999 -9999 -9999 -9999 -9999 -9999 -9999 -9999 -9999
-9999 -9999 -9999 -9999 -9999 -9999 151 -9999 -9999 -9999 105 90 92 99 94 90 -9999 -9999 -9999 -9999 -9999 -9999 -9999 -9999 200 201 200 198 196 193 191 -9999 -9999 -9999 -9999 -9999 -9999 -9999 -9999 -9999 -9999 -9999 -9999 -9999 -9999 -9999 -9999 -9999 -9999 -9999 -9999 -9999 -9999 -9999 -9999 -9999 -9999 -9999 -9999 -9999 -9999 -9999 -9999 -9999 -9999 -9999 -9999 -9999 -9999 -9999 -9999 -9999 -9999 -9999 -9999 -9999 -9999 -9999 -9999 -9999 -9999 -9999 -9999 -9999 -9999 -9999 -9999 -9999 -9999
-9999 -9999 -9999 -9999 -9999 -9999 -9999 -9999 -9999 102 106 97 88 99 113 107 110 108 119 126 173 201 203 204 205 206 205 203 200 197 194 191 188 -9999 -9999 -9999 -9999 -9999 -9999 -9999 -9999 -9999 -9999 -9999 -9999 -9999 -9999 -9999 -9999 -9999 -9999 -9999 -9999 -9999 -9999 -9999 -9999 -9999 -9999 -9999 -9999 -9999 -9999 -9999 -9999 -9999 -9999 -9999 -9999 -9999 -9999 -9999 -9999 -9999 -9999 -9999 -9999 -9999 -9999 -9999 -9999 -9999 -9999 -9999 -9999 -9999 -9999 -9999 -9999
-9999 -9999 -9999 -9999 -9999 -9999 -9999 93 88 87 87 87 84 85 96 112 131 154 163 163 170 207 208 209 210 212 211 207 204 200 197 194 190 187 -9999 -9999 -9999 -9999 -9999 -9999 -9999 -9999 -9999 -9999 -9999 -9999 -9999 -9999 -9999 -9999 -9999 -9999 -9999 -9999 -9999 -9999 -9999 -9999 -9999 -9999 -9999 -9999 -9999 -9999 -9999 -9999 -9999 -9999 -9999 -9999 -9999 -9999 -9999 -9999 -9999 -9999 -9999 -9999 -9999 -9999 -9999 -9999 -9999 -9999 -9999 -9999 -9999 -9999 -9999
-9999 -9999 -9999 -9999 -9999 -9999 -9999 83 73 65 63 56 60 72 83 90 109 142 159 181 211 212 213 215 216 217 216 212 208 204 200 196 192 188 184 180 177 173 170 169 -9999 -9999 -9999 -9999 -9999 -9999 -9999 -9999 -9999 -9999 -9999 -9999 -9999 -9999 -9999 -9999 -9999 -9999 -9999 -9999 -9999 -9999 -9999 -9999 -9999 -9999 -9999 -9999 -9999 -9999 -9999 -9999 -9999 -9999 -9999 -9999 -9999 -9999 -9999 -9999 -9999 -9999 -9999 -9999 -9999 -9999 -9999 -9999 -9999
-9999 103 107 116 125 91 67 -9999 43 45 43 39 37 40 42 47 60 87 104 126 148 181 219 220 221 222 221 216 212 207 203 198 194 190 185 181 176 172 169 168 167 -9999 -9999 -9999 -9999 -9999 -9999 -9999 -9999 -9999 -9999 -9999 -9999 -9999 -9999 -9999 -9999 -9999 -9999 -9999 -9999 -9999 -9999 -9999 -9999 -9999 -9999 -9999 -9999 -9999 -9999 -9999 -9999 -9999 -9999 -9999 -9999 -9999 -9999 -9999 -9999 -9999 -9999 -9999 -9999 -9999 -9999 -9999 -9999
-9999 96 101 111 120 94 60 39 30 29 30 33 35 35 36 34 38 54 64 78 95 120 152 200 227 228 226 221 216 211 206 201 196 191 186 181 176 171 168 167 166 164 163 -9999 -9999 -9999 -9999 -9999 157 156 155 155 -9999 -9999 -9999 -9999 -9999 -9999 -9999 -9999 -9999 -9999 -9999 -9999 -9999 -9999 -9999 -9999 -9999 -9999 -9999 -9999 -9999 -9999 -9999 -9999 -9999 -9999 -9999 -9999 -9999 -9999 -9999 -9999 -9999 -9999 -9999 -9999 -9999
-9999 90 94 105 116 75 54 38 29 29 30 34 38 38 40 41 37 40 43 48 57 72 92 113 142 184 231 225 220 214 209 203 198 192 187 181 176 170 167 166 165 164 162 161 160 159 -9999 157 156 155 154 154 154 -9999 -9999 -9999 -9999 -9999 -9999 -9999 -9999 -9999 -9999 -9999 -9999 -9999 -9999 -9999 -9999 -9999 -9999 -9999 -9999 -9999 -9999 -9999 -9999 -9999 -9999 -9999 -9999 -9999 -9999 -9999 -9999 -9999 -9999 -9999 -9999
-9999 84 88 100 112 78 58 37 32 31 38 41 46 49 50 49 43 65 53 46 45 47 58 68 88 111 153 200 224 218 212 206 200 194 187 181 175 169 166 165 164 163 161 160 159 158 157 156 155 154 153 153 153 -9999 -9999 -9999 -9999 -9999 -9999 -9999 -9999 -9999 -9999 -9999 -9999 -9999 -9999 -9999 -9999 -9999 -9999 -9999 -9999 -9999 -9999 -9999 -9999 -9999 -9999 -9999 -9999 -9999 -9999 -9999 -9999 -9999 -9999 -9999 -9999
-9999 77 82 95 106 77 53 39 33 36 47 50 51 63 71 57 51 63 85 73 63 53 49 50 54 71 100 135 177 218 215 208 201 195 188 182 175 168 165 164 163 162 161 160 158 157 156 155 154 153 153 153 152 -9999 -9999 -9999 -9999 -9999 -9999 -9999 -9999 -9999 -9999 -9999 -9999 -9999 -9999 -9999 -9999 -9999 -9999 -9999 -9999 -9999 -9999 -9999 -9999 -9999 -9999 -9999 -9999 -9999 -9999 -9999 -9999 -9999 -9999 -9999 -9999
-9999 71 76 90 100 96 71 54 46 47 76 82 72 77 72 64 58 67 74 79 95 81 76 51 48 59 73 98 121 146 178 208 203 196 189 182 175 168 164 163 162 161 160 159 158 157 156 155 154 153 152 152 152 152 -9999 -9999 -9999 -9999 -9999 -9999 -9999 -9999 -9999 -9999 -9999 -9999 -9999 -9999 -9999 -9999 -9999 -9999 -9999 -9999 -9999 -9999 -9999 -9999 -9999 -9999 -9999 -9999 -9999 -9999 -9999 -9999 -9999 -9999 -9999
-9999 69 74 88 102 116 118 126 80 67 99 153 127 97 86 73 66 66 69 69 78 82 88 60 57 57 61 85 117 125 135 150 176 187 186 179 172 165 161 160 160 159 158 157 156 155 155 154 153 152 152 151 151 -9999 -9999 -9999 -9999 -9999 -9999 -9999 -9999 -9999 -9999 -9999 -9999 -9999 -9999 -9999 -9999 -9999 -9999 -9999 -9999 -9999 -9999 -9999 -9999 -9999 -9999 -9999 -9999 -9999 -9999 -9999 -9999 -9999 -9999 -9999 -9999
-9999 72 74 88 100 113 127 130 113 98 102 152 172 149 103 81 89 81 72 72 85 88 96 57 66 70 66 85 128 146 131 117 124 140 162 168 167 161 158 157 156 156 155 155 154 154 153 153 152 152 151 151 151 151 -9999 -9999 -9999 -9999 -9999 -9999 -9999 -9999 -9999 -9999 -9999 -9999 -9999 -9999 -9999 -9999 -9999 -9999 -9999 -9999 -9999 -9999 -9999 -9999 -9999 -9999 -9999 -9999 -9999 -9999 -9999 -9999 -9999 -9999 -9999
-9999 62 64 80 93 109 120 131 140 143 143 152 161 145 117 104 104 122 116 94 114 105 91 73 95 100 78 71 95 126 126 103 96 108 123 141 154 153 152 154 153 153 153 153 152 152 152 152 151 151 151 151 151 150 -9999 -9999 -9999 -9999 -9999 -9999 -9999 -9999 -9999 -9999 -9999 -9999 -9999 -9999 -9999 -9999 -9999 -9999 -9999 -9999 -9999 -9999 -9999 -9999 -9999 -9999 -9999 -9999 -9999 -9999 -9999 -9999 -9999 -9999 -9999
-9999 60 62 73 81 94 109 117 128 141 145 158 169 174 132 134 131 137 144 130 111 117 101 93 106 92 85 97 104 106 100 107 93 110 107 119 132 144 144 146 150 150 150 150 150 150 150 150 150 150 150 150 150 150 150 -9999 -9999 -9999 -9999 -9999 -9999 -9999 -9999 -9999 -9999 -9999 -9999 148 148 -9999 -9999 -9999 -9999 -9999 -9999 -9999 -9999 -9999 -9999 -9999 -9999 -9999 -9999 -9999 -9999 -9999 -9999 -9999 -9999
-9999 46 53 61 74 84 95 106 114 121 129 139 153 168 171 164 164 167 164 140 133 152 125 116 108 109 88 80 89 85 78 75 76 95 101 106 118 129 139 140 142 146 146 148 148 149 149 149 150 150 150 150 150 150 149 149 -9999 -9999 -9999 149 148 148 148 148 148 148 148 148 148 148 148 -9999 -9999 -9999 -9999 -9999 -9999 -9999 -9999 -9999 -9999 -9999 -9999 -9999 -9999 -9999 -9999 -9999 -9999
-9999 39 46 55 66 74 83 92 99 106 114 124 134 150 160 169 169 162 155 155 162 168 164 162 140 153 125 88 77 77 78 84 77 82 96 105 111 125 136 135 135 138 140 142 144 147 148 148 149 149 150 149 149 149 149 149 149 149 148 148 148 148 148 148 148 148 148 147 147 147 147 -9999 -9999 -9999 -9999 -9999 -9999 -9999 -9999 -9999 -9999 -9999 -9999 -9999 -9999 -9999 -9999 -9999 -9999
-9999 31 38 48 58 66 71 78 89 94 98 106 121 138 143 145 154 155 149 151 151 154 153 155 153 154 153 103 90 84 93 94 93 95 100 97 106 124 129 131 129 132 134 136 139 142 145 147 148 149 149 149 149 149 149 148 148 148 148 148 148 147 147 147 147 147 147 147 147 147 -9999 -9999 -9999 -9999 -9999 -9999 -9999 -9999 -9999 -9999 -9999 -9999 -9999 -9999 -9999 -9999 -9999 -9999 -9999
-9999 29 31 41 51 58 59 66 77 86 90 94 103 114 117 117 122 131 136 139 141 141 142 142 144 143 124 113 104 100 110 104 85 86 96 104 104 116 128 129 126 126 128 131 133 135 137 141 147 148 149 149 148 148 148 148 148 148 147 -9999 -9999 -9999 147 147 147 147 147 147 147 -9999 -9999 -9999 -9999 -9999 -9999 -9999 -9999 -9999 -9999 -9999 -9999 -9999 -9999 -9999 -9999 -9999 -9999 -9999 -9999
-9999 28 30 33 38 44 50 52 60 69 73 81 88 91 99 107 107 108 104 103 107 116 122 123 123 121 127 126 111 120 116 97 81 74 78 90 112 122 126 127 125 124 128 128 130 131 133 137 140 146 148 148 148 148 148 148 147 147 147 -9999 -9999 -9999 -9999 -9999 -9999 -9999 -9999 -9999 -9999 -9999 -9999 -9999 -9999 -9999 -9999 -9999 -9999 -9999 -9999 -9999 -9999 -9999 -9999 -9999 -9999 -9999 -9999 -9999 -9999
-9999 29 30 32 35 37 40 44 46 52 57 69 77 82 89 93 91 91 87 85 90 96 99 106 104 102 110 117 118 117 116 88 83 81 87 98 113 117 117 123 126 124 128 128 127 129 132 136 139 143 146 147 147 147 147 146 147 146 146 -9999 146 146 146 146 146 -9999 -9999 -9999 -9999 -9999 -9999 -9999 -9999 -9999 -9999 -9999 -9999 -9999 -9999 -9999 -9999 -9999 -9999 -9999 -9999 -9999 -9999 -9999 -9999
-9999 32 31 33 34 36 38 39 41 43 47 56 64 73 76 78 76 74 69 68 76 83 86 89 92 92 94 107 104 81 64 64 68 84 89 93 107 111 116 122 124 125 128 130 128 131 132 133 137 141 145 146 147 147 146 145 145 144 146 146 146 146 146 146 146 146 146 -9999 -9999 -9999 -9999 -9999 -9999 -9999 -9999 -9999 -9999 -9999 -9999 -9999 -9999 -9999 -9999 -9999 -9999 -9999 -9999 -9999 -9999
-9999 33 33 34 35 36 37 38 39 40 41 42 43 43 50 61 61 63 55 41 57 63 67 70 71 73 75 82 96 96 95 96 97 100 94 78 100 105 111 118 122 123 126 126 127 132 132 134 136 139 140 141 144 143 140 141 141 141 143 144 145 145 145 145 145 145 145 145 145 145 145 145 -9999 145 146 145 143 -9999 -9999 -9999 -9999 -9999 -9999 -9999 -9999 -9999 -9999 -9999 -9999
-9999 34 34 35 36 36 37 38 39 40 40 40 36 33 34 31 34 38 30 30 53 60 61 62 61 62 65 69 82 89 89 92 93 94 63 61 86 107 111 118 122 125 125 127 130 130 131 132 136 139 137 137 139 139 137 137 137 137 138 137 139 142 144 144 144 144 144 145 145 145 145 145 146 146 146 146 146 146 141 140 -9999 -9999 -9999 -9999 -9999 -9999 -9999 -9999 -9999
-9999 34 35 36 37 37 38 39 39 39 40 37 32 29 28 27 28 29 26 22 27 54 61 62 57 35 56 63 66 35 71 79 74 58 62 100 107 111 115 120 127 133 128 129 131 132 132 133 136 138 135 133 134 134 132 132 130 129 129 128 129 132 135 138 140 139 139 138 139 144 145 146 146 147 147 147 147 147 147 145 140 137 -9999 -9999 -9999 -9999 -9999 -9999 -9999
-9999 35 36 37 37 38 39 40 40 40 40 37 30 28 26 25 27 25 25 20 20 25 30 33 36 23 51 39 37 19 23 30 27 61 99 109 116 119 119 121 126 131 128 129 132 134 134 134 135 135 134 131 128 129 130 127 123 123 122 120 121 123 125 127 128 130 130 130 131 132 138 144 146 148 149 149 148 148 148 148 146 139 134 -9999 -9999 -9999 -9999 -9999 -9999
-9999 36 36 37 38 39 40 40 41 41 41 37 31 29 28 26 24 21 19 17 16 16 17 16 18 18 22 18 24 28 73 83 89 91 106 117 119 121 121 122 121 127 132 131 133 135 135 134 133 132 131 129 125 122 120 118 117 118 116 113 111 112 114 118 119 119 121 123 124 122 126 131 133 137 139 142 145 149 149 149 149 144 136 132 -9999 -9999 -9999 -9999 -9999
-9999 37 37 38 39 39 41 43 44 43 42 42 38 37 40 33 28 23 18 16 15 15 15 15 14 15 14 15 17 28 71 79 88 95 100 118 124 125 128 129 127 126 130 134 135 136 135 135 133 129 128 126 123 119 116 112 110 109 107 106 102 105 105 108 110 112 113 115 116 117 118 122 123 127 131 134 138 144 150 150 149 149 141 134 130 -9999 -9999 -9999 -9999
-9999 37 38 38 39 42 46 52 55 53 48 44 44 44 50 52 44 33 23 16 15 15 14 14 14 14 14 15 16 19 26 42 83 94 104 121 128 127 129 134 133 132 131 132 136 137 134 136 133 130 126 123 121 117 113 107 105 104 100 97 97 96 98 99 103 104 105 107 110 113 115 118 119 122 128 130 132 138 149 150 150 150 149 139 132 130 -9999 -9999 -9999
-9999 38 38 39 42 43 45 48 52 54 54 49 47 45 50 52 52 51 38 23 16 15 14 14 14 14 14 15 20 33 27 58 79 88 98 113 130 108 122 139 138 138 140 135 133 134 131 134 132 127 124 120 117 113 109 101 97 94 91 89 87 88 89 92 94 97 101 102 105 107 112 114 114 116 122 125 129 132 139 145 151 150 149 145 140 134 132 128 -9999
-9999 38 39 41 41 46 54 58 58 59 59 58 58 58 54 47 40 35 37 26 17 16 16 14 14 14 14 15 21 47 43 34 44 75 94 113 132 108 108 142 141 139 141 139 132 133 131 131 130 128 123 118 114 110 105 97 92 91 88 83 80 80 81 85 88 89 89 94 99 104 107 110 112 116 119 120 126 128 131 135 141 147 149 147 145 141 136 132 130
-9999 28 39 40 41 43 50 59 64 65 66 67 68 71 66 60 54 36 27 22 17 17 17 16 14 14 15 15 16 31 49 46 77 92 101 120 127 89 94 121 142 141 141 142 133 133 132 127 126 122 119 116 111 105 99 95 90 88 86 81 77 76 75 78 81 80 83 86 91 91 81 92 97 100 108 113 123 125 127 131 136 140 144 145 144 144 140 134 128
-9999 14 19 24 28 41 40 42 38 41 32 59 62 70 70 67 65 60 39 26 16 16 17 16 15 14 15 15 16 20 28 29 39 43 44 83 67 48 62 97 129 143 142 141 132 131 130 127 123 119 114 111 105 101 98 93 89 85 82 75 72 67 67 70 72 74 69 69 67 66 66 77 81 82 87 99 99 114 126 130 132 137 138 141 141 140 139 136 132
-9999 13 13 14 14 14 23 23 13 15 15 20 32 45 44 42 30 27 34 36 17 15 16 17 16 15 15 15 16 16 18 20 30 46 37 37 41 36 46 109 112 136 141 139 128 125 130 126 121 115 108 102 101 96 91 88 86 81 76 70 65 61 60 62 57 51 47 49 48 48 53 58 62 66 74 83 90 94 114 128 129 134 137 138 137 136 137 136 130
-9999 20 14 13 14 13 13 13 13 13 13 14 14 15 15 14 15 14 14 15 15 15 15 15 15 15 15 15 16 17 17 18 21 31 32 31 31 34 67 134 126 115 130 135 122 118 123 120 116 108 102 97 92 91 92 86 81 76 70 63 59 56 52 46 42 40 39 39 40 40 44 45 48 51 56 64 73 82 111 128 130 133 135 135 135 136 136 131 118
-9999 41 25 23 25 14 14 13 13 13 14 14 14 14 14 14 14 14 14 15 15 15 15 15 15 15 15 15 16 16 16 16 18 20 21 22 32 33 44 144 155 150 142 136 122 112 113 113 109 100 99 95 94 88 87 83 77 71 65 60 50 44 39 37 34 30 28 29 32 34 38 39 40 40 41 44 51 71 101 124 130 134 134 135 135 134 133 126 106
-9999 46 48 44 43 34 14 14 14 14 14 14 14 14 14 15 15 15 15 15 15 15 15 15 15 15 15 15 15 15 16 16 16 17 18 19 23 28 32 58 131 133 134 98 97 100 101 101 99 97 94 88 -9999 -9999 -9999 -9999 -9999 63 53 47 39 37 34 31 28 24 23 23 25 26 28 30 30 29 29 34 39 56 76 100 128 131 133 134 134 131 125 107 -9999
-9999 53 59 60 58 52 35 16 14 14 15 15 15 15 15 15 15 15 15 15 15 15 15 16 19 22 18 16 16 16 16 16 16 -9999 -9999 -9999 21 24 27 33 49 51 51 56 70 87 90 90 85 84 -9999 -9999 -9999 -9999 -9999 -9999 -9999 41 39 -9999 35 31 30 -9999 -9999 -9999 -9999 -9999 -9999 -9999 24 24 23 21 21 25 31 39 64 82 113 130 131 128 127 125 119 85 -9999
