Humedad_Suelo_ASC/terraclimate_soil_1962.txt
ncols         92
nrows         62
xllcorner     -72.083333333358
yllcorner     17.458333333309
cellsize      0.041666666666657
NODATA_value  -9999
[rows 0 to 39 of 62, columns 0 to 89 of 92]
-9999 -9999 -9999 -9999 -9999 -9999 -9999 -9999 -9999 -9999 -9999 -9999 -9999 -9999 -9999 -9999 -9999 -9999 -9999 -9999 -9999 -9999 -9999 -9999 -9999 -9999 -9999 -9999 -9999 -9999 -9999 -9999 -9999 -9999 -9999 -9999 -9999 -9999 -9999 -9999 -9999 -9999 -9999 -9999 -9999 -9999 -9999 -9999 -9999 -9999 -9999 -9999 -9999 -9999 -9999 -9999 -9999 -9999 -9999 -9999 -9999 -9999 -9999 -9999 -9999 -9999 -9999 -9999 -9999 -9999 -9999 -9999 -9999 -9999 -9999 -9999 -9999 -9999 -9999 -9999 -9999 -9999 -9999 -9999 -9999 -9999 -9999 -9999 -9999 -9999
-9999 -9999 -9999 -9999 -9999 -9999 -9999 -9999 -9999 -9999 -9999 -9999 -9999 -9999 -9999 -9999 -9999 -9999 -9999 -9999 -9999 -9999 -9999 -9999 -9999 -9999 -9999 -9999 -9999 -9999 -9999 -9999 -9999 -9999 -9999 -9999 -9999 -9999 -9999 -9999 -9999 -9999 -9999 -9999 -9999 -9999 -9999 -9999 -9999 -9999 -9999 -9999 -9999 -9999 -9999 -9999 -9999 -9999 -9999 -9999 -9999 -9999 -9999 -9999 -9999 -9999 -9999 -9999 -9999 -9999 -9999 -9999 -9999 -9999 -9999 -9999 -9999 -9999 -9999 -9999 -9999 -9999 -9999 -9999 -9999 -9999 -9999 -9999 -9999 -9999
-9999 -9999 -9999 -9999 -9999 -9999 -9999 -9999 -9999 -9999 -9999 -9999 -9999 -9999 -9999 -9999 -9999 -9999 -9999 -9999 -9999 -9999 -9999 -9999 194 195 195 -9999 -9999 -9999 -9999 -9999 -9999 -9999 -9999 -9999 -9999 -9999 -9999 -9999 -9999 -9999 -9999 -9999 -9999 -9999 -9999 -9999 -9999 -9999 -9999 -9999 -9999 -9999 -9999 -9999 -9999 -9999 -9999 -9999 -9999 -9999 -9999 -9999 -9999 -9999 -9999 -9999 -9999 -9999 -9999 -9999 -9999 -9999 -9999 -9999 -9999 -9999 -9999 -9999 -9999 -9999 -9999 -9999 -9999 -9999 -9999 -9999 -9999 -9999
-9999 -9999 -9999 -9999 -9999 -9999 151 -9999 -9999 -9999 98 85 87 92 88 82 -9999 -9999 -9999 -9999 -9999 -9999 -9999 -9999 200 201 200 198 196 193 191 -9999 -9999 -9999 -9999 -9999 -9999 -9999 -9999 -9999 -9999 -9999 -9999 -9999 -9999 -9999 -9999 -9999 -9999 -9999 -9999 -9999 -9999 -9999 -9999 -9999 -9999 -9999 -9999 -9999 -9999 -9999 -9999 -9999 -9999 -9999 -9999 -9999 -9999 -9999 -9999 -9999 -9999 -9999 -9999 -9999 -9999 -9999 -9999 -9999 -9999 -9999 -9999 -9999 -9999 -9999 -9999 -9999 -9999 -9999
-9999 -9999 -9999 -9999 -9999 -9999 -9999 -9999 -9999 97 99 89 81 90 101 95 98 97 108 115 159 188 203 204 205 206 205 203 200 197 194 191 188 -9999 -9999 -9999 -9999 -9999 -9999 -9999 -9999 -9999 -9999 -9999 -9999 -9999 -9999 -9999 -9999 -9999 -9999 -9999 -9999 -9999 -9999 -9999 -9999 -9999 -9999 -9999 -9999 -9999 -9999 -9999 -9999 -9999 -9999 -9999 -9999 -9999 -9999 -9999 -9999 -9999 -9999 -9999 -9999 -9999 -9999 -9999 -9999 -9999 -9999 -9999 -9999 -9999 -9999 -9999 -9999 -9999
-9999 -9999 -9999 -9999 -9999 -9999 -9999 86 83 83 82 81 76 75 84 98 116 137 147 146 153 194 208 209 210 212 211 207 204 200 197 194 190 187 -9999 -9999 -9999 -9999 -9999 -9999 -9999 -9999 -9999 -9999 -9999 -9999 -9999 -9999 -9999 -9999 -9999 -9999 -9999 -9999 -9999 -9999 -9999 -9999 -9999 -9999 -9999 -9999 -9999 -9999 -9999 -9999 -9999 -9999 -9999 -9999 -9999 -9999 -9999 -9999 -9999 -9999 -9999 -9999 -9999 -9999 -9999 -9999 -9999 -9999 -9999 -9999 -9999 -9999 -9999 -9999
-9999 -9999 -9999 -9999 -9999 -9999 -9999 79 68 58 54 47 51 62 71 77 93 124 139 163 197 212 213 215 216 217 216 212 208 204 200 196 192 188 184 180 177 173 170 169 -9999 -9999 -9999 -9999 -9999 -9999 -9999 -9999 -9999 -9999 -9999 -9999 -9999 -9999 -9999 -9999 -9999 -9999 -9999 -9999 -9999 -9999 -9999 -9999 -9999 -9999 -9999 -9999 -9999 -9999 -9999 -9999 -9999 -9999 -9999 -9999 -9999 -9999 -9999 -9999 -9999 -9999 -9999 -9999 -9999 -9999 -9999 -9999 -9999 -9999
-9999 103 107 116 118 84 60 -9999 37 36 33 28 24 28 29 33 44 69 85 105 128 161 219 220 221 222 221 216 212 207 203 198 194 190 185 181 176 172 169 168 167 -9999 -9999 -9999 -9999 -9999 -9999 -9999 -9999 -9999 -9999 -9999 -9999 -9999 -9999 -9999 -9999 -9999 -9999 -9999 -9999 -9999 -9999 -9999 -9999 -9999 -9999 -9999 -9999 -9999 -9999 -9999 -9999 -9999 -9999 -9999 -9999 -9999 -9999 -9999 -9999 -9999 -9999 -9999 -9999 -9999 -9999 -9999 -9999 -9999
-9999 96 101 111 115 90 53 26 17 13 13 12 13 12 15 13 20 34 43 56 72 94 126 176 227 228 226 221 216 211 206 201 196 191 186 181 176 171 168 167 166 164 163 -9999 -9999 -9999 -9999 -9999 157 156 155 155 -9999 -9999 -9999 -9999 -9999 -9999 -9999 -9999 -9999 -9999 -9999 -9999 -9999 -9999 -9999 -9999 -9999 -9999 -9999 -9999 -9999 -9999 -9999 -9999 -9999 -9999 -9999 -9999 -9999 -9999 -9999 -9999 -9999 -9999 -9999 -9999 -9999 -9999
-9999 90 94 105 110 89 59 29 16 13 13 13 13 12 13 15 12 16 21 27 35 47 65 84 112 154 230 225 220 214 209 203 198 192 187 181 176 170 167 166 165 164 162 161 160 159 -9999 157 156 155 154 154 154 -9999 -9999 -9999 -9999 -9999 -9999 -9999 -9999 -9999 -9999 -9999 -9999 -9999 -9999 -9999 -9999 -9999 -9999 -9999 -9999 -9999 -9999 -9999 -9999 -9999 -9999 -9999 -9999 -9999 -9999 -9999 -9999 -9999 -9999 -9999 -9999 -9999
-9999 84 88 100 109 109 82 46 37 31 35 28 25 21 17 17 15 38 22 20 21 23 34 41 57 77 119 167 221 218 212 206 200 194 187 181 175 169 166 165 164 163 161 160 159 158 157 156 155 154 153 153 153 -9999 -9999 -9999 -9999 -9999 -9999 -9999 -9999 -9999 -9999 -9999 -9999 -9999 -9999 -9999 -9999 -9999 -9999 -9999 -9999 -9999 -9999 -9999 -9999 -9999 -9999 -9999 -9999 -9999 -9999 -9999 -9999 -9999 -9999 -9999 -9999 -9999
-9999 77 82 95 99 106 100 63 52 51 55 47 38 40 46 30 20 37 67 48 36 24 22 24 29 41 65 100 143 204 215 208 201 195 188 182 175 168 165 164 163 162 161 160 158 157 156 155 154 153 153 153 152 -9999 -9999 -9999 -9999 -9999 -9999 -9999 -9999 -9999 -9999 -9999 -9999 -9999 -9999 -9999 -9999 -9999 -9999 -9999 -9999 -9999 -9999 -9999 -9999 -9999 -9999 -9999 -9999 -9999 -9999 -9999 -9999 -9999 -9999 -9999 -9999 -9999
-9999 71 76 90 94 102 112 116 88 79 109 107 72 64 49 38 34 44 53 60 80 60 52 21 20 30 40 61 87 114 149 187 198 196 189 182 175 168 164 163 162 161 160 159 158 157 156 155 154 153 152 152 152 152 -9999 -9999 -9999 -9999 -9999 -9999 -9999 -9999 -9999 -9999 -9999 -9999 -9999 -9999 -9999 -9999 -9999 -9999 -9999 -9999 -9999 -9999 -9999 -9999 -9999 -9999 -9999 -9999 -9999 -9999 -9999 -9999 -9999 -9999 -9999 -9999
-9999 64 72 88 98 112 113 125 131 120 150 178 171 110 81 58 49 49 55 54 66 71 78 40 35 29 31 58 101 106 110 124 149 172 179 178 172 165 161 160 160 159 158 157 156 155 155 154 153 152 152 151 151 -9999 -9999 -9999 -9999 -9999 -9999 -9999 -9999 -9999 -9999 -9999 -9999 -9999 -9999 -9999 -9999 -9999 -9999 -9999 -9999 -9999 -9999 -9999 -9999 -9999 -9999 -9999 -9999 -9999 -9999 -9999 -9999 -9999 -9999 -9999 -9999 -9999
-9999 65 68 83 96 109 123 126 130 134 142 167 182 185 121 84 93 77 67 67 83 89 99 48 58 60 49 75 139 163 126 96 100 115 139 161 160 159 158 157 156 156 155 155 154 154 153 153 152 152 151 151 151 151 -9999 -9999 -9999 -9999 -9999 -9999 -9999 -9999 -9999 -9999 -9999 -9999 -9999 -9999 -9999 -9999 -9999 -9999 -9999 -9999 -9999 -9999 -9999 -9999 -9999 -9999 -9999 -9999 -9999 -9999 -9999 -9999 -9999 -9999 -9999 -9999
-9999 57 61 77 91 106 117 128 137 143 144 154 165 171 155 128 126 153 141 106 140 125 102 80 107 113 84 73 104 148 141 95 80 95 104 124 145 145 145 147 153 153 153 153 152 152 152 152 151 151 151 151 151 150 -9999 -9999 -9999 -9999 -9999 -9999 -9999 -9999 -9999 -9999 -9999 -9999 -9999 -9999 -9999 -9999 -9999 -9999 -9999 -9999 -9999 -9999 -9999 -9999 -9999 -9999 -9999 -9999 -9999 -9999 -9999 -9999 -9999 -9999 -9999 -9999
-9999 56 61 73 84 97 110 120 130 142 146 159 170 174 159 162 162 166 171 167 139 149 128 114 135 113 106 121 129 131 117 122 91 115 102 111 122 136 137 138 142 145 149 150 150 150 150 150 150 150 150 150 150 150 150 -9999 -9999 -9999 -9999 -9999 -9999 -9999 -9999 -9999 -9999 -9999 -9999 148 148 -9999 -9999 -9999 -9999 -9999 -9999 -9999 -9999 -9999 -9999 -9999 -9999 -9999 -9999 -9999 -9999 -9999 -9999 -9999 -9999 -9999
-9999 47 55 62 76 86 97 108 116 121 129 140 153 169 171 163 163 166 165 159 158 168 165 157 146 145 115 107 116 113 97 86 83 108 109 109 119 129 132 133 135 138 138 140 145 149 149 149 150 150 150 150 150 150 149 149 -9999 -9999 -9999 149 148 148 148 148 148 148 148 148 148 148 146 -9999 -9999 -9999 -9999 -9999 -9999 -9999 -9999 -9999 -9999 -9999 -9999 -9999 -9999 -9999 -9999 -9999 -9999 -9999
-9999 39 47 56 67 75 83 93 100 105 114 123 133 150 160 170 170 161 154 154 161 167 162 160 160 164 164 122 108 107 110 114 99 102 116 119 123 132 129 128 128 130 132 134 136 141 145 148 149 149 150 149 149 149 149 149 149 149 148 148 148 148 148 148 148 148 148 147 147 147 146 -9999 -9999 -9999 -9999 -9999 -9999 -9999 -9999 -9999 -9999 -9999 -9999 -9999 -9999 -9999 -9999 -9999 -9999 -9999
-9999 30 37 48 58 66 71 78 89 93 96 104 120 138 144 145 155 155 149 151 150 154 153 154 151 152 152 143 129 120 130 131 131 128 131 122 128 132 128 124 123 125 127 128 131 134 137 141 146 149 149 149 149 149 149 148 148 148 148 148 148 147 147 147 147 147 147 147 147 147 -9999 -9999 -9999 -9999 -9999 -9999 -9999 -9999 -9999 -9999 -9999 -9999 -9999 -9999 -9999 -9999 -9999 -9999 -9999 -9999
-9999 28 30 40 51 57 56 64 77 85 89 92 102 113 117 116 121 131 136 140 141 141 142 142 144 143 139 136 134 133 132 134 124 123 125 124 120 125 125 123 120 120 122 124 126 128 130 133 139 144 147 149 148 148 148 148 147 148 147 -9999 -9999 -9999 147 147 147 147 147 147 147 -9999 -9999 -9999 -9999 -9999 -9999 -9999 -9999 -9999 -9999 -9999 -9999 -9999 -9999 -9999 -9999 -9999 -9999 -9999 -9999 -9999
-9999 27 28 32 35 38 44 45 53 63 66 76 84 87 98 107 106 108 104 102 107 116 122 124 122 120 126 126 125 123 125 126 121 114 117 116 118 118 122 123 121 119 122 123 124 125 126 130 133 139 141 143 144 142 143 141 140 141 141 -9999 -9999 -9999 -9999 -9999 -9999 -9999 -9999 -9999 -9999 -9999 -9999 -9999 -9999 -9999 -9999 -9999 -9999 -9999 -9999 -9999 -9999 -9999 -9999 -9999 -9999 -9999 -9999 -9999 -9999 -9999
-9999 28 28 31 34 36 38 40 42 45 50 63 74 79 88 93 91 91 86 84 90 96 99 107 104 101 109 118 118 117 116 114 115 116 115 113 112 115 114 119 122 120 123 123 122 124 126 130 134 137 140 141 140 141 140 138 139 138 137 -9999 138 140 142 145 145 -9999 -9999 -9999 -9999 -9999 -9999 -9999 -9999 -9999 -9999 -9999 -9999 -9999 -9999 -9999 -9999 -9999 -9999 -9999 -9999 -9999 -9999 -9999 -9999 -9999
-9999 32 30 31 33 35 36 38 39 41 43 49 59 72 75 78 76 73 66 66 76 83 86 90 92 93 94 107 105 102 102 101 105 106 105 106 106 110 115 119 121 122 124 126 124 126 127 129 133 136 140 140 142 141 140 139 138 137 138 137 138 140 143 145 144 141 137 -9999 -9999 -9999 -9999 -9999 -9999 -9999 -9999 -9999 -9999 -9999 -9999 -9999 -9999 -9999 -9999 -9999 -9999 -9999 -9999 -9999 -9999 -9999
-9999 32 31 32 33 34 35 36 38 39 39 40 42 43 48 60 59 63 52 45 56 63 67 70 72 74 76 82 97 96 95 96 97 100 99 99 102 105 110 116 120 121 124 124 124 129 128 130 132 135 136 136 139 138 135 136 136 135 137 137 138 140 142 142 141 137 137 133 132 132 133 133 -9999 135 133 131 130 -9999 -9999 -9999 -9999 -9999 -9999 -9999 -9999 -9999 -9999 -9999 -9999 -9999
-9999 33 33 33 34 35 36 36 37 38 38 38 39 39 40 40 41 42 40 40 52 60 61 62 61 62 65 68 82 89 88 91 94 94 94 93 99 107 111 118 122 123 123 125 128 128 128 129 133 136 134 134 135 135 133 133 132 132 132 131 132 135 136 138 137 137 134 134 135 135 136 137 139 140 139 137 137 133 128 128 -9999 -9999 -9999 -9999 -9999 -9999 -9999 -9999 -9999 -9999
-9999 34 34 35 35 36 36 37 37 38 38 38 38 38 38 38 39 40 39 38 41 55 60 62 57 47 54 63 66 62 71 82 84 87 93 101 108 112 116 121 127 133 127 128 129 130 131 131 134 135 133 131 131 131 129 128 126 125 125 123 123 126 129 130 131 130 130 128 129 133 137 140 142 142 142 144 145 143 137 132 127 125 -9999 -9999 -9999 -9999 -9999 -9999 -9999 -9999
-9999 34 35 36 36 37 37 38 39 39 38 38 38 38 38 37 38 38 38 36 37 40 41 45 46 39 50 50 51 36 40 54 45 80 98 110 117 121 120 123 127 132 128 129 132 134 133 133 134 134 132 129 126 126 127 124 120 119 118 115 116 118 119 120 121 123 122 122 122 124 129 135 136 138 140 141 145 148 146 141 134 127 123 -9999 -9999 -9999 -9999 -9999 -9999 -9999
-9999 35 36 36 37 38 38 39 40 39 39 38 38 39 39 38 37 37 34 31 30 31 32 32 34 34 38 35 39 45 73 83 89 91 106 119 121 123 123 124 122 129 133 132 133 135 135 134 133 132 131 128 123 121 118 116 114 115 113 109 107 107 109 113 114 113 114 116 117 115 119 122 124 129 130 132 135 142 149 146 139 132 126 122 -9999 -9999 -9999 -9999 -9999 -9999
-9999 36 37 37 38 39 40 42 43 42 41 40 40 41 42 41 39 37 33 30 30 29 29 29 28 29 28 29 31 43 69 79 88 96 101 119 127 128 131 131 130 127 132 136 136 137 137 136 134 130 128 126 123 118 114 111 109 107 104 103 99 101 100 103 105 107 107 109 109 110 111 115 116 120 123 125 129 134 145 149 148 137 130 124 120 -9999 -9999 -9999 -9999 -9999
-9999 37 37 38 39 43 48 55 59 56 48 42 42 43 44 47 44 41 38 31 29 28 28 28 28 28 27 29 30 33 41 62 84 95 106 123 131 130 132 137 136 135 134 134 138 139 136 138 135 131 127 123 121 116 112 105 103 101 95 92 91 89 90 92 94 97 99 100 102 107 108 111 113 115 120 122 124 129 139 146 146 142 137 129 123 121 -9999 -9999 -9999 -9999
-9999 37 38 39 43 44 45 48 52 55 54 46 43 44 45 48 47 47 43 39 31 29 28 27 27 27 27 28 34 50 40 63 77 89 99 114 132 134 137 142 141 141 143 138 136 136 133 137 134 129 126 122 118 113 107 97 91 89 84 82 80 81 81 83 84 87 90 90 93 98 106 105 96 101 115 118 121 123 130 135 140 145 141 135 131 125 118 106 -9999 -9999
-9999 38 39 41 41 48 58 61 61 61 61 59 56 55 49 44 43 43 43 41 34 32 30 29 27 27 27 28 35 64 65 50 70 78 92 115 134 128 137 145 145 142 145 143 135 136 134 134 133 130 125 119 115 111 101 91 84 83 80 74 72 71 70 74 77 76 77 81 85 88 80 77 76 86 98 86 118 120 122 126 131 138 139 137 135 132 127 105 93 -9999
-9999 37 39 39 40 42 51 62 68 69 70 70 71 74 67 58 48 43 41 40 35 36 35 33 28 26 28 29 30 47 66 68 77 88 101 122 128 119 130 142 145 144 144 145 135 136 135 130 129 125 121 118 111 103 95 88 81 78 76 71 66 64 63 65 68 66 69 73 72 69 60 65 66 66 68 69 74 90 105 122 127 131 135 136 135 135 131 115 90 76
-9999 33 36 38 38 39 40 41 43 47 45 58 61 72 71 67 64 56 44 42 32 32 34 31 29 27 28 29 30 37 43 44 55 62 65 99 92 65 85 133 144 146 146 144 135 134 134 130 127 122 117 110 103 98 92 84 79 75 71 64 61 56 55 58 60 61 62 57 55 53 54 57 56 55 56 60 62 70 84 110 124 128 130 133 133 132 131 129 112 76
-9999 29 30 33 32 32 37 38 26 31 31 41 44 53 54 50 46 45 48 47 37 31 33 35 32 29 27 29 30 31 33 36 45 67 49 47 50 47 61 137 138 144 144 142 128 126 133 130 124 115 107 99 96 90 84 79 76 71 67 60 55 51 50 52 54 52 45 45 45 46 47 48 49 48 49 53 58 62 73 94 114 126 130 130 129 128 130 129 104 72
-9999 36 33 29 31 28 23 23 21 20 18 19 23 31 30 29 30 23 24 30 29 27 28 28 27 27 28 29 30 31 33 34 37 46 45 42 42 44 81 150 147 134 130 132 118 116 124 120 115 107 99 92 87 85 84 77 71 67 61 54 50 47 47 47 49 43 41 42 42 43 44 45 45 45 45 47 52 57 73 90 110 126 128 128 128 130 130 114 83 72
-9999 40 39 38 39 31 30 24 20 19 17 15 13 11 10 10 12 15 17 20 22 26 26 27 27 28 29 29 30 31 32 33 35 36 37 39 43 45 53 142 159 151 139 133 116 105 108 108 104 95 96 92 90 81 77 74 69 63 56 52 48 45 44 45 41 38 37 37 38 39 42 42 43 42 43 44 46 53 69 85 101 118 127 128 129 128 127 93 75 -9999
-9999 46 45 42 42 42 31 26 22 19 17 14 11 8 8 8 11 15 18 20 22 24 25 27 30 30 30 30 30 31 32 33 33 35 36 38 38 42 47 74 131 133 131 101 90 93 93 93 91 89 87 81 -9999 -9999 -9999 -9999 -9999 57 53 51 47 44 43 42 39 35 34 34 35 36 38 39 38 37 37 40 43 49 58 71 93 115 121 128 128 118 96 77 -9999 -9999
-9999 54 61 62 59 48 43 40 30 23 28 31 23 9 9 11 13 17 20 22 24 25 28 32 43 45 37 32 31 32 32 33 34 -9999 -9999 -9999 38 41 44 48 67 72 74 74 76 81 84 82 78 77 -9999 -9999 -9999 -9999 -9999 -9999 -9999 43 42 -9999 43 41 41 -9999 -9999 -9999 -9999 -9999 -9999 -9999 36 36 35 33 34 37 40 43 53 64 84 103 112 107 102 99 85 61 -9999 -9999
