Humedad_Suelo_ASC/terraclimate_soil_1967.txt
ncols         92
nrows         62
xllcorner     -72.083333333358
yllcorner     17.458333333309
cellsize      0.041666666666657
NODATA_value  -9999
[rows 0 to 39 of 62, columns 0 to 90 of 92]
-9999 -9999 -9999 -9999 -9999 -9999 -9999 -9999 -9999 -9999 -9999 -9999 -9999 -9999 -9999 -9999 -9999 -9999 -9999 -9999 -9999 -9999 -9999 -9999 -9999 -9999 -9999 -9999 -9999 -9999 -9999 -9999 -9999 -9999 -9999 -9999 -9999 -9999 -9999 -9999 -9999 -9999 -9999 -9999 -9999 -9999 -9999 -9999 -9999 -9999 -9999 -9999 -9999 -9999 -9999 -9999 -9999 -9999 -9999 -9999 -9999 -9999 -9999 -9999 -9999 -9999 -9999 -9999 -9999 -9999 -9999 -9999 -9999 -9999 -9999 -9999 -9999 -9999 -9999 -9999 -9999 -9999 -9999 -9999 -9999 -9999 -9999 -9999 -9999 -9999 -9999
-9999 -9999 -9999 -9999 -9999 -9999 -9999 -9999 -9999 -9999 -9999 -9999 -9999 -9999 -9999 -9999 -9999 -9999 -9999 -9999 -9999 -9999 -9999 -9999 -9999 -9999 -9999 -9999 -9999 -9999 -9999 -9999 -9999 -9999 -9999 -9999 -9999 -9999 -9999 -9999 -9999 -9999 -9999 -9999 -9999 -9999 -9999 -9999 -9999 -9999 -9999 -9999 -9999 -9999 -9999 -9999 -9999 -9999 -9999 -9999 -9999 -9999 -9999 -9999 -9999 -9999 -9999 -9999 -9999 -9999 -9999 -9999 -9999 -9999 -9999 -9999 -9999 -9999 -9999 -9999 -9999 -9999 -9999 -9999 -9999 -9999 -9999 -9999 -9999 -9999 -9999
-9999 -9999 -9999 -9999 -9999 -9999 -9999 -9999 -9999 -9999 -9999 -9999 -9999 -9999 -9999 -9999 -9999 -9999 -9999 -9999 -9999 -9999 -9999 -9999 185 191 193 -9999 -9999 -9999 -9999 -9999 -9999 -9999 -9999 -9999 -9999 -9999 -9999 -9999 -9999 -9999 -9999 -9999 -9999 -9999 -9999 -9999 -9999 -9999 -9999 -9999 -9999 -9999 -9999 -9999 -9999 -9999 -9999 -9999 -9999 -9999 -9999 -9999 -9999 -9999 -9999 -9999 -9999 -9999 -9999 -9999 -9999 -9999 -9999 -9999 -9999 -9999 -9999 -9999 -9999 -9999 -9999 -9999 -9999 -9999 -9999 -9999 -9999 -9999 -9999
-9999 -9999 -9999 -9999 -9999 -9999 122 -9999 -9999 -9999 126 129 134 141 144 136 -9999 -9999 -9999 -9999 -9999 -9999 -9999 -9999 190 197 200 198 196 193 191 -9999 -9999 -9999 -9999 -9999 -9999 -9999 -9999 -9999 -9999 -9999 -9999 -9999 -9999 -9999 -9999 -9999 -9999 -9999 -9999 -9999 -9999 -9999 -9999 -9999 -9999 -9999 -9999 -9999 -9999 -9999 -9999 -9999 -9999 -9999 -9999 -9999 -9999 -9999 -9999 -9999 -9999 -9999 -9999 -9999 -9999 -9999 -9999 -9999 -9999 -9999 -9999 -9999 -9999 -9999 -9999 -9999 -9999 -9999 -9999
-9999 -9999 -9999 -9999 -9999 -9999 -9999 -9999 -9999 122 130 133 136 145 153 152 155 149 158 160 168 172 177 185 192 200 205 203 200 197 194 191 188 -9999 -9999 -9999 -9999 -9999 -9999 -9999 -9999 -9999 -9999 -9999 -9999 -9999 -9999 -9999 -9999 -9999 -9999 -9999 -9999 -9999 -9999 -9999 -9999 -9999 -9999 -9999 -9999 -9999 -9999 -9999 -9999 -9999 -9999 -9999 -9999 -9999 -9999 -9999 -9999 -9999 -9999 -9999 -9999 -9999 -9999 -9999 -9999 -9999 -9999 -9999 -9999 -9999 -9999 -9999 -9999 -9999 -9999
-9999 -9999 -9999 -9999 -9999 -9999 -9999 105 111 118 127 134 138 137 147 159 165 169 170 172 173 178 182 187 193 201 206 207 204 200 197 194 190 187 -9999 -9999 -9999 -9999 -9999 -9999 -9999 -9999 -9999 -9999 -9999 -9999 -9999 -9999 -9999 -9999 -9999 -9999 -9999 -9999 -9999 -9999 -9999 -9999 -9999 -9999 -9999 -9999 -9999 -9999 -9999 -9999 -9999 -9999 -9999 -9999 -9999 -9999 -9999 -9999 -9999 -9999 -9999 -9999 -9999 -9999 -9999 -9999 -9999 -9999 -9999 -9999 -9999 -9999 -9999 -9999 -9999
-9999 -9999 -9999 -9999 -9999 -9999 -9999 100 107 112 121 110 112 121 130 136 149 173 176 178 184 192 197 196 200 205 208 211 208 204 200 196 192 188 184 180 177 173 170 169 -9999 -9999 -9999 -9999 -9999 -9999 -9999 -9999 -9999 -9999 -9999 -9999 -9999 -9999 -9999 -9999 -9999 -9999 -9999 -9999 -9999 -9999 -9999 -9999 -9999 -9999 -9999 -9999 -9999 -9999 -9999 -9999 -9999 -9999 -9999 -9999 -9999 -9999 -9999 -9999 -9999 -9999 -9999 -9999 -9999 -9999 -9999 -9999 -9999 -9999 -9999
-9999 74 74 77 77 80 84 -9999 98 103 99 94 89 92 91 97 109 130 144 163 180 185 194 205 211 211 213 212 212 207 203 198 194 190 185 181 176 172 169 168 167 -9999 -9999 -9999 -9999 -9999 -9999 -9999 -9999 -9999 -9999 -9999 -9999 -9999 -9999 -9999 -9999 -9999 -9999 -9999 -9999 -9999 -9999 -9999 -9999 -9999 -9999 -9999 -9999 -9999 -9999 -9999 -9999 -9999 -9999 -9999 -9999 -9999 -9999 -9999 -9999 -9999 -9999 -9999 -9999 -9999 -9999 -9999 -9999 -9999 -9999
-9999 68 70 75 75 78 82 86 78 75 75 78 79 80 81 79 84 99 109 121 133 154 183 194 204 216 221 216 212 211 206 201 196 191 186 181 176 171 168 167 166 164 163 -9999 -9999 -9999 -9999 -9999 157 156 155 155 -9999 -9999 -9999 -9999 -9999 -9999 -9999 -9999 -9999 -9999 -9999 -9999 -9999 -9999 -9999 -9999 -9999 -9999 -9999 -9999 -9999 -9999 -9999 -9999 -9999 -9999 -9999 -9999 -9999 -9999 -9999 -9999 -9999 -9999 -9999 -9999 -9999 -9999 -9999
-9999 63 64 70 73 73 79 85 73 71 70 74 77 75 77 81 76 82 88 94 101 112 124 139 165 200 208 214 216 211 207 203 198 192 187 181 176 170 167 166 165 164 162 161 160 159 -9999 157 156 155 154 154 154 -9999 -9999 -9999 -9999 -9999 -9999 -9999 -9999 -9999 -9999 -9999 -9999 -9999 -9999 -9999 -9999 -9999 -9999 -9999 -9999 -9999 -9999 -9999 -9999 -9999 -9999 -9999 -9999 -9999 -9999 -9999 -9999 -9999 -9999 -9999 -9999 -9999 -9999
-9999 58 61 68 75 73 78 83 87 76 86 81 81 80 81 81 78 102 90 86 88 90 97 100 112 130 172 199 204 207 206 202 200 194 187 181 175 169 166 165 164 163 161 160 159 158 157 156 155 154 153 153 153 -9999 -9999 -9999 -9999 -9999 -9999 -9999 -9999 -9999 -9999 -9999 -9999 -9999 -9999 -9999 -9999 -9999 -9999 -9999 -9999 -9999 -9999 -9999 -9999 -9999 -9999 -9999 -9999 -9999 -9999 -9999 -9999 -9999 -9999 -9999 -9999 -9999 -9999
-9999 54 55 64 66 70 75 82 91 103 109 99 89 97 106 83 79 94 129 109 97 89 84 85 84 95 120 152 193 197 201 203 201 195 188 182 175 168 165 164 163 162 161 160 158 157 156 155 154 153 153 153 152 -9999 -9999 -9999 -9999 -9999 -9999 -9999 -9999 -9999 -9999 -9999 -9999 -9999 -9999 -9999 -9999 -9999 -9999 -9999 -9999 -9999 -9999 -9999 -9999 -9999 -9999 -9999 -9999 -9999 -9999 -9999 -9999 -9999 -9999 -9999 -9999 -9999 -9999
-9999 43 50 61 63 68 76 85 93 103 119 133 126 117 102 89 81 98 109 117 136 115 106 80 77 85 98 118 138 162 192 190 188 189 189 182 175 168 164 163 162 161 160 159 158 157 156 155 154 153 152 152 152 152 -9999 -9999 -9999 -9999 -9999 -9999 -9999 -9999 -9999 -9999 -9999 -9999 -9999 -9999 -9999 -9999 -9999 -9999 -9999 -9999 -9999 -9999 -9999 -9999 -9999 -9999 -9999 -9999 -9999 -9999 -9999 -9999 -9999 -9999 -9999 -9999 -9999
-9999 35 43 60 68 81 79 89 95 102 118 140 148 155 130 107 97 99 104 103 114 117 123 86 85 86 90 113 143 148 154 167 175 172 171 171 171 165 161 160 160 159 158 157 156 155 155 154 153 152 152 151 151 -9999 -9999 -9999 -9999 -9999 -9999 -9999 -9999 -9999 -9999 -9999 -9999 -9999 -9999 -9999 -9999 -9999 -9999 -9999 -9999 -9999 -9999 -9999 -9999 -9999 -9999 -9999 -9999 -9999 -9999 -9999 -9999 -9999 -9999 -9999 -9999 -9999 -9999
-9999 38 38 51 63 74 88 91 93 101 112 132 147 154 151 127 136 124 112 111 124 128 135 84 95 100 98 115 155 170 152 137 141 155 157 156 155 153 155 157 156 156 155 155 154 154 153 153 152 152 151 151 151 151 -9999 -9999 -9999 -9999 -9999 -9999 -9999 -9999 -9999 -9999 -9999 -9999 -9999 -9999 -9999 -9999 -9999 -9999 -9999 -9999 -9999 -9999 -9999 -9999 -9999 -9999 -9999 -9999 -9999 -9999 -9999 -9999 -9999 -9999 -9999 -9999 -9999
-9999 27 30 43 55 69 80 92 101 107 112 123 135 143 143 140 141 147 148 144 151 152 132 108 131 135 111 106 125 153 149 126 119 128 135 144 143 141 141 144 150 153 153 153 152 152 152 152 151 151 151 151 151 150 -9999 -9999 -9999 -9999 -9999 -9999 -9999 -9999 -9999 -9999 -9999 -9999 -9999 -9999 -9999 -9999 -9999 -9999 -9999 -9999 -9999 -9999 -9999 -9999 -9999 -9999 -9999 -9999 -9999 -9999 -9999 -9999 -9999 -9999 -9999 -9999 -9999
-9999 28 30 41 49 61 73 82 93 104 111 124 135 142 135 137 138 141 144 142 140 145 145 134 149 129 120 130 133 132 127 132 117 130 125 133 138 136 134 136 140 143 147 150 150 150 150 150 150 150 150 150 150 150 150 -9999 -9999 -9999 -9999 -9999 -9999 -9999 -9999 -9999 -9999 -9999 -9999 148 148 -9999 -9999 -9999 -9999 -9999 -9999 -9999 -9999 -9999 -9999 -9999 -9999 -9999 -9999 -9999 -9999 -9999 -9999 -9999 -9999 -9999 -9999
-9999 28 29 35 46 55 65 75 84 91 100 110 123 137 140 136 136 139 139 135 135 143 141 141 144 148 123 114 120 116 109 105 104 119 121 123 131 132 130 131 133 137 138 140 145 149 149 149 150 150 150 150 150 150 149 149 -9999 -9999 -9999 149 148 148 148 148 148 148 148 148 148 148 148 -9999 -9999 -9999 -9999 -9999 -9999 -9999 -9999 -9999 -9999 -9999 -9999 -9999 -9999 -9999 -9999 -9999 -9999 -9999 -9999
-9999 28 30 33 42 50 57 66 74 81 90 99 109 124 133 139 140 134 130 130 136 141 139 138 139 142 144 122 110 108 109 112 105 107 118 123 126 129 128 127 127 130 132 134 136 141 146 148 149 149 150 149 149 149 149 149 149 149 148 148 148 148 148 148 148 148 148 147 147 147 147 -9999 -9999 -9999 -9999 -9999 -9999 -9999 -9999 -9999 -9999 -9999 -9999 -9999 -9999 -9999 -9999 -9999 -9999 -9999 -9999
-9999 28 30 33 38 45 50 57 67 73 78 86 98 113 119 120 127 128 125 126 127 130 131 132 131 132 133 129 124 115 119 119 118 119 122 117 121 125 123 121 122 125 127 129 131 135 138 142 148 149 149 149 149 149 149 148 148 148 148 148 148 147 147 147 147 147 147 147 147 147 -9999 -9999 -9999 -9999 -9999 -9999 -9999 -9999 -9999 -9999 -9999 -9999 -9999 -9999 -9999 -9999 -9999 -9999 -9999 -9999 -9999
-9999 28 29 33 36 40 42 49 58 66 71 76 84 94 98 98 102 109 113 116 118 119 121 121 123 123 119 117 116 116 119 122 112 114 116 115 111 116 118 118 118 120 122 124 127 128 131 134 140 145 149 149 148 148 148 148 148 148 147 -9999 -9999 -9999 147 147 147 147 147 147 147 -9999 -9999 -9999 -9999 -9999 -9999 -9999 -9999 -9999 -9999 -9999 -9999 -9999 -9999 -9999 -9999 -9999 -9999 -9999 -9999 -9999 -9999
-9999 28 29 32 35 38 40 42 45 53 58 66 73 76 83 90 90 91 88 88 92 99 104 105 104 103 107 108 108 108 112 114 109 106 105 105 109 112 115 117 119 118 122 122 124 125 127 131 134 140 142 145 146 145 146 144 144 145 145 -9999 -9999 -9999 -9999 -9999 -9999 -9999 -9999 -9999 -9999 -9999 -9999 -9999 -9999 -9999 -9999 -9999 -9999 -9999 -9999 -9999 -9999 -9999 -9999 -9999 -9999 -9999 -9999 -9999 -9999 -9999 -9999
-9999 29 30 32 35 37 39 41 42 45 48 56 63 68 74 78 76 76 73 72 77 82 85 91 89 87 93 101 103 104 103 102 103 103 104 104 104 113 112 115 121 119 122 122 122 124 126 131 134 138 141 143 142 143 142 141 142 141 141 -9999 142 145 146 146 146 -9999 -9999 -9999 -9999 -9999 -9999 -9999 -9999 -9999 -9999 -9999 -9999 -9999 -9999 -9999 -9999 -9999 -9999 -9999 -9999 -9999 -9999 -9999 -9999 -9999 -9999
-9999 31 31 33 34 36 38 39 41 42 44 47 53 60 63 65 64 62 58 57 64 70 73 76 78 79 80 90 89 86 86 88 91 95 94 97 98 107 112 117 119 120 123 125 123 126 127 129 133 137 141 142 144 143 142 142 141 140 142 141 142 145 146 146 146 146 144 -9999 -9999 -9999 -9999 -9999 -9999 -9999 -9999 -9999 -9999 -9999 -9999 -9999 -9999 -9999 -9999 -9999 -9999 -9999 -9999 -9999 -9999 -9999 -9999
-9999 32 32 34 35 36 37 38 39 40 41 42 44 45 46 50 50 51 46 43 47 53 57 59 60 62 64 69 80 81 80 82 83 89 87 88 93 101 107 113 117 119 122 122 123 128 128 130 133 136 137 138 141 140 137 138 138 138 140 141 142 144 145 145 145 143 143 140 138 138 138 138 -9999 139 136 133 131 -9999 -9999 -9999 -9999 -9999 -9999 -9999 -9999 -9999 -9999 -9999 -9999 -9999 -9999
-9999 33 33 34 35 36 37 38 39 40 40 41 42 43 43 42 42 42 42 41 43 49 51 52 51 52 54 57 68 74 74 76 80 80 79 81 88 103 107 114 118 121 121 124 126 127 128 129 133 137 134 135 136 137 135 135 135 135 135 134 136 139 140 143 142 143 140 140 141 140 141 142 143 143 141 139 139 134 129 125 -9999 -9999 -9999 -9999 -9999 -9999 -9999 -9999 -9999 -9999 -9999
-9999 34 34 35 36 37 37 38 39 40 40 41 42 42 43 42 42 42 42 39 42 46 50 52 48 43 47 54 56 55 60 69 72 75 79 88 99 107 111 115 124 130 125 126 128 129 130 131 134 136 133 131 132 133 130 130 129 128 127 126 126 129 133 135 136 135 135 134 134 138 141 144 145 144 144 146 146 143 137 132 117 100 -9999 -9999 -9999 -9999 -9999 -9999 -9999 -9999 -9999
-9999 35 35 36 37 38 38 39 40 40 41 41 42 43 43 42 42 42 42 31 34 42 42 43 43 40 45 46 48 33 40 55 45 71 84 98 109 116 113 113 122 128 125 127 130 133 132 132 133 134 131 129 125 126 129 122 116 115 112 110 113 116 118 120 124 127 125 126 127 128 132 138 139 141 142 142 146 148 146 140 133 100 84 -9999 -9999 -9999 -9999 -9999 -9999 -9999 -9999
-9999 35 36 37 38 38 39 40 40 41 41 42 42 43 43 43 41 34 29 27 26 26 27 27 28 28 38 29 38 43 64 73 78 79 92 107 108 111 112 113 111 121 130 129 131 134 134 132 131 129 127 122 116 113 109 104 102 105 102 97 96 96 99 104 107 108 109 114 114 110 115 121 125 131 132 133 136 143 149 145 138 121 80 69 -9999 -9999 -9999 -9999 -9999 -9999 -9999
-9999 36 37 38 38 39 40 41 41 42 42 43 43 44 44 44 43 37 28 24 21 17 17 20 18 22 21 22 26 44 63 70 78 85 90 105 113 116 123 126 120 115 122 131 132 134 135 134 129 124 120 117 111 106 100 94 92 90 89 87 84 85 85 87 91 93 95 97 99 99 100 105 109 114 121 125 130 135 145 148 147 134 88 64 53 -9999 -9999 -9999 -9999 -9999 -9999
-9999 37 37 38 39 40 41 44 48 46 43 43 44 45 45 46 45 44 36 25 16 13 12 12 12 16 10 19 24 26 38 61 75 85 95 109 116 114 120 130 128 125 123 124 132 136 131 132 127 123 117 113 108 102 95 88 86 84 79 76 75 73 74 76 79 81 82 83 85 90 93 98 96 95 111 113 116 130 139 145 144 139 118 80 53 42 -9999 -9999 -9999 -9999 -9999
-9999 37 38 39 40 40 41 43 46 48 48 44 44 45 46 47 47 46 45 36 21 13 10 8 7 6 6 9 27 52 35 62 72 81 90 103 116 117 121 132 132 135 138 128 125 129 125 128 124 117 113 107 103 97 89 83 79 76 72 70 68 67 67 69 70 72 75 75 78 81 83 75 65 69 96 90 109 116 130 134 138 142 137 102 77 48 38 33 -9999 -9999 -9999
-9999 38 39 40 40 41 47 51 52 53 53 52 52 52 49 46 45 45 45 43 26 24 18 9 6 6 6 8 28 63 65 45 71 77 86 104 119 115 120 134 135 134 138 135 121 124 121 121 119 116 110 103 97 91 86 80 75 73 70 65 61 61 60 63 66 66 66 70 67 63 52 50 50 64 78 59 92 93 92 107 121 135 130 112 102 70 43 33 30 -9999 -9999
-9999 38 39 40 40 41 43 50 55 57 57 59 60 63 59 54 49 46 44 33 27 28 27 23 7 6 6 7 17 44 67 69 76 84 93 110 115 111 117 124 132 133 136 139 118 120 121 114 112 107 103 98 91 86 81 77 73 70 67 63 58 57 56 57 60 57 49 46 44 43 38 41 42 44 46 45 49 61 67 83 89 100 104 101 103 93 56 36 29 25 -9999
-9999 29 36 40 41 41 42 43 44 45 46 52 55 61 61 59 58 54 47 40 22 22 25 18 7 6 6 7 7 28 36 36 48 55 57 96 90 56 74 118 126 132 135 132 115 114 116 112 106 100 96 91 86 83 79 75 72 68 64 58 55 51 51 48 41 39 36 35 35 33 32 36 37 37 39 40 36 41 50 64 74 83 85 81 81 82 72 45 31 26 23
-9999 27 27 29 28 28 42 42 16 26 26 40 46 52 53 51 50 50 51 50 28 13 22 25 18 7 6 7 7 7 11 22 34 63 40 38 42 33 47 126 125 127 126 124 112 108 112 109 102 95 88 83 82 78 74 71 69 65 62 56 52 46 38 36 32 29 27 27 27 27 28 29 29 30 32 35 34 32 35 47 56 68 71 69 63 62 59 42 31 25 -9999
-9999 37 28 25 28 22 6 10 6 6 6 6 11 23 19 18 19 9 10 20 14 8 7 7 6 6 7 7 7 7 7 8 22 33 31 26 26 26 70 137 134 124 120 119 108 103 106 102 97 89 84 79 74 72 73 69 65 62 57 52 38 34 31 27 26 24 23 23 23 24 25 26 27 28 28 28 30 30 35 41 50 58 60 62 53 52 50 34 28 25 -9999
-9999 41 42 42 42 27 23 10 6 6 6 6 6 6 6 6 6 6 9 7 7 7 7 7 7 7 7 7 7 7 7 7 8 8 9 11 25 25 38 133 142 135 126 121 108 98 97 96 91 83 81 77 74 69 69 69 64 59 47 36 32 28 25 23 21 18 16 16 18 20 23 23 24 24 25 25 26 29 33 38 46 51 54 54 50 48 43 32 27 -9999 -9999
-9999 42 43 43 44 44 25 11 6 6 6 6 6 6 6 7 7 7 14 7 7 7 7 7 7 7 7 7 7 7 7 7 7 8 8 8 15 18 24 61 124 123 121 100 91 91 89 86 85 81 77 71 -9999 -9999 -9999 -9999 -9999 39 34 32 27 25 23 21 19 15 12 13 14 16 18 19 19 19 19 22 24 26 30 34 42 50 52 56 50 41 33 30 -9999 -9999 -9999
-9999 46 52 54 51 46 46 31 18 7 17 19 7 7 7 13 7 7 7 7 7 7 7 14 30 31 17 7 7 7 7 7 7 -9999 -9999 -9999 9 13 18 27 52 54 51 57 77 84 83 80 76 74 -9999 -9999 -9999 -9999 -9999 -9999 -9999 29 27 -9999 24 23 21 -9999 -9999 -9999 -9999 -9999 -9999 -9999 15 15 15 14 14 18 21 24 28 31 37 45 45 41 37 36 34 27 -9999 -9999 -9999
