Humedad_Suelo_ASC/terraclimate_soil_1980.txt
ncols         92
nrows         62
xllcorner     -72.083333333358
yllcorner     17.458333333309
cellsize      0.041666666666657
NODATA_value  -9999
[rows 0 to 39 of 62, columns 0 to 89 of 92]
-9999 -9999 -9999 -9999 -9999 -9999 -9999 -9999 -9999 -9999 -9999 -9999 -9999 -9999 -9999 -9999 -9999 -9999 -9999 -9999 -9999 -9999 -9999 -9999 -9999 -9999 -9999 -9999 -9999 -9999 -9999 -9999 -9999 -9999 -9999 -9999 -9999 -9999 -9999 -9999 -9999 -9999 -9999 -9999 -9999 -9999 -9999 -9999 -9999 -9999 -9999 -9999 -9999 -9999 -9999 -9999 -9999 -9999 -9999 -9999 -9999 -9999 -9999 -9999 -9999 -9999 -9999 -9999 -9999 -9999 -9999 -9999 -9999 -9999 -9999 -9999 -9999 -9999 -9999 -9999 -9999 -9999 -9999 -9999 -9999 -9999 -9999 -9999 -9999 -9999
-9999 -9999 -9999 -9999 -9999 -9999 -9999 -9999 -9999 -9999 -9999 -9999 -9999 -9999 -9999 -9999 -9999 -9999 -9999 -9999 -9999 -9999 -9999 -9999 -9999 -9999 -9999 -9999 -9999 -9999 -9999 -9999 -9999 -9999 -9999 -9999 -9999 -9999 -9999 -9999 -9999 -9999 -9999 -9999 -9999 -9999 -9999 -9999 -9999 -9999 -9999 -9999 -9999 -9999 -9999 -9999 -9999 -9999 -9999 -9999 -9999 -9999 -9999 -9999 -9999 -9999 -9999 -9999 -9999 -9999 -9999 -9999 -9999 -9999 -9999 -9999 -9999 -9999 -9999 -9999 -9999 -9999 -9999 -9999 -9999 -9999 -9999 -9999 -9999 -9999
-9999 -9999 -9999 -9999 -9999 -9999 -9999 -9999 -9999 -9999 -9999 -9999 -9999 -9999 -9999 -9999 -9999 -9999 -9999 -9999 -9999 -9999 -9999 -9999 107 142 163 -9999 -9999 -9999 -9999 -9999 -9999 -9999 -9999 -9999 -9999 -9999 -9999 -9999 -9999 -9999 -9999 -9999 -9999 -9999 -9999 -9999 -9999 -9999 -9999 -9999 -9999 -9999 -9999 -9999 -9999 -9999 -9999 -9999 -9999 -9999 -9999 -9999 -9999 -9999 -9999 -9999 -9999 -9999 -9999 -9999 -9999 -9999 -9999 -9999 -9999 -9999 -9999 -9999 -9999 -9999 -9999 -9999 -9999 -9999 -9999 -9999 -9999 -9999
-9999 -9999 -9999 -9999 -9999 -9999 53 -9999 -9999 -9999 13 8 10 12 11 8 -9999 -9999 -9999 -9999 -9999 -9999 -9999 -9999 118 190 194 195 195 193 191 -9999 -9999 -9999 -9999 -9999 -9999 -9999 -9999 -9999 -9999 -9999 -9999 -9999 -9999 -9999 -9999 -9999 -9999 -9999 -9999 -9999 -9999 -9999 -9999 -9999 -9999 -9999 -9999 -9999 -9999 -9999 -9999 -9999 -9999 -9999 -9999 -9999 -9999 -9999 -9999 -9999 -9999 -9999 -9999 -9999 -9999 -9999 -9999 -9999 -9999 -9999 -9999 -9999 -9999 -9999 -9999 -9999 -9999 -9999
-9999 -9999 -9999 -9999 -9999 -9999 -9999 -9999 -9999 10 10 10 10 18 31 25 23 14 17 17 32 43 60 79 105 143 198 198 199 197 194 191 188 -9999 -9999 -9999 -9999 -9999 -9999 -9999 -9999 -9999 -9999 -9999 -9999 -9999 -9999 -9999 -9999 -9999 -9999 -9999 -9999 -9999 -9999 -9999 -9999 -9999 -9999 -9999 -9999 -9999 -9999 -9999 -9999 -9999 -9999 -9999 -9999 -9999 -9999 -9999 -9999 -9999 -9999 -9999 -9999 -9999 -9999 -9999 -9999 -9999 -9999 -9999 -9999 -9999 -9999 -9999 -9999 -9999
-9999 -9999 -9999 -9999 -9999 -9999 -9999 25 20 15 11 8 8 10 25 33 51 74 75 46 47 67 74 97 118 145 191 201 204 200 197 194 190 187 -9999 -9999 -9999 -9999 -9999 -9999 -9999 -9999 -9999 -9999 -9999 -9999 -9999 -9999 -9999 -9999 -9999 -9999 -9999 -9999 -9999 -9999 -9999 -9999 -9999 -9999 -9999 -9999 -9999 -9999 -9999 -9999 -9999 -9999 -9999 -9999 -9999 -9999 -9999 -9999 -9999 -9999 -9999 -9999 -9999 -9999 -9999 -9999 -9999 -9999 -9999 -9999 -9999 -9999 -9999 -9999
-9999 -9999 -9999 -9999 -9999 -9999 -9999 26 23 21 19 14 12 11 18 21 30 70 77 111 162 178 184 184 189 195 201 202 204 204 200 196 192 188 184 180 177 173 170 169 -9999 -9999 -9999 -9999 -9999 -9999 -9999 -9999 -9999 -9999 -9999 -9999 -9999 -9999 -9999 -9999 -9999 -9999 -9999 -9999 -9999 -9999 -9999 -9999 -9999 -9999 -9999 -9999 -9999 -9999 -9999 -9999 -9999 -9999 -9999 -9999 -9999 -9999 -9999 -9999 -9999 -9999 -9999 -9999 -9999 -9999 -9999 -9999 -9999 -9999
-9999 63 63 67 68 64 44 -9999 25 25 24 22 20 18 13 13 16 28 33 50 63 125 177 190 198 199 201 204 202 203 200 194 193 190 185 181 176 172 169 168 167 -9999 -9999 -9999 -9999 -9999 -9999 -9999 -9999 -9999 -9999 -9999 -9999 -9999 -9999 -9999 -9999 -9999 -9999 -9999 -9999 -9999 -9999 -9999 -9999 -9999 -9999 -9999 -9999 -9999 -9999 -9999 -9999 -9999 -9999 -9999 -9999 -9999 -9999 -9999 -9999 -9999 -9999 -9999 -9999 -9999 -9999 -9999 -9999 -9999
-9999 57 57 63 65 69 67 48 39 34 32 31 30 28 23 20 22 25 24 29 36 55 75 134 189 202 207 200 200 198 197 193 190 189 186 181 176 171 168 167 166 164 163 -9999 -9999 -9999 -9999 -9999 151 150 148 147 -9999 -9999 -9999 -9999 -9999 -9999 -9999 -9999 -9999 -9999 -9999 -9999 -9999 -9999 -9999 -9999 -9999 -9999 -9999 -9999 -9999 -9999 -9999 -9999 -9999 -9999 -9999 -9999 -9999 -9999 -9999 -9999 -9999 -9999 -9999 -9999 -9999 -9999
-9999 53 53 58 62 65 69 71 76 78 76 65 57 43 41 38 33 35 31 30 29 32 34 42 63 105 190 197 196 192 189 185 181 182 179 175 172 169 167 166 165 164 162 161 160 158 -9999 151 152 152 151 150 144 -9999 -9999 -9999 -9999 -9999 -9999 -9999 -9999 -9999 -9999 -9999 -9999 -9999 -9999 -9999 -9999 -9999 -9999 -9999 -9999 -9999 -9999 -9999 -9999 -9999 -9999 -9999 -9999 -9999 -9999 -9999 -9999 -9999 -9999 -9999 -9999 -9999
-9999 49 52 55 63 63 68 69 77 85 98 108 120 123 98 86 62 147 99 54 42 37 34 34 37 52 99 166 183 188 186 178 177 177 171 168 166 162 159 162 160 161 160 160 158 156 153 151 151 150 152 153 146 -9999 -9999 -9999 -9999 -9999 -9999 -9999 -9999 -9999 -9999 -9999 -9999 -9999 -9999 -9999 -9999 -9999 -9999 -9999 -9999 -9999 -9999 -9999 -9999 -9999 -9999 -9999 -9999 -9999 -9999 -9999 -9999 -9999 -9999 -9999 -9999 -9999
-9999 48 45 52 55 61 64 68 75 85 99 110 120 134 143 140 111 146 156 156 139 83 56 43 34 39 60 100 149 172 176 179 178 175 173 168 156 151 150 152 150 152 156 155 152 151 153 152 149 148 148 148 140 -9999 -9999 -9999 -9999 -9999 -9999 -9999 -9999 -9999 -9999 -9999 -9999 -9999 -9999 -9999 -9999 -9999 -9999 -9999 -9999 -9999 -9999 -9999 -9999 -9999 -9999 -9999 -9999 -9999 -9999 -9999 -9999 -9999 -9999 -9999 -9999 -9999
-9999 33 40 50 51 58 65 70 76 86 104 118 127 140 145 143 143 148 153 158 163 163 165 75 53 57 62 96 123 148 161 160 160 162 164 162 157 151 145 144 143 147 151 148 146 151 152 150 147 146 145 141 134 135 -9999 -9999 -9999 -9999 -9999 -9999 -9999 -9999 -9999 -9999 -9999 -9999 -9999 -9999 -9999 -9999 -9999 -9999 -9999 -9999 -9999 -9999 -9999 -9999 -9999 -9999 -9999 -9999 -9999 -9999 -9999 -9999 -9999 -9999 -9999 -9999
-9999 25 32 46 55 67 69 79 80 87 104 128 135 140 144 141 141 142 145 149 154 158 162 148 121 91 78 144 157 154 150 146 142 140 141 141 143 144 143 141 141 148 146 141 143 148 148 148 147 145 143 142 136 -9999 -9999 -9999 -9999 -9999 -9999 -9999 -9999 -9999 -9999 -9999 -9999 -9999 -9999 -9999 -9999 -9999 -9999 -9999 -9999 -9999 -9999 -9999 -9999 -9999 -9999 -9999 -9999 -9999 -9999 -9999 -9999 -9999 -9999 -9999 -9999 -9999
-9999 27 29 40 51 63 76 80 81 87 98 120 136 142 137 133 136 136 137 138 144 147 151 146 150 153 150 149 152 150 142 133 127 124 123 122 123 122 126 133 136 140 138 135 136 138 142 145 145 144 143 142 139 138 -9999 -9999 -9999 -9999 -9999 -9999 -9999 -9999 -9999 -9999 -9999 -9999 -9999 -9999 -9999 -9999 -9999 -9999 -9999 -9999 -9999 -9999 -9999 -9999 -9999 -9999 -9999 -9999 -9999 -9999 -9999 -9999 -9999 -9999 -9999 -9999
-9999 24 25 35 46 59 69 80 89 96 100 111 123 131 130 128 130 137 137 134 139 139 139 138 145 148 143 136 137 138 134 124 116 113 111 109 107 107 108 113 120 128 131 130 132 136 139 137 140 142 141 141 140 137 -9999 -9999 -9999 -9999 -9999 -9999 -9999 -9999 -9999 -9999 -9999 -9999 -9999 -9999 -9999 -9999 -9999 -9999 -9999 -9999 -9999 -9999 -9999 -9999 -9999 -9999 -9999 -9999 -9999 -9999 -9999 -9999 -9999 -9999 -9999 -9999
-9999 25 26 33 42 52 63 72 82 93 101 113 123 131 124 127 128 129 131 130 128 131 130 131 136 136 134 133 130 127 121 118 110 109 104 101 99 96 97 101 106 110 115 119 123 128 135 139 137 137 139 140 139 137 135 -9999 -9999 -9999 -9999 -9999 -9999 -9999 -9999 -9999 -9999 -9999 -9999 137 133 -9999 -9999 -9999 -9999 -9999 -9999 -9999 -9999 -9999 -9999 -9999 -9999 -9999 -9999 -9999 -9999 -9999 -9999 -9999 -9999 -9999
-9999 24 26 30 39 48 57 67 75 82 91 100 112 124 128 125 124 125 125 122 122 127 125 124 125 127 124 120 118 114 108 104 100 99 97 94 92 90 89 92 95 98 101 105 111 117 123 128 130 131 136 138 137 136 133 130 -9999 -9999 -9999 138 137 137 135 134 135 137 143 142 140 128 126 -9999 -9999 -9999 -9999 -9999 -9999 -9999 -9999 -9999 -9999 -9999 -9999 -9999 -9999 -9999 -9999 -9999 -9999 -9999
-9999 24 26 30 36 43 51 59 65 72 80 89 99 112 120 124 124 120 116 116 119 123 122 120 120 121 120 111 107 104 102 100 94 91 91 89 88 86 84 84 86 89 92 96 100 107 113 119 124 127 129 135 134 135 133 133 137 138 134 137 138 139 138 137 137 140 142 145 139 131 126 -9999 -9999 -9999 -9999 -9999 -9999 -9999 -9999 -9999 -9999 -9999 -9999 -9999 -9999 -9999 -9999 -9999 -9999 -9999
-9999 22 25 30 34 38 42 50 58 63 67 75 89 102 107 107 112 113 110 111 111 112 113 113 112 111 110 105 100 98 96 96 93 90 87 83 83 83 80 79 79 83 86 90 94 100 106 112 118 125 129 132 130 130 128 130 133 133 133 135 135 136 135 134 136 138 139 139 136 133 -9999 -9999 -9999 -9999 -9999 -9999 -9999 -9999 -9999 -9999 -9999 -9999 -9999 -9999 -9999 -9999 -9999 -9999 -9999 -9999
-9999 22 23 29 33 36 38 41 50 59 62 66 76 85 88 89 92 97 99 100 101 102 104 104 103 102 98 95 93 92 92 91 86 84 81 80 76 77 77 76 76 78 80 84 88 92 98 103 109 116 120 122 124 124 122 122 121 120 118 -9999 -9999 -9999 129 130 131 134 137 134 131 -9999 -9999 -9999 -9999 -9999 -9999 -9999 -9999 -9999 -9999 -9999 -9999 -9999 -9999 -9999 -9999 -9999 -9999 -9999 -9999 -9999
-9999 23 24 25 29 32 35 37 40 44 47 56 62 67 76 80 80 80 78 77 81 86 89 90 87 86 88 87 85 85 86 84 79 76 74 73 74 74 75 76 76 77 80 82 85 87 92 98 102 108 111 112 114 114 113 111 111 110 111 -9999 -9999 -9999 -9999 -9999 -9999 -9999 -9999 -9999 -9999 -9999 -9999 -9999 -9999 -9999 -9999 -9999 -9999 -9999 -9999 -9999 -9999 -9999 -9999 -9999 -9999 -9999 -9999 -9999 -9999 -9999
-9999 24 24 25 28 30 33 35 37 39 42 47 54 59 67 69 68 67 65 63 67 71 73 77 75 73 76 80 80 79 77 75 75 73 72 72 72 76 73 74 77 78 82 83 84 86 90 97 101 104 107 108 110 110 109 108 108 107 107 -9999 107 111 111 116 118 -9999 -9999 -9999 -9999 -9999 -9999 -9999 -9999 -9999 -9999 -9999 -9999 -9999 -9999 -9999 -9999 -9999 -9999 -9999 -9999 -9999 -9999 -9999 -9999 -9999
-9999 26 25 26 27 29 31 33 35 37 39 42 45 52 56 57 56 55 50 50 55 59 62 64 64 65 66 71 68 66 65 65 66 68 67 68 69 73 72 73 76 78 82 85 85 88 90 94 98 101 105 107 109 109 108 107 105 104 106 105 107 110 112 116 114 110 108 -9999 -9999 -9999 -9999 -9999 -9999 -9999 -9999 -9999 -9999 -9999 -9999 -9999 -9999 -9999 -9999 -9999 -9999 -9999 -9999 -9999 -9999 -9999
-9999 26 26 27 28 29 30 31 33 35 36 37 38 40 42 43 43 44 42 40 42 45 48 49 50 51 51 54 61 60 59 60 60 63 62 62 65 68 69 70 75 77 80 81 82 88 89 92 95 98 98 100 105 104 102 102 102 101 103 103 105 109 111 112 111 108 107 105 104 101 103 104 -9999 109 107 103 101 -9999 -9999 -9999 -9999 -9999 -9999 -9999 -9999 -9999 -9999 -9999 -9999 -9999
-9999 27 27 28 29 30 31 32 33 34 35 35 35 36 37 37 38 39 37 37 39 40 42 43 42 42 43 45 52 55 55 56 58 58 57 58 62 70 69 71 75 78 80 83 86 86 89 91 94 96 94 95 98 100 98 97 97 96 98 98 99 102 104 105 105 107 106 107 109 107 109 111 115 117 115 112 109 105 99 97 -9999 -9999 -9999 -9999 -9999 -9999 -9999 -9999 -9999 -9999
-9999 29 29 30 30 31 32 33 33 34 35 35 35 36 36 35 36 37 36 35 38 40 41 43 39 38 39 43 44 42 46 53 54 56 59 65 72 76 75 74 81 86 82 83 86 88 89 90 93 95 92 90 93 93 92 90 89 88 88 88 88 91 94 97 98 98 100 100 103 107 111 116 118 117 116 119 121 120 112 104 96 93 -9999 -9999 -9999 -9999 -9999 -9999 -9999 -9999
-9999 29 30 31 31 32 33 34 35 35 35 35 35 36 36 35 36 36 36 34 35 37 38 39 39 38 39 40 41 40 42 48 50 56 65 74 79 82 78 76 80 85 83 85 88 91 91 90 90 91 89 88 85 86 88 83 80 80 78 77 79 81 83 85 87 90 89 90 92 93 99 107 110 114 115 116 123 130 124 118 107 95 92 -9999 -9999 -9999 -9999 -9999 -9999 -9999
-9999 31 31 32 32 33 34 35 36 36 36 36 36 37 37 36 35 35 34 33 34 34 35 35 36 36 38 38 39 41 52 59 63 64 73 83 83 82 79 79 77 82 87 87 88 91 91 89 89 87 86 84 80 78 76 73 71 73 71 69 68 68 71 74 77 78 79 83 83 81 85 89 92 98 102 104 108 119 127 124 115 102 92 89 -9999 -9999 -9999 -9999 -9999 -9999
-9999 32 33 33 35 35 37 38 38 39 38 38 38 39 40 39 37 36 35 34 33 33 33 34 34 35 35 37 39 43 53 59 66 72 76 87 90 90 91 92 86 81 85 90 91 92 92 91 88 85 82 80 76 74 70 66 65 64 63 62 60 61 61 63 67 68 70 72 74 74 76 79 82 86 91 95 99 107 123 127 125 110 97 89 85 -9999 -9999 -9999 -9999 -9999
-9999 32 33 34 36 37 39 40 41 41 41 40 40 41 42 43 42 40 37 35 33 33 33 33 34 34 34 37 39 41 44 53 65 74 82 92 95 91 94 98 96 90 88 88 92 95 91 91 87 84 80 78 75 71 67 62 61 60 56 55 54 53 54 55 58 60 62 63 65 68 71 75 77 81 86 90 92 100 112 122 124 118 108 97 90 86 -9999 -9999 -9999 -9999
-9999 34 35 36 37 38 39 40 41 43 42 42 41 42 43 43 43 43 41 38 35 34 33 33 33 33 34 37 42 45 46 54 63 71 78 89 97 95 96 101 101 101 102 93 89 91 89 89 86 81 78 74 71 67 63 59 56 55 52 50 49 48 48 50 52 54 56 58 60 63 68 72 72 75 80 84 88 91 100 108 117 122 114 105 99 90 86 83 -9999 -9999
-9999 35 36 37 38 39 41 45 47 47 47 47 46 46 44 43 42 41 41 39 37 37 36 35 33 33 34 38 43 54 57 56 63 68 76 90 100 96 97 104 105 105 107 101 89 89 87 86 84 81 76 72 68 64 60 57 53 52 50 47 45 44 44 46 49 50 51 54 57 60 63 67 69 73 77 77 84 87 90 94 101 110 111 108 105 99 90 84 81 -9999
-9999 33 36 36 37 39 40 43 48 49 50 51 53 56 53 49 44 42 40 39 38 39 39 38 35 34 36 38 42 50 58 61 68 75 82 95 98 94 97 101 106 106 107 106 90 88 87 83 80 76 73 69 64 61 58 55 52 50 48 45 42 42 42 43 45 46 48 51 54 57 59 64 68 71 73 76 79 81 84 90 95 100 104 104 105 104 96 88 81 78
-9999 30 32 34 35 37 37 38 39 41 41 44 48 54 54 52 51 47 43 40 38 38 39 38 36 35 35 38 41 47 54 56 63 70 76 84 88 86 92 99 103 106 106 103 90 86 85 81 76 71 68 65 61 59 56 53 51 49 46 42 41 41 41 42 43 44 46 49 51 54 59 63 66 70 72 75 77 78 82 87 92 97 99 100 100 101 100 94 88 78
-9999 30 31 32 32 32 34 35 30 34 36 39 42 44 44 44 43 43 44 44 40 37 39 40 39 37 36 38 40 43 47 50 62 72 70 72 78 78 91 106 104 104 101 100 89 83 84 81 74 68 63 60 58 55 53 51 49 47 44 41 40 39 40 41 42 44 45 46 49 53 58 61 66 69 73 75 77 79 81 86 89 93 97 97 96 97 97 94 86 77
-9999 33 32 31 33 30 22 23 19 17 16 19 32 37 37 37 37 33 36 38 37 36 36 36 36 36 36 38 40 42 44 47 53 67 67 66 69 76 102 117 112 103 99 97 87 82 81 77 71 65 60 56 52 51 52 49 47 44 41 40 39 38 39 40 42 43 44 46 47 51 56 61 65 68 71 74 76 78 82 86 90 92 92 94 94 96 95 89 80 77
-9999 37 36 35 36 34 33 25 17 16 15 15 14 13 15 17 19 21 22 25 29 36 36 36 36 36 37 38 40 42 43 45 48 51 53 55 67 75 88 115 120 114 105 99 88 79 76 74 69 62 58 55 53 49 50 49 46 43 41 40 39 39 39 40 41 43 44 46 47 49 54 59 63 66 69 71 74 78 82 85 88 91 91 93 93 93 92 83 78 -9999
-9999 40 40 40 40 39 35 27 21 17 16 15 14 13 13 15 18 21 24 25 27 32 34 37 38 38 38 38 39 41 42 43 45 47 50 52 56 62 69 90 106 105 101 84 76 74 71 67 65 61 57 52 -9999 -9999 -9999 -9999 -9999 42 42 41 40 39 39 41 42 43 45 46 47 49 53 56 59 62 64 67 71 75 78 80 84 88 89 92 92 90 84 79 -9999 -9999
-9999 44 49 50 48 43 41 39 37 24 35 39 29 15 16 19 21 23 25 27 29 32 36 41 45 45 43 40 39 40 41 43 44 -9999 -9999 -9999 53 56 59 66 79 77 71 66 67 69 67 64 60 57 -9999 -9999 -9999 -9999 -9999 -9999 -9999 42 41 -9999 40 39 39 -9999 -9999 -9999 -9999 -9999 -9999 -9999 51 54 56 58 60 63 69 71 75 78 82 86 87 86 86 85 80 74 -9999 -9999
