Humedad_Suelo_ASC/terraclimate_soil_1995.txt
ncols         92
nrows         62
xllcorner     -72.083333333358
yllcorner     17.458333333309
cellsize      0.041666666666657
NODATA_value  -9999
[rows 0 to 42 of 62, columns 0 to 91 of 92]
-9999 -9999 -9999 -9999 -9999 -9999 -9999 -9999 -9999 -9999 -9999 -9999 -9999 -9999 -9999 -9999 -9999 -9999 -9999 -9999 -9999 -9999 -9999 -9999 -9999 -9999 -9999 -9999 -9999 -9999 -9999 -9999 -9999 -9999 -9999 -9999 -9999 -9999 -9999 -9999 -9999 -9999 -9999 -9999 -9999 -9999 -9999 -9999 -9999 -9999 -9999 -9999 -9999 -9999 -9999 -9999 -9999 -9999 -9999 -9999 -9999 -9999 -9999 -9999 -9999 -9999 -9999 -9999 -9999 -9999 -9999 -9999 -9999 -9999 -9999 -9999 -9999 -9999 -9999 -9999 -9999 -9999 -9999 -9999 -9999 -9999 -9999 -9999 -9999 -9999 -9999 -9999
-9999 -9999 -9999 -9999 -9999 -9999 -9999 -9999 -9999 -9999 -9999 -9999 -9999 -9999 -9999 -9999 -9999 -9999 -9999 -9999 -9999 -9999 -9999 -9999 -9999 -9999 -9999 -9999 -9999 -9999 -9999 -9999 -9999 -9999 -9999 -9999 -9999 -9999 -9999 -9999 -9999 -9999 -9999 -9999 -9999 -9999 -9999 -9999 -9999 -9999 -9999 -9999 -9999 -9999 -9999 -9999 -9999 -9999 -9999 -9999 -9999 -9999 -9999 -9999 -9999 -9999 -9999 -9999 -9999 -9999 -9999 -9999 -9999 -9999 -9999 -9999 -9999 -9999 -9999 -9999 -9999 -9999 -9999 -9999 -9999 -9999 -9999 -9999 -9999 -9999 -9999 -9999
-9999 -9999 -9999 -9999 -9999 -9999 -9999 -9999 -9999 -9999 -9999 -9999 -9999 -9999 -9999 -9999 -9999 -9999 -9999 -9999 -9999 -9999 -9999 -9999 161 166 166 -9999 -9999 -9999 -9999 -9999 -9999 -9999 -9999 -9999 -9999 -9999 -9999 -9999 -9999 -9999 -9999 -9999 -9999 -9999 -9999 -9999 -9999 -9999 -9999 -9999 -9999 -9999 -9999 -9999 -9999 -9999 -9999 -9999 -9999 -9999 -9999 -9999 -9999 -9999 -9999 -9999 -9999 -9999 -9999 -9999 -9999 -9999 -9999 -9999 -9999 -9999 -9999 -9999 -9999 -9999 -9999 -9999 -9999 -9999 -9999 -9999 -9999 -9999 -9999 -9999
-9999 -9999 -9999 -9999 -9999 -9999 120 -9999 -9999 -9999 64 55 57 62 58 53 -9999 -9999 -9999 -9999 -9999 -9999 -9999 -9999 167 172 173 173 173 172 171 -9999 -9999 -9999 -9999 -9999 -9999 -9999 -9999 -9999 -9999 -9999 -9999 -9999 -9999 -9999 -9999 -9999 -9999 -9999 -9999 -9999 -9999 -9999 -9999 -9999 -9999 -9999 -9999 -9999 -9999 -9999 -9999 -9999 -9999 -9999 -9999 -9999 -9999 -9999 -9999 -9999 -9999 -9999 -9999 -9999 -9999 -9999 -9999 -9999 -9999 -9999 -9999 -9999 -9999 -9999 -9999 -9999 -9999 -9999 -9999 -9999
-9999 -9999 -9999 -9999 -9999 -9999 -9999 -9999 -9999 61 63 59 55 62 71 67 67 65 72 75 104 122 147 166 170 175 178 177 178 178 176 173 171 -9999 -9999 -9999 -9999 -9999 -9999 -9999 -9999 -9999 -9999 -9999 -9999 -9999 -9999 -9999 -9999 -9999 -9999 -9999 -9999 -9999 -9999 -9999 -9999 -9999 -9999 -9999 -9999 -9999 -9999 -9999 -9999 -9999 -9999 -9999 -9999 -9999 -9999 -9999 -9999 -9999 -9999 -9999 -9999 -9999 -9999 -9999 -9999 -9999 -9999 -9999 -9999 -9999 -9999 -9999 -9999 -9999 -9999 -9999
-9999 -9999 -9999 -9999 -9999 -9999 -9999 57 53 53 54 53 52 53 60 70 83 96 103 101 105 129 148 170 174 178 181 181 182 183 181 178 176 174 -9999 -9999 -9999 -9999 -9999 -9999 -9999 -9999 -9999 -9999 -9999 -9999 -9999 -9999 -9999 -9999 -9999 -9999 -9999 -9999 -9999 -9999 -9999 -9999 -9999 -9999 -9999 -9999 -9999 -9999 -9999 -9999 -9999 -9999 -9999 -9999 -9999 -9999 -9999 -9999 -9999 -9999 -9999 -9999 -9999 -9999 -9999 -9999 -9999 -9999 -9999 -9999 -9999 -9999 -9999 -9999 -9999 -9999
-9999 -9999 -9999 -9999 -9999 -9999 -9999 53 47 44 44 41 43 47 51 56 67 89 99 114 131 165 179 178 180 183 184 183 184 184 183 180 178 176 174 170 167 164 160 157 -9999 -9999 -9999 -9999 -9999 -9999 -9999 -9999 -9999 -9999 -9999 -9999 -9999 -9999 -9999 -9999 -9999 -9999 -9999 -9999 -9999 -9999 -9999 -9999 -9999 -9999 -9999 -9999 -9999 -9999 -9999 -9999 -9999 -9999 -9999 -9999 -9999 -9999 -9999 -9999 -9999 -9999 -9999 -9999 -9999 -9999 -9999 -9999 -9999 -9999 -9999 -9999
-9999 73 75 81 80 57 44 -9999 37 38 37 36 35 37 37 40 46 54 65 79 93 112 145 182 189 190 189 186 184 183 181 176 175 175 173 170 165 163 157 156 153 -9999 -9999 -9999 -9999 -9999 -9999 -9999 -9999 -9999 -9999 -9999 -9999 -9999 -9999 -9999 -9999 -9999 -9999 -9999 -9999 -9999 -9999 -9999 -9999 -9999 -9999 -9999 -9999 -9999 -9999 -9999 -9999 -9999 -9999 -9999 -9999 -9999 -9999 -9999 -9999 -9999 -9999 -9999 -9999 -9999 -9999 -9999 -9999 -9999 -9999 -9999
-9999 66 68 76 81 59 41 34 29 28 29 30 32 32 33 32 35 43 47 52 56 72 91 119 156 195 197 192 186 183 180 176 173 171 168 165 160 155 153 153 151 148 148 -9999 -9999 -9999 -9999 -9999 135 135 133 133 -9999 -9999 -9999 -9999 -9999 -9999 -9999 -9999 -9999 -9999 -9999 -9999 -9999 -9999 -9999 -9999 -9999 -9999 -9999 -9999 -9999 -9999 -9999 -9999 -9999 -9999 -9999 -9999 -9999 -9999 -9999 -9999 -9999 -9999 -9999 -9999 -9999 -9999 -9999 -9999
-9999 60 62 70 78 46 39 33 28 27 26 29 30 30 31 34 31 35 38 41 44 48 52 62 79 104 147 187 191 185 180 175 171 167 163 158 154 151 150 151 149 148 146 145 142 140 -9999 135 136 136 136 135 132 -9999 -9999 -9999 -9999 -9999 -9999 -9999 -9999 -9999 -9999 -9999 -9999 -9999 -9999 -9999 -9999 -9999 -9999 -9999 -9999 -9999 -9999 -9999 -9999 -9999 -9999 -9999 -9999 -9999 -9999 -9999 -9999 -9999 -9999 -9999 -9999 -9999 -9999 -9999
-9999 55 59 66 76 46 39 32 28 25 27 28 30 30 32 33 32 40 38 37 38 38 40 40 46 56 80 108 150 184 181 175 172 168 162 156 150 145 143 144 143 143 142 142 140 138 136 135 134 134 136 138 132 -9999 -9999 -9999 -9999 -9999 -9999 -9999 -9999 -9999 -9999 -9999 -9999 -9999 -9999 -9999 -9999 -9999 -9999 -9999 -9999 -9999 -9999 -9999 -9999 -9999 -9999 -9999 -9999 -9999 -9999 -9999 -9999 -9999 -9999 -9999 -9999 -9999 -9999 -9999
-9999 51 52 61 63 42 37 31 25 23 26 27 28 31 34 31 30 35 44 41 39 37 34 33 31 35 49 66 91 119 149 170 173 168 164 157 149 142 138 137 136 137 138 138 136 135 136 135 133 132 133 132 130 -9999 -9999 -9999 -9999 -9999 -9999 -9999 -9999 -9999 -9999 -9999 -9999 -9999 -9999 -9999 -9999 -9999 -9999 -9999 -9999 -9999 -9999 -9999 -9999 -9999 -9999 -9999 -9999 -9999 -9999 -9999 -9999 -9999 -9999 -9999 -9999 -9999 -9999 -9999
-9999 41 46 58 62 42 36 32 27 24 31 32 29 30 29 29 28 33 37 40 45 42 40 29 27 30 35 45 54 67 86 105 127 148 159 154 149 143 137 134 133 135 135 133 133 135 135 133 131 131 130 128 126 126 -9999 -9999 -9999 -9999 -9999 -9999 -9999 -9999 -9999 -9999 -9999 -9999 -9999 -9999 -9999 -9999 -9999 -9999 -9999 -9999 -9999 -9999 -9999 -9999 -9999 -9999 -9999 -9999 -9999 -9999 -9999 -9999 -9999 -9999 -9999 -9999 -9999 -9999
-9999 36 42 56 67 80 42 41 32 27 33 44 39 32 30 28 28 29 31 31 35 37 39 29 29 29 30 39 49 54 58 66 80 91 109 125 141 138 135 133 132 135 133 130 131 132 132 132 131 129 128 128 125 -9999 -9999 -9999 -9999 -9999 -9999 -9999 -9999 -9999 -9999 -9999 -9999 -9999 -9999 -9999 -9999 -9999 -9999 -9999 -9999 -9999 -9999 -9999 -9999 -9999 -9999 -9999 -9999 -9999 -9999 -9999 -9999 -9999 -9999 -9999 -9999 -9999 -9999 -9999
-9999 38 42 55 67 79 73 47 36 32 31 42 45 41 29 27 29 29 29 29 31 34 37 26 31 33 32 38 49 58 54 47 49 55 66 77 96 112 124 127 129 131 128 127 127 127 128 129 128 128 127 126 125 125 -9999 -9999 -9999 -9999 -9999 -9999 -9999 -9999 -9999 -9999 -9999 -9999 -9999 -9999 -9999 -9999 -9999 -9999 -9999 -9999 -9999 -9999 -9999 -9999 -9999 -9999 -9999 -9999 -9999 -9999 -9999 -9999 -9999 -9999 -9999 -9999 -9999 -9999
-9999 32 34 47 59 73 75 75 61 42 37 39 41 38 29 28 29 34 34 30 36 34 32 28 35 38 34 34 39 47 48 41 38 41 45 51 60 73 85 103 119 122 124 123 124 126 127 125 125 126 126 126 125 123 -9999 -9999 -9999 -9999 -9999 -9999 -9999 -9999 -9999 -9999 -9999 -9999 -9999 -9999 -9999 -9999 -9999 -9999 -9999 -9999 -9999 -9999 -9999 -9999 -9999 -9999 -9999 -9999 -9999 -9999 -9999 -9999 -9999 -9999 -9999 -9999 -9999 -9999
-9999 32 34 45 53 64 65 64 64 60 49 55 62 51 33 34 34 36 38 35 32 34 30 30 35 33 33 37 38 39 38 41 35 40 39 42 43 46 57 71 85 99 113 117 119 121 125 126 123 123 124 125 124 122 122 -9999 -9999 -9999 -9999 -9999 -9999 -9999 -9999 -9999 -9999 -9999 -9999 129 126 -9999 -9999 -9999 -9999 -9999 -9999 -9999 -9999 -9999 -9999 -9999 -9999 -9999 -9999 -9999 -9999 -9999 -9999 -9999 -9999 -9999 -9999 -9999
-9999 29 31 38 49 55 55 53 53 45 46 50 57 67 52 43 42 45 43 35 35 40 35 32 32 34 31 30 32 33 31 29 29 34 35 36 38 40 44 51 62 70 80 94 106 115 117 119 119 120 123 123 122 121 120 119 -9999 -9999 -9999 125 125 125 125 124 126 128 134 133 132 124 123 -9999 -9999 -9999 -9999 -9999 -9999 -9999 -9999 -9999 -9999 -9999 -9999 -9999 -9999 -9999 -9999 -9999 -9999 -9999 -9999 -9999
-9999 28 30 33 40 47 44 45 41 41 41 41 44 55 67 76 63 48 42 41 46 56 42 40 36 38 35 28 28 28 29 30 28 28 32 35 35 37 40 42 48 53 59 69 80 96 112 114 117 119 119 121 120 120 119 120 123 124 123 125 126 128 127 126 127 130 133 136 131 125 123 -9999 -9999 -9999 -9999 -9999 -9999 -9999 -9999 -9999 -9999 -9999 -9999 -9999 -9999 -9999 -9999 -9999 -9999 -9999 -9999 -9999
-9999 20 26 33 36 37 36 39 40 37 33 34 46 57 72 65 68 56 46 49 47 65 46 52 40 37 36 29 28 27 28 29 31 31 32 31 32 36 37 39 41 45 51 56 69 85 99 109 113 116 118 119 118 117 117 118 120 121 121 123 123 125 124 124 127 129 130 131 128 126 -9999 -9999 -9999 -9999 -9999 -9999 -9999 -9999 -9999 -9999 -9999 -9999 -9999 -9999 -9999 -9999 -9999 -9999 -9999 -9999 -9999 -9999
-9999 16 19 27 33 35 31 33 38 41 36 33 38 44 45 39 42 57 59 62 70 84 67 92 77 50 30 29 26 26 27 29 26 28 31 32 31 33 35 37 39 41 44 48 56 67 81 89 102 111 113 114 115 114 114 114 114 114 115 -9999 -9999 -9999 118 120 122 125 127 126 124 -9999 -9999 -9999 -9999 -9999 -9999 -9999 -9999 -9999 -9999 -9999 -9999 -9999 -9999 -9999 -9999 -9999 -9999 -9999 -9999 -9999 -9999 -9999
-9999 14 15 18 22 24 26 25 26 28 26 29 28 29 35 42 38 47 40 37 45 94 99 80 53 29 42 33 26 25 26 27 25 23 24 27 32 34 36 38 40 42 45 47 51 55 67 77 82 95 109 110 111 110 110 109 109 110 111 -9999 -9999 -9999 -9999 -9999 -9999 -9999 -9999 -9999 -9999 -9999 -9999 -9999 -9999 -9999 -9999 -9999 -9999 -9999 -9999 -9999 -9999 -9999 -9999 -9999 -9999 -9999 -9999 -9999 -9999 -9999 -9999 -9999
-9999 17 16 17 18 20 23 23 21 20 21 26 28 29 36 38 38 40 31 30 45 55 81 86 49 31 42 68 47 36 25 22 23 24 26 28 29 36 37 41 47 47 51 50 53 54 60 74 88 99 109 109 109 109 109 108 109 109 109 -9999 110 111 112 115 115 -9999 -9999 -9999 -9999 -9999 -9999 -9999 -9999 -9999 -9999 -9999 -9999 -9999 -9999 -9999 -9999 -9999 -9999 -9999 -9999 -9999 -9999 -9999 -9999 -9999 -9999 -9999
-9999 22 19 18 18 19 21 20 18 18 20 22 26 31 31 36 33 27 22 20 38 50 69 71 73 60 75 83 32 17 16 17 17 19 18 21 25 32 39 51 57 58 60 61 55 56 60 70 86 99 108 109 110 109 109 109 109 109 109 109 110 112 114 115 114 113 112 -9999 -9999 -9999 -9999 -9999 -9999 -9999 -9999 -9999 -9999 -9999 -9999 -9999 -9999 -9999 -9999 -9999 -9999 -9999 -9999 -9999 -9999 -9999 -9999 -9999
-9999 22 20 20 19 19 20 19 21 20 19 17 16 15 16 27 24 28 17 12 22 30 39 55 56 57 58 63 51 35 29 21 20 25 17 16 22 29 36 58 70 69 73 68 57 66 69 71 83 104 105 106 108 108 106 107 107 107 109 109 110 112 113 114 113 111 112 110 104 92 98 100 -9999 112 104 89 82 -9999 -9999 -9999 -9999 -9999 -9999 -9999 -9999 -9999 -9999 -9999 -9999 -9999 -9999 -9999
-9999 23 22 22 21 20 20 22 22 21 19 15 12 10 9 8 8 11 8 7 22 33 35 44 36 33 44 30 55 37 36 32 30 20 12 11 16 29 34 63 77 81 77 73 73 74 78 81 100 105 104 104 105 106 105 105 105 105 106 106 107 109 109 110 110 111 111 111 112 112 113 115 116 117 117 109 97 83 68 56 -9999 -9999 -9999 -9999 -9999 -9999 -9999 -9999 -9999 -9999 -9999 -9999
-9999 24 24 22 21 21 23 23 21 19 17 13 11 9 8 8 8 8 7 7 7 16 22 23 24 8 14 31 22 7 12 12 10 8 9 17 30 29 32 64 90 94 77 70 82 89 89 96 101 104 103 102 102 102 101 101 101 100 101 100 101 102 105 106 100 93 94 97 108 112 116 118 119 119 112 117 123 120 97 72 52 43 -9999 -9999 -9999 -9999 -9999 -9999 -9999 -9999 -9999 -9999
-9999 24 23 23 22 21 23 25 25 22 19 13 10 8 8 7 7 7 7 6 7 7 7 7 8 7 13 8 7 7 7 7 7 8 13 16 27 33 33 55 76 80 63 75 91 99 100 100 101 102 101 100 99 99 100 98 96 96 91 82 83 85 84 80 79 77 70 68 69 73 93 110 105 111 109 107 124 130 125 107 75 43 38 -9999 -9999 -9999 -9999 -9999 -9999 -9999 -9999 -9999
-9999 26 25 23 23 23 23 25 27 24 19 14 11 9 8 7 7 7 6 6 6 6 6 6 6 7 7 7 7 7 20 27 23 28 39 43 20 22 28 31 40 66 77 59 72 100 101 101 100 100 100 99 96 95 93 85 83 86 74 63 55 50 47 46 47 44 45 53 46 41 45 44 45 61 66 69 78 102 128 119 90 55 35 32 -9999 -9999 -9999 -9999 -9999 -9999 -9999 -9999
-9999 25 26 25 28 27 30 32 32 28 22 18 14 12 14 9 8 7 6 6 6 6 6 6 6 6 6 6 6 7 16 27 38 80 84 97 75 27 31 32 28 38 55 59 70 102 102 102 101 98 97 96 91 86 80 73 71 64 55 45 42 39 35 35 36 34 35 34 30 26 26 25 28 32 37 39 46 63 112 120 119 69 40 30 26 -9999 -9999 -9999 -9999 -9999 -9999 -9999
-9999 24 25 26 30 35 37 40 45 42 34 24 20 19 21 24 18 8 7 6 6 6 6 6 6 6 6 6 6 6 7 8 38 80 89 101 60 16 19 27 27 31 36 47 67 70 94 102 100 98 96 93 88 80 68 61 56 47 42 36 32 28 25 24 26 26 25 24 22 19 17 16 15 19 26 27 29 46 75 98 107 83 62 38 30 25 -9999 -9999 -9999 -9999 -9999 -9999
-9999 26 28 31 35 36 36 36 39 40 37 28 23 20 25 25 23 23 12 7 6 6 6 6 6 5 5 6 7 7 7 12 20 31 43 96 32 12 12 25 25 31 37 39 71 66 49 102 100 97 94 77 68 58 50 46 42 38 33 27 22 20 18 16 17 17 18 17 16 15 12 12 11 12 16 16 25 27 38 58 85 97 71 53 41 27 21 19 -9999 -9999 -9999 -9999
-9999 30 33 35 35 39 44 47 49 50 43 37 32 29 24 19 14 10 11 7 6 6 6 6 6 5 5 6 7 9 8 8 8 13 22 52 33 11 11 22 22 26 33 39 48 88 56 71 99 97 90 69 52 43 41 37 33 29 24 20 17 15 15 13 14 13 14 13 12 12 10 9 9 11 12 7 14 21 23 29 39 62 63 57 52 38 23 17 11 -9999 -9999 -9999
-9999 16 28 28 32 35 38 43 52 53 48 45 50 60 41 29 20 10 7 7 6 6 6 6 6 5 6 6 6 8 9 9 15 19 26 68 16 10 10 11 14 19 25 30 29 68 90 62 93 85 74 55 42 36 31 28 23 20 17 15 14 13 12 11 11 10 9 9 9 9 7 7 7 7 7 7 7 7 10 21 28 36 45 46 50 48 33 21 14 11 -9999 -9999
-9999 7 8 10 13 22 21 22 20 21 14 27 29 41 35 31 32 25 12 7 6 6 6 6 6 5 5 5 6 7 8 8 8 8 8 11 9 9 9 10 11 13 19 20 26 47 62 58 52 44 43 38 32 27 22 19 17 15 14 12 11 10 9 8 7 6 6 6 6 6 6 7 7 7 7 7 7 7 7 15 25 33 36 36 37 42 42 32 25 13 6 -9999
-9999 7 7 7 7 7 10 10 7 8 8 8 11 18 15 14 8 8 8 9 6 6 6 6 6 6 5 5 5 6 6 7 8 9 8 8 8 8 9 11 10 11 12 14 19 28 43 43 37 31 27 24 18 16 16 15 14 13 12 10 9 8 6 6 6 6 6 6 6 6 6 6 7 7 7 7 7 7 7 13 21 25 31 33 33 36 36 31 22 9 -9999 -9999
-9999 9 7 7 7 7 7 7 7 6 6 6 6 7 7 6 6 6 6 6 6 6 6 6 6 5 5 5 5 5 5 6 7 8 8 8 8 8 9 12 11 10 11 13 18 23 32 33 27 23 18 15 14 13 12 12 12 11 10 9 7 6 5 5 5 5 5 5 6 6 6 6 6 6 7 7 7 7 7 11 20 24 24 28 29 33 32 25 14 9 -9999 -9999
-9999 25 12 10 11 8 8 7 7 7 6 6 6 6 6 6 6 6 6 6 6 6 6 6 5 5 5 5 3 3 3 3 4 6 6 7 8 8 8 16 17 15 13 13 14 18 21 23 19 16 15 14 12 11 10 11 10 9 8 7 6 5 5 5 5 5 5 5 5 5 6 6 6 6 6 6 6 6 7 7 15 21 24 27 27 30 29 17 11 -9999 -9999 -9999
-9999 42 35 28 25 17 8 8 7 7 6 6 6 6 6 6 6 6 6 6 6 6 6 6 6 6 5 4 3 3 3 3 3 3 4 4 7 7 8 8 14 13 14 11 12 16 17 16 16 14 12 11 -9999 -9999 -9999 -9999 -9999 6 5 5 5 5 4 4 4 4 4 4 4 4 4 4 4 4 4 5 6 6 6 7 11 20 21 26 26 26 20 12 -9999 -9999 -9999 -9999
-9999 46 51 52 43 30 15 8 8 7 8 8 7 6 6 6 6 6 6 6 6 6 6 6 7 7 6 5 3 3 3 3 3 -9999 -9999 -9999 4 7 7 7 8 8 8 8 10 12 13 12 12 12 -9999 -9999 -9999 -9999 -9999 -9999 -9999 5 5 -9999 4 4 4 -9999 -9999 -9999 -9999 -9999 -9999 -9999 4 4 4 4 4 4 4 5 6 6 9 15 19 19 19 20 15 6 -9999 -9999 -9999 -9999
-9999 58 61 61 59 56 54 44 31 15 9 9 8 7 6 6 6 6 6 6 6 6 6 6 6 7 8 6 3 3 3 3 3 -9999 -9999 -9999 6 6 6 7 7 7 7 7 7 8 8 10 9 -9999 -9999 -9999 -9999 -9999 -9999 -9999 -9999 -9999 -9999 -9999 -9999 -9999 -9999 -9999 -9999 -9999 -9999 -9999 -9999 -9999 -9999 -9999 -9999 4 4 -9999 -9999 5 5 6 7 9 10 8 7 6 6 6 -9999 -9999 -9999 -9999
-9999 65 68 63 61 59 62 66 69 48 26 10 9 9 9 7 6 6 6 6 6 6 6 6 6 6 6 6 5 3 -9999 -9999 -9999 -9999 -9999 -9999 4 4 5 6 6 6 7 7 7 7 7 7 7 -9999 -9999 -9999 -9999 -9999 -9999 -9999 -9999 -9999 -9999 -9999 -9999 -9999 -9999 -9999 -9999 -9999 -9999 -9999 -9999 -9999 -9999 -9999 -9999 -9999 -9999 -9999 -9999 -9999 5 6 6 6 6 6 -9999 -9999 -9999 -9999 -9999 -9999 -9999 -9999
-9999 17 22 27 32 41 55 73 77 81 83 48 31 16 12 9 7 7 6 6 6 6 6 6 -9999 -9999 6 6 6 -9999 -9999 -9999 -9999 -9999 -9999 3 4 4 4 4 4 4 5 6 6 6 6 6 -9999 -9999 -9999 -9999 -9999 -9999 -9999 -9999 -9999 -9999 -9999 -9999 -9999 -9999 -9999 -9999 -9999 -9999 -9999 -9999 -9999 -9999 -9999 -9999 -9999 -9999 -9999 -9999 -9999 -9999 -9999 5 5 5 5 -9999 -9999 -9999 -9999 -9999 -9999 -9999 -9999 -9999
