Humedad_Suelo_ASC/terraclimate_soil_1975.txt
ncols         92
nrows         62
xllcorner     -72.083333333358
yllcorner     17.458333333309
cellsize      0.041666666666657
NODATA_value  -9999
[rows 0 to 39 of 62, columns 0 to 90 of 92]
-9999 -9999 -9999 -9999 -9999 -9999 -9999 -9999 -9999 -9999 -9999 -9999 -9999 -9999 -9999 -9999 -9999 -9999 -9999 -9999 -9999 -9999 -9999 -9999 -9999 -9999 -9999 -9999 -9999 -9999 -9999 -9999 -9999 -9999 -9999 -9999 -9999 -9999 -9999 -9999 -9999 -9999 -9999 -9999 -9999 -9999 -9999 -9999 -9999 -9999 -9999 -9999 -9999 -9999 -9999 -9999 -9999 -9999 -9999 -9999 -9999 -9999 -9999 -9999 -9999 -9999 -9999 -9999 -9999 -9999 -9999 -9999 -9999 -9999 -9999 -9999 -9999 -9999 -9999 -9999 -9999 -9999 -9999 -9999 -9999 -9999 -9999 -9999 -9999 -9999 -9999
-9999 -9999 -9999 -9999 -9999 -9999 -9999 -9999 -9999 -9999 -9999 -9999 -9999 -9999 -9999 -9999 -9999 -9999 -9999 -9999 -9999 -9999 -9999 -9999 -9999 -9999 -9999 -9999 -9999 -9999 -9999 -9999 -9999 -9999 -9999 -9999 -9999 -9999 -9999 -9999 -9999 -9999 -9999 -9999 -9999 -9999 -9999 -9999 -9999 -9999 -9999 -9999 -9999 -9999 -9999 -9999 -9999 -9999 -9999 -9999 -9999 -9999 -9999 -9999 -9999 -9999 -9999 -9999 -9999 -9999 -9999 -9999 -9999 -9999 -9999 -9999 -9999 -9999 -9999 -9999 -9999 -9999 -9999 -9999 -9999 -9999 -9999 -9999 -9999 -9999 -9999
-9999 -9999 -9999 -9999 -9999 -9999 -9999 -9999 -9999 -9999 -9999 -9999 -9999 -9999 -9999 -9999 -9999 -9999 -9999 -9999 -9999 -9999 -9999 -9999 146 150 151 -9999 -9999 -9999 -9999 -9999 -9999 -9999 -9999 -9999 -9999 -9999 -9999 -9999 -9999 -9999 -9999 -9999 -9999 -9999 -9999 -9999 -9999 -9999 -9999 -9999 -9999 -9999 -9999 -9999 -9999 -9999 -9999 -9999 -9999 -9999 -9999 -9999 -9999 -9999 -9999 -9999 -9999 -9999 -9999 -9999 -9999 -9999 -9999 -9999 -9999 -9999 -9999 -9999 -9999 -9999 -9999 -9999 -9999 -9999 -9999 -9999 -9999 -9999 -9999
-9999 -9999 -9999 -9999 -9999 -9999 86 -9999 -9999 -9999 49 42 45 49 45 43 -9999 -9999 -9999 -9999 -9999 -9999 -9999 -9999 152 157 158 158 158 157 156 -9999 -9999 -9999 -9999 -9999 -9999 -9999 -9999 -9999 -9999 -9999 -9999 -9999 -9999 -9999 -9999 -9999 -9999 -9999 -9999 -9999 -9999 -9999 -9999 -9999 -9999 -9999 -9999 -9999 -9999 -9999 -9999 -9999 -9999 -9999 -9999 -9999 -9999 -9999 -9999 -9999 -9999 -9999 -9999 -9999 -9999 -9999 -9999 -9999 -9999 -9999 -9999 -9999 -9999 -9999 -9999 -9999 -9999 -9999 -9999
-9999 -9999 -9999 -9999 -9999 -9999 -9999 -9999 -9999 48 48 47 48 54 69 60 61 54 57 58 92 114 141 153 156 161 163 162 162 162 160 158 157 -9999 -9999 -9999 -9999 -9999 -9999 -9999 -9999 -9999 -9999 -9999 -9999 -9999 -9999 -9999 -9999 -9999 -9999 -9999 -9999 -9999 -9999 -9999 -9999 -9999 -9999 -9999 -9999 -9999 -9999 -9999 -9999 -9999 -9999 -9999 -9999 -9999 -9999 -9999 -9999 -9999 -9999 -9999 -9999 -9999 -9999 -9999 -9999 -9999 -9999 -9999 -9999 -9999 -9999 -9999 -9999 -9999 -9999
-9999 -9999 -9999 -9999 -9999 -9999 -9999 51 50 48 47 45 45 47 56 69 89 111 117 103 106 134 152 157 161 164 167 166 167 167 166 164 161 159 -9999 -9999 -9999 -9999 -9999 -9999 -9999 -9999 -9999 -9999 -9999 -9999 -9999 -9999 -9999 -9999 -9999 -9999 -9999 -9999 -9999 -9999 -9999 -9999 -9999 -9999 -9999 -9999 -9999 -9999 -9999 -9999 -9999 -9999 -9999 -9999 -9999 -9999 -9999 -9999 -9999 -9999 -9999 -9999 -9999 -9999 -9999 -9999 -9999 -9999 -9999 -9999 -9999 -9999 -9999 -9999 -9999
-9999 -9999 -9999 -9999 -9999 -9999 -9999 51 49 46 44 40 40 42 48 53 64 102 114 138 157 163 166 166 168 170 171 170 169 169 168 165 164 162 159 156 153 150 147 144 -9999 -9999 -9999 -9999 -9999 -9999 -9999 -9999 -9999 -9999 -9999 -9999 -9999 -9999 -9999 -9999 -9999 -9999 -9999 -9999 -9999 -9999 -9999 -9999 -9999 -9999 -9999 -9999 -9999 -9999 -9999 -9999 -9999 -9999 -9999 -9999 -9999 -9999 -9999 -9999 -9999 -9999 -9999 -9999 -9999 -9999 -9999 -9999 -9999 -9999 -9999
-9999 41 42 47 51 56 51 -9999 44 43 41 39 37 36 32 33 41 56 63 85 102 137 167 173 177 177 176 173 171 170 167 164 162 161 160 156 152 149 145 144 142 -9999 -9999 -9999 -9999 -9999 -9999 -9999 -9999 -9999 -9999 -9999 -9999 -9999 -9999 -9999 -9999 -9999 -9999 -9999 -9999 -9999 -9999 -9999 -9999 -9999 -9999 -9999 -9999 -9999 -9999 -9999 -9999 -9999 -9999 -9999 -9999 -9999 -9999 -9999 -9999 -9999 -9999 -9999 -9999 -9999 -9999 -9999 -9999 -9999 -9999
-9999 36 37 43 48 55 49 47 43 41 39 39 38 36 33 31 36 45 48 54 60 77 99 141 176 182 184 180 174 171 168 164 162 159 156 153 149 144 142 142 141 138 138 -9999 -9999 -9999 -9999 -9999 127 126 124 123 -9999 -9999 -9999 -9999 -9999 -9999 -9999 -9999 -9999 -9999 -9999 -9999 -9999 -9999 -9999 -9999 -9999 -9999 -9999 -9999 -9999 -9999 -9999 -9999 -9999 -9999 -9999 -9999 -9999 -9999 -9999 -9999 -9999 -9999 -9999 -9999 -9999 -9999 -9999
-9999 33 35 39 46 51 52 48 46 48 48 48 48 42 42 43 39 45 45 46 48 52 55 63 82 114 179 181 179 174 169 165 161 158 153 148 144 140 140 140 139 138 137 136 134 132 -9999 126 127 128 127 126 122 -9999 -9999 -9999 -9999 -9999 -9999 -9999 -9999 -9999 -9999 -9999 -9999 -9999 -9999 -9999 -9999 -9999 -9999 -9999 -9999 -9999 -9999 -9999 -9999 -9999 -9999 -9999 -9999 -9999 -9999 -9999 -9999 -9999 -9999 -9999 -9999 -9999 -9999
-9999 31 32 37 47 51 58 57 54 54 59 57 58 57 55 55 50 75 61 53 48 46 47 46 50 59 87 126 174 174 171 167 164 159 153 147 141 136 134 135 134 135 134 134 132 131 129 127 126 126 127 129 123 -9999 -9999 -9999 -9999 -9999 -9999 -9999 -9999 -9999 -9999 -9999 -9999 -9999 -9999 -9999 -9999 -9999 -9999 -9999 -9999 -9999 -9999 -9999 -9999 -9999 -9999 -9999 -9999 -9999 -9999 -9999 -9999 -9999 -9999 -9999 -9999 -9999 -9999
-9999 28 30 35 40 48 56 65 73 73 81 73 64 71 80 63 58 71 105 87 71 58 49 42 35 41 54 73 104 147 169 167 164 160 156 149 142 135 130 130 129 130 131 131 129 128 129 128 125 124 125 124 121 -9999 -9999 -9999 -9999 -9999 -9999 -9999 -9999 -9999 -9999 -9999 -9999 -9999 -9999 -9999 -9999 -9999 -9999 -9999 -9999 -9999 -9999 -9999 -9999 -9999 -9999 -9999 -9999 -9999 -9999 -9999 -9999 -9999 -9999 -9999 -9999 -9999 -9999
-9999 26 28 34 38 47 57 67 77 88 104 118 100 96 81 67 65 76 88 96 115 93 82 51 40 41 44 56 64 79 101 124 153 154 151 146 142 137 131 127 127 129 128 127 127 129 128 126 124 123 122 120 118 118 -9999 -9999 -9999 -9999 -9999 -9999 -9999 -9999 -9999 -9999 -9999 -9999 -9999 -9999 -9999 -9999 -9999 -9999 -9999 -9999 -9999 -9999 -9999 -9999 -9999 -9999 -9999 -9999 -9999 -9999 -9999 -9999 -9999 -9999 -9999 -9999 -9999
-9999 25 27 32 41 54 59 70 78 88 103 123 132 127 110 93 83 84 90 89 101 102 103 64 58 51 47 61 86 79 74 78 94 108 136 137 134 131 129 127 127 130 127 124 125 126 125 125 124 122 121 120 118 -9999 -9999 -9999 -9999 -9999 -9999 -9999 -9999 -9999 -9999 -9999 -9999 -9999 -9999 -9999 -9999 -9999 -9999 -9999 -9999 -9999 -9999 -9999 -9999 -9999 -9999 -9999 -9999 -9999 -9999 -9999 -9999 -9999 -9999 -9999 -9999 -9999 -9999
-9999 26 28 33 38 51 64 70 76 86 98 116 129 138 137 115 126 116 105 104 120 120 123 68 75 72 61 74 108 115 86 59 59 67 82 98 124 119 119 121 124 126 123 121 122 121 122 122 122 122 121 119 118 117 -9999 -9999 -9999 -9999 -9999 -9999 -9999 -9999 -9999 -9999 -9999 -9999 -9999 -9999 -9999 -9999 -9999 -9999 -9999 -9999 -9999 -9999 -9999 -9999 -9999 -9999 -9999 -9999 -9999 -9999 -9999 -9999 -9999 -9999 -9999 -9999 -9999
-9999 26 28 33 37 47 58 70 80 88 96 107 119 128 130 128 130 134 135 133 138 140 125 96 115 114 82 70 83 102 91 59 50 56 58 70 81 98 110 112 114 117 119 119 119 121 122 120 119 120 120 119 118 116 -9999 -9999 -9999 -9999 -9999 -9999 -9999 -9999 -9999 -9999 -9999 -9999 -9999 -9999 -9999 -9999 -9999 -9999 -9999 -9999 -9999 -9999 -9999 -9999 -9999 -9999 -9999 -9999 -9999 -9999 -9999 -9999 -9999 -9999 -9999 -9999 -9999
-9999 27 29 33 37 42 53 63 74 85 93 105 117 125 122 124 125 127 130 129 127 132 131 126 133 110 96 99 96 89 74 71 53 65 56 59 64 71 84 102 108 109 111 113 114 116 120 122 118 118 119 119 118 116 115 -9999 -9999 -9999 -9999 -9999 -9999 -9999 -9999 -9999 -9999 -9999 -9999 123 120 -9999 -9999 -9999 -9999 -9999 -9999 -9999 -9999 -9999 -9999 -9999 -9999 -9999 -9999 -9999 -9999 -9999 -9999 -9999 -9999 -9999 -9999
-9999 27 29 33 37 41 49 58 67 75 84 95 108 120 124 122 122 125 125 123 123 130 128 128 129 131 103 88 88 76 60 51 48 57 57 56 60 61 71 80 97 104 105 107 109 111 113 115 115 116 118 119 117 115 114 113 -9999 -9999 -9999 119 119 119 119 119 120 123 128 127 126 118 117 -9999 -9999 -9999 -9999 -9999 -9999 -9999 -9999 -9999 -9999 -9999 -9999 -9999 -9999 -9999 -9999 -9999 -9999 -9999 -9999
-9999 28 29 33 37 40 43 51 60 68 76 85 95 110 120 124 124 120 117 118 123 128 127 126 125 128 127 99 82 75 68 63 49 50 57 58 58 59 66 72 83 98 100 102 104 106 109 111 113 115 115 116 115 114 114 114 116 118 118 119 120 122 121 121 122 124 127 129 125 119 118 -9999 -9999 -9999 -9999 -9999 -9999 -9999 -9999 -9999 -9999 -9999 -9999 -9999 -9999 -9999 -9999 -9999 -9999 -9999 -9999
-9999 28 29 33 36 39 42 45 54 61 67 75 86 100 107 107 113 114 112 114 115 118 119 119 118 119 118 113 99 85 88 78 71 66 68 59 58 63 66 72 81 94 96 98 100 102 104 106 110 113 115 114 113 112 111 112 114 115 115 117 118 119 119 119 121 123 124 125 123 121 -9999 -9999 -9999 -9999 -9999 -9999 -9999 -9999 -9999 -9999 -9999 -9999 -9999 -9999 -9999 -9999 -9999 -9999 -9999 -9999 -9999
-9999 25 28 33 36 39 41 44 47 55 60 67 74 83 87 88 92 99 102 104 106 108 111 110 111 110 106 104 102 100 102 92 70 64 69 73 70 72 76 80 87 90 92 94 96 97 99 102 105 108 110 110 110 110 109 109 109 109 110 -9999 -9999 -9999 113 115 117 119 121 121 119 -9999 -9999 -9999 -9999 -9999 -9999 -9999 -9999 -9999 -9999 -9999 -9999 -9999 -9999 -9999 -9999 -9999 -9999 -9999 -9999 -9999 -9999
-9999 25 26 30 34 37 39 41 44 47 49 57 64 68 75 80 81 82 81 81 85 90 94 96 94 93 96 96 94 94 95 89 70 60 59 68 83 84 83 85 87 88 91 92 93 94 96 99 102 105 107 107 107 106 106 105 105 106 107 -9999 -9999 -9999 -9999 -9999 -9999 -9999 -9999 -9999 -9999 -9999 -9999 -9999 -9999 -9999 -9999 -9999 -9999 -9999 -9999 -9999 -9999 -9999 -9999 -9999 -9999 -9999 -9999 -9999 -9999 -9999 -9999
-9999 26 27 29 32 34 37 39 41 43 45 48 55 60 67 70 69 69 67 66 71 76 78 82 81 79 84 88 88 88 86 84 81 69 69 81 82 87 83 83 87 87 90 91 91 93 95 99 102 105 107 107 106 106 106 105 105 105 105 -9999 107 108 108 110 111 -9999 -9999 -9999 -9999 -9999 -9999 -9999 -9999 -9999 -9999 -9999 -9999 -9999 -9999 -9999 -9999 -9999 -9999 -9999 -9999 -9999 -9999 -9999 -9999 -9999 -9999
-9999 30 28 30 32 33 35 37 39 40 42 45 47 53 56 58 58 56 52 51 58 63 66 68 70 71 72 78 76 73 73 73 75 77 76 77 79 83 81 82 85 86 89 91 92 94 95 97 101 103 106 106 107 106 106 106 106 106 106 107 107 109 110 111 110 109 108 -9999 -9999 -9999 -9999 -9999 -9999 -9999 -9999 -9999 -9999 -9999 -9999 -9999 -9999 -9999 -9999 -9999 -9999 -9999 -9999 -9999 -9999 -9999 -9999
-9999 30 30 31 32 33 34 35 37 38 39 40 41 43 45 46 45 45 44 43 44 48 51 53 54 55 56 59 68 68 67 68 68 72 70 70 74 78 78 78 82 84 87 89 90 94 95 97 100 103 104 104 105 105 104 105 105 105 106 107 108 109 110 110 109 108 108 107 106 106 107 108 -9999 110 109 108 107 -9999 -9999 -9999 -9999 -9999 -9999 -9999 -9999 -9999 -9999 -9999 -9999 -9999 -9999
-9999 31 31 32 33 34 35 36 37 37 38 38 39 39 40 40 40 41 40 40 42 43 46 46 45 46 47 50 58 61 62 64 66 66 65 66 71 79 78 78 83 85 87 89 92 94 95 97 100 103 103 102 103 103 102 103 103 103 104 104 105 106 107 107 106 107 108 108 109 109 110 111 112 113 112 111 112 110 107 107 -9999 -9999 -9999 -9999 -9999 -9999 -9999 -9999 -9999 -9999 -9999
-9999 33 33 33 34 35 36 36 37 37 38 38 38 39 39 38 39 40 39 38 40 42 44 46 43 40 41 47 49 45 52 59 62 64 67 73 80 84 83 81 87 91 90 91 94 96 96 98 100 103 100 99 101 101 99 97 95 94 94 95 94 97 100 103 103 103 104 105 107 109 113 114 114 114 115 116 117 117 113 110 104 100 -9999 -9999 -9999 -9999 -9999 -9999 -9999 -9999 -9999
-9999 33 34 34 35 36 37 37 38 38 38 38 38 38 38 38 38 38 38 37 38 39 41 41 41 39 41 42 42 40 43 49 51 60 72 81 87 90 86 82 87 93 91 93 96 98 99 98 98 99 95 95 92 92 94 89 85 84 82 82 84 86 87 89 92 95 94 96 98 99 105 112 113 115 116 116 120 125 120 116 112 102 99 -9999 -9999 -9999 -9999 -9999 -9999 -9999 -9999
-9999 34 35 35 36 37 37 38 39 39 39 39 39 39 39 38 38 37 37 36 36 36 37 37 38 38 39 38 41 43 57 65 69 71 80 90 89 88 86 86 84 88 94 95 95 98 98 96 95 94 92 89 85 83 81 77 75 77 75 72 72 72 74 78 80 82 83 87 87 85 90 93 97 103 107 109 113 118 123 120 115 108 98 94 -9999 -9999 -9999 -9999 -9999 -9999 -9999
-9999 35 36 36 38 38 39 40 41 41 40 40 40 41 42 41 40 38 37 36 33 30 29 30 28 29 27 28 33 44 56 64 71 77 81 92 96 96 98 99 93 88 91 97 97 98 98 97 94 91 88 85 80 78 74 69 68 67 66 65 64 64 64 66 70 71 73 75 77 77 79 82 85 90 95 98 103 111 120 122 122 114 102 94 90 -9999 -9999 -9999 -9999 -9999 -9999
-9999 35 36 37 38 40 41 42 43 43 43 42 42 43 44 44 43 41 39 37 31 29 28 27 27 27 23 27 29 33 45 53 69 78 86 97 100 97 100 105 102 96 94 94 98 100 97 95 92 89 85 82 79 75 70 65 64 63 60 58 57 55 56 58 60 62 64 65 67 70 73 77 79 83 88 92 94 103 115 121 120 117 112 101 94 91 -9999 -9999 -9999 -9999 -9999
-9999 36 37 38 39 40 41 42 43 44 44 43 43 43 44 44 44 44 43 39 35 29 26 24 24 22 21 22 35 46 44 53 65 75 83 92 101 100 101 106 106 108 107 98 94 96 94 92 89 85 81 78 75 70 66 62 59 57 55 53 51 50 50 52 54 56 58 60 62 65 70 73 74 77 82 85 89 93 101 110 117 120 117 109 103 94 91 88 -9999 -9999 -9999
-9999 37 38 39 40 41 42 43 46 47 47 46 45 45 45 44 43 42 43 41 39 35 30 26 21 21 21 22 35 52 54 53 59 67 78 94 103 98 101 109 110 110 111 105 92 92 90 89 86 83 78 74 70 66 62 58 54 54 52 49 46 45 45 48 50 51 53 56 59 61 65 68 70 74 78 78 84 88 91 95 102 113 114 111 109 103 94 89 86 -9999 -9999
-9999 36 38 38 39 40 42 43 45 47 48 50 53 56 54 46 45 43 41 40 39 39 38 33 23 20 22 22 24 48 55 57 65 74 83 98 101 92 84 104 110 110 111 110 92 89 88 84 81 77 74 70 65 61 58 54 50 49 48 45 44 43 43 44 46 47 50 52 55 59 61 65 69 72 74 77 79 81 84 90 95 101 106 107 108 108 101 92 81 72 -9999
-9999 28 35 36 37 38 39 40 41 42 42 45 46 53 52 50 49 46 44 41 33 32 34 29 23 19 20 20 22 32 42 42 52 63 60 80 78 51 56 79 105 109 109 106 91 87 85 81 76 71 68 65 61 58 55 50 47 45 44 43 42 41 41 43 44 45 47 49 51 52 53 60 63 64 67 70 68 75 81 87 92 98 100 102 103 104 104 99 90 70 64
-9999 26 26 28 27 28 36 37 22 30 30 40 43 45 45 45 44 44 45 44 38 27 31 33 29 22 18 19 19 22 24 28 41 65 46 43 46 38 47 98 94 104 103 100 89 84 83 80 73 67 62 58 55 52 48 46 44 43 42 41 41 40 40 41 43 44 44 45 46 46 48 50 51 53 57 63 65 65 71 83 90 93 98 99 99 100 101 98 85 68 -9999
-9999 35 27 25 26 23 19 20 17 14 12 13 19 31 28 24 27 16 17 26 22 19 19 19 17 17 17 18 17 20 21 22 28 40 39 34 34 36 58 114 108 96 95 94 83 78 79 75 69 63 56 51 48 46 45 44 43 42 41 40 39 38 39 40 41 40 39 41 41 43 45 46 48 49 50 53 57 60 72 80 90 93 93 95 96 99 99 89 71 67 -9999
-9999 38 37 36 37 27 25 20 14 12 11 11 11 11 12 12 12 12 12 13 13 16 16 16 15 16 17 16 15 15 16 14 19 24 25 27 35 35 44 110 119 112 101 95 81 71 70 67 62 56 54 50 48 46 44 43 42 41 40 39 38 38 38 37 36 34 32 33 35 38 41 42 43 43 44 47 49 53 67 77 88 92 92 94 94 96 95 76 66 -9999 -9999
-9999 41 41 41 40 40 26 21 16 12 11 11 11 11 11 11 12 12 12 13 13 14 14 15 19 20 18 16 14 13 12 12 12 14 18 22 28 32 36 54 100 99 95 73 64 63 60 58 55 52 49 47 -9999 -9999 -9999 -9999 -9999 41 40 40 39 37 36 34 33 30 29 29 31 32 34 36 35 34 35 38 44 48 56 68 84 89 90 93 93 90 74 65 -9999 -9999 -9999
-9999 42 45 47 44 43 42 35 23 17 22 25 15 11 11 12 12 12 13 13 14 14 15 22 38 42 30 22 14 12 11 10 13 -9999 -9999 -9999 24 29 32 36 51 51 51 52 55 56 54 51 49 48 -9999 -9999 -9999 -9999 -9999 -9999 -9999 37 37 -9999 35 34 33 -9999 -9999 -9999 -9999 -9999 -9999 -9999 32 32 32 31 31 33 37 44 49 60 77 86 88 87 81 79 71 54 -9999 -9999 -9999
