Humedad_Suelo_ASC/terraclimate_soil_1978.txt
ncols         92
nrows         62
xllcorner     -72.083333333358
yllcorner     17.458333333309
cellsize      0.041666666666657
NODATA_value  -9999
[rows 0 to 39 of 62, columns 0 to 89 of 92]
-9999 -9999 -9999 -9999 -9999 -9999 -9999 -9999 -9999 -9999 -9999 -9999 -9999 -9999 -9999 -9999 -9999 -9999 -9999 -9999 -9999 -9999 -9999 -9999 -9999 -9999 -9999 -9999 -9999 -9999 -9999 -9999 -9999 -9999 -9999 -9999 -9999 -9999 -9999 -9999 -9999 -9999 -9999 -9999 -9999 -9999 -9999 -9999 -9999 -9999 -9999 -9999 -9999 -9999 -9999 -9999 -9999 -9999 -9999 -9999 -9999 -9999 -9999 -9999 -9999 -9999 -9999 -9999 -9999 -9999 -9999 -9999 -9999 -9999 -9999 -9999 -9999 -9999 -9999 -9999 -9999 -9999 -9999 -9999 -9999 -9999 -9999 -9999 -9999 -9999
-9999 -9999 -9999 -9999 -9999 -9999 -9999 -9999 -9999 -9999 -9999 -9999 -9999 -9999 -9999 -9999 -9999 -9999 -9999 -9999 -9999 -9999 -9999 -9999 -9999 -9999 -9999 -9999 -9999 -9999 -9999 -9999 -9999 -9999 -9999 -9999 -9999 -9999 -9999 -9999 -9999 -9999 -9999 -9999 -9999 -9999 -9999 -9999 -9999 -9999 -9999 -9999 -9999 -9999 -9999 -9999 -9999 -9999 -9999 -9999 -9999 -9999 -9999 -9999 -9999 -9999 -9999 -9999 -9999 -9999 -9999 -9999 -9999 -9999 -9999 -9999 -9999 -9999 -9999 -9999 -9999 -9999 -9999 -9999 -9999 -9999 -9999 -9999 -9999 -9999
-9999 -9999 -9999 -9999 -9999 -9999 -9999 -9999 -9999 -9999 -9999 -9999 -9999 -9999 -9999 -9999 -9999 -9999 -9999 -9999 -9999 -9999 -9999 -9999 194 195 195 -9999 -9999 -9999 -9999 -9999 -9999 -9999 -9999 -9999 -9999 -9999 -9999 -9999 -9999 -9999 -9999 -9999 -9999 -9999 -9999 -9999 -9999 -9999 -9999 -9999 -9999 -9999 -9999 -9999 -9999 -9999 -9999 -9999 -9999 -9999 -9999 -9999 -9999 -9999 -9999 -9999 -9999 -9999 -9999 -9999 -9999 -9999 -9999 -9999 -9999 -9999 -9999 -9999 -9999 -9999 -9999 -9999 -9999 -9999 -9999 -9999 -9999 -9999
-9999 -9999 -9999 -9999 -9999 -9999 151 -9999 -9999 -9999 132 114 112 115 105 94 -9999 -9999 -9999 -9999 -9999 -9999 -9999 -9999 200 201 200 198 196 193 191 -9999 -9999 -9999 -9999 -9999 -9999 -9999 -9999 -9999 -9999 -9999 -9999 -9999 -9999 -9999 -9999 -9999 -9999 -9999 -9999 -9999 -9999 -9999 -9999 -9999 -9999 -9999 -9999 -9999 -9999 -9999 -9999 -9999 -9999 -9999 -9999 -9999 -9999 -9999 -9999 -9999 -9999 -9999 -9999 -9999 -9999 -9999 -9999 -9999 -9999 -9999 -9999 -9999 -9999 -9999 -9999 -9999 -9999 -9999
-9999 -9999 -9999 -9999 -9999 -9999 -9999 -9999 -9999 130 132 121 107 112 128 113 112 106 114 119 163 190 203 204 205 206 205 203 200 197 194 191 188 -9999 -9999 -9999 -9999 -9999 -9999 -9999 -9999 -9999 -9999 -9999 -9999 -9999 -9999 -9999 -9999 -9999 -9999 -9999 -9999 -9999 -9999 -9999 -9999 -9999 -9999 -9999 -9999 -9999 -9999 -9999 -9999 -9999 -9999 -9999 -9999 -9999 -9999 -9999 -9999 -9999 -9999 -9999 -9999 -9999 -9999 -9999 -9999 -9999 -9999 -9999 -9999 -9999 -9999 -9999 -9999 -9999
-9999 -9999 -9999 -9999 -9999 -9999 -9999 136 122 115 110 104 97 95 105 122 143 163 169 161 163 201 208 209 210 212 211 207 204 200 197 194 190 187 -9999 -9999 -9999 -9999 -9999 -9999 -9999 -9999 -9999 -9999 -9999 -9999 -9999 -9999 -9999 -9999 -9999 -9999 -9999 -9999 -9999 -9999 -9999 -9999 -9999 -9999 -9999 -9999 -9999 -9999 -9999 -9999 -9999 -9999 -9999 -9999 -9999 -9999 -9999 -9999 -9999 -9999 -9999 -9999 -9999 -9999 -9999 -9999 -9999 -9999 -9999 -9999 -9999 -9999 -9999 -9999
-9999 -9999 -9999 -9999 -9999 -9999 -9999 128 109 96 87 72 68 74 82 92 112 150 164 184 211 212 213 215 216 217 216 212 208 204 200 196 192 188 184 180 177 173 170 169 -9999 -9999 -9999 -9999 -9999 -9999 -9999 -9999 -9999 -9999 -9999 -9999 -9999 -9999 -9999 -9999 -9999 -9999 -9999 -9999 -9999 -9999 -9999 -9999 -9999 -9999 -9999 -9999 -9999 -9999 -9999 -9999 -9999 -9999 -9999 -9999 -9999 -9999 -9999 -9999 -9999 -9999 -9999 -9999 -9999 -9999 -9999 -9999 -9999 -9999
-9999 103 107 116 125 134 111 -9999 71 71 62 55 49 48 45 49 61 83 99 122 144 180 219 220 221 222 221 216 212 207 203 198 194 190 185 181 176 172 169 168 167 -9999 -9999 -9999 -9999 -9999 -9999 -9999 -9999 -9999 -9999 -9999 -9999 -9999 -9999 -9999 -9999 -9999 -9999 -9999 -9999 -9999 -9999 -9999 -9999 -9999 -9999 -9999 -9999 -9999 -9999 -9999 -9999 -9999 -9999 -9999 -9999 -9999 -9999 -9999 -9999 -9999 -9999 -9999 -9999 -9999 -9999 -9999 -9999 -9999
-9999 96 101 111 120 130 101 68 53 47 46 47 47 46 45 42 47 59 66 75 88 113 142 190 227 228 226 221 216 211 206 201 196 191 186 181 176 171 168 167 166 164 163 -9999 -9999 -9999 -9999 -9999 157 156 155 155 -9999 -9999 -9999 -9999 -9999 -9999 -9999 -9999 -9999 -9999 -9999 -9999 -9999 -9999 -9999 -9999 -9999 -9999 -9999 -9999 -9999 -9999 -9999 -9999 -9999 -9999 -9999 -9999 -9999 -9999 -9999 -9999 -9999 -9999 -9999 -9999 -9999 -9999
-9999 90 94 105 116 118 92 66 51 48 46 49 49 46 47 50 45 50 53 57 62 71 84 103 130 170 231 225 220 214 209 203 198 192 187 181 176 170 167 166 165 164 162 161 160 159 -9999 157 156 155 154 154 154 -9999 -9999 -9999 -9999 -9999 -9999 -9999 -9999 -9999 -9999 -9999 -9999 -9999 -9999 -9999 -9999 -9999 -9999 -9999 -9999 -9999 -9999 -9999 -9999 -9999 -9999 -9999 -9999 -9999 -9999 -9999 -9999 -9999 -9999 -9999 -9999 -9999
-9999 84 88 100 112 116 90 61 52 45 49 50 51 51 52 52 49 64 58 55 56 58 62 65 78 101 142 188 224 218 212 206 200 194 187 181 175 169 166 165 164 163 161 160 159 158 157 156 155 154 153 153 153 -9999 -9999 -9999 -9999 -9999 -9999 -9999 -9999 -9999 -9999 -9999 -9999 -9999 -9999 -9999 -9999 -9999 -9999 -9999 -9999 -9999 -9999 -9999 -9999 -9999 -9999 -9999 -9999 -9999 -9999 -9999 -9999 -9999 -9999 -9999 -9999 -9999
-9999 77 82 95 108 109 79 59 47 44 49 50 48 52 57 51 49 57 73 66 63 59 56 56 55 64 93 128 170 217 215 208 201 195 188 182 175 168 165 164 163 162 161 160 158 157 156 155 154 153 153 153 152 -9999 -9999 -9999 -9999 -9999 -9999 -9999 -9999 -9999 -9999 -9999 -9999 -9999 -9999 -9999 -9999 -9999 -9999 -9999 -9999 -9999 -9999 -9999 -9999 -9999 -9999 -9999 -9999 -9999 -9999 -9999 -9999 -9999 -9999 -9999 -9999 -9999
-9999 71 76 90 104 107 80 64 51 46 58 60 54 55 52 49 48 56 62 67 78 72 71 54 53 60 70 94 117 143 174 206 203 196 189 182 175 168 164 163 162 161 160 159 158 157 156 155 154 153 152 152 152 152 -9999 -9999 -9999 -9999 -9999 -9999 -9999 -9999 -9999 -9999 -9999 -9999 -9999 -9999 -9999 -9999 -9999 -9999 -9999 -9999 -9999 -9999 -9999 -9999 -9999 -9999 -9999 -9999 -9999 -9999 -9999 -9999 -9999 -9999 -9999 -9999
-9999 69 74 88 102 116 100 91 61 50 62 94 81 60 55 51 49 51 55 56 63 68 75 58 58 61 65 85 114 127 137 152 178 184 182 179 172 165 161 160 160 159 158 157 156 155 155 154 153 152 152 151 151 -9999 -9999 -9999 -9999 -9999 -9999 -9999 -9999 -9999 -9999 -9999 -9999 -9999 -9999 -9999 -9999 -9999 -9999 -9999 -9999 -9999 -9999 -9999 -9999 -9999 -9999 -9999 -9999 -9999 -9999 -9999 -9999 -9999 -9999 -9999 -9999 -9999
-9999 72 76 90 103 116 129 107 71 60 58 88 103 92 62 51 56 54 54 55 62 69 76 55 65 71 71 86 122 141 134 123 130 146 165 163 161 158 158 157 156 156 155 155 154 154 153 153 152 152 151 151 151 151 -9999 -9999 -9999 -9999 -9999 -9999 -9999 -9999 -9999 -9999 -9999 -9999 -9999 -9999 -9999 -9999 -9999 -9999 -9999 -9999 -9999 -9999 -9999 -9999 -9999 -9999 -9999 -9999 -9999 -9999 -9999 -9999 -9999 -9999 -9999 -9999
-9999 74 74 91 103 115 127 139 123 93 75 82 90 85 69 63 65 77 75 64 78 76 70 63 80 89 80 80 97 126 130 111 105 116 130 146 148 146 144 145 149 153 153 153 152 152 152 152 151 151 151 151 151 148 -9999 -9999 -9999 -9999 -9999 -9999 -9999 -9999 -9999 -9999 -9999 -9999 -9999 -9999 -9999 -9999 -9999 -9999 -9999 -9999 -9999 -9999 -9999 -9999 -9999 -9999 -9999 -9999 -9999 -9999 -9999 -9999 -9999 -9999 -9999 -9999
-9999 70 71 83 91 104 120 127 125 118 101 116 131 117 75 77 78 83 90 83 73 80 73 72 86 83 84 94 103 109 108 117 104 120 117 128 139 139 136 137 139 141 143 145 147 149 150 150 150 150 150 150 149 147 146 -9999 -9999 -9999 -9999 -9999 -9999 -9999 -9999 -9999 -9999 -9999 -9999 148 148 -9999 -9999 -9999 -9999 -9999 -9999 -9999 -9999 -9999 -9999 -9999 -9999 -9999 -9999 -9999 -9999 -9999 -9999 -9999 -9999 -9999
-9999 55 63 70 83 93 103 111 108 93 95 105 121 140 119 98 97 106 102 87 85 102 87 82 84 88 82 82 90 94 89 87 90 107 113 117 128 134 131 131 132 134 133 134 138 141 144 146 145 146 148 149 148 145 143 141 -9999 -9999 -9999 148 148 148 147 147 148 148 148 148 148 146 145 -9999 -9999 -9999 -9999 -9999 -9999 -9999 -9999 -9999 -9999 -9999 -9999 -9999 -9999 -9999 -9999 -9999 -9999 -9999
-9999 47 55 64 75 82 91 98 87 79 78 79 94 120 139 159 140 116 100 101 119 141 111 110 98 107 98 80 80 83 88 95 90 95 108 118 123 132 128 126 125 126 128 128 129 133 136 138 141 143 143 145 144 143 142 142 145 147 145 146 148 148 148 148 148 148 148 147 147 147 145 -9999 -9999 -9999 -9999 -9999 -9999 -9999 -9999 -9999 -9999 -9999 -9999 -9999 -9999 -9999 -9999 -9999 -9999 -9999
-9999 38 46 57 66 74 79 81 82 68 56 58 96 123 148 143 151 133 114 128 126 156 120 137 110 108 109 86 82 83 89 99 105 108 113 112 121 130 125 122 120 121 122 123 125 127 129 132 136 139 142 142 140 140 138 139 142 143 143 145 145 147 146 146 147 147 147 147 147 147 -9999 -9999 -9999 -9999 -9999 -9999 -9999 -9999 -9999 -9999 -9999 -9999 -9999 -9999 -9999 -9999 -9999 -9999 -9999 -9999
-9999 23 27 49 59 66 56 58 75 84 66 57 69 96 100 83 96 135 140 144 144 144 144 144 147 141 88 86 83 85 95 103 98 104 113 120 120 123 122 120 117 117 118 119 120 121 123 125 129 133 135 136 137 136 135 134 133 134 134 -9999 -9999 -9999 140 142 144 147 147 147 146 -9999 -9999 -9999 -9999 -9999 -9999 -9999 -9999 -9999 -9999 -9999 -9999 -9999 -9999 -9999 -9999 -9999 -9999 -9999 -9999 -9999
-9999 21 22 24 32 37 41 34 37 45 38 47 47 48 67 97 86 112 96 92 110 119 124 126 125 83 123 101 85 89 98 101 96 94 99 109 117 117 119 119 117 115 117 117 118 118 119 122 124 128 130 131 131 129 129 127 127 128 129 -9999 -9999 -9999 -9999 -9999 -9999 -9999 -9999 -9999 -9999 -9999 -9999 -9999 -9999 -9999 -9999 -9999 -9999 -9999 -9999 -9999 -9999 -9999 -9999 -9999 -9999 -9999 -9999 -9999 -9999 -9999
-9999 24 23 24 25 26 30 29 28 28 29 39 48 52 72 84 83 96 68 70 94 99 102 110 108 84 113 120 120 120 99 90 95 100 109 113 111 113 111 115 118 115 117 116 115 117 118 122 124 127 129 129 128 128 127 125 126 125 125 -9999 127 130 132 136 137 -9999 -9999 -9999 -9999 -9999 -9999 -9999 -9999 -9999 -9999 -9999 -9999 -9999 -9999 -9999 -9999 -9999 -9999 -9999 -9999 -9999 -9999 -9999 -9999 -9999
-9999 35 28 25 24 25 28 27 25 26 28 32 38 58 60 76 68 55 39 39 81 87 90 93 96 96 98 110 105 71 69 74 78 91 91 102 105 107 111 115 116 116 117 118 116 118 119 120 123 125 128 128 129 128 126 125 125 125 126 126 127 130 133 135 135 133 132 -9999 -9999 -9999 -9999 -9999 -9999 -9999 -9999 -9999 -9999 -9999 -9999 -9999 -9999 -9999 -9999 -9999 -9999 -9999 -9999 -9999 -9999 -9999
-9999 35 32 30 27 25 26 25 28 28 27 25 24 25 28 49 43 58 33 28 44 67 71 74 75 77 79 87 99 98 97 91 97 100 95 91 100 102 107 111 114 114 116 116 115 119 119 120 122 124 125 124 126 125 122 123 123 123 125 126 127 129 132 133 133 130 131 129 128 129 130 131 -9999 134 133 132 131 -9999 -9999 -9999 -9999 -9999 -9999 -9999 -9999 -9999 -9999 -9999 -9999 -9999
-9999 37 36 32 29 26 27 30 31 31 27 24 21 20 22 21 24 27 23 24 43 65 65 66 65 66 69 73 87 93 93 93 94 95 75 76 98 104 107 113 115 116 116 117 118 119 119 119 122 125 122 122 123 122 120 120 120 120 121 120 122 125 126 129 128 130 128 129 131 131 133 135 137 138 138 137 138 135 131 131 -9999 -9999 -9999 -9999 -9999 -9999 -9999 -9999 -9999 -9999
-9999 38 39 33 29 30 34 33 30 28 26 22 19 17 16 15 18 22 19 15 24 36 53 58 62 30 38 68 68 35 55 66 66 61 71 100 106 109 112 116 121 125 119 119 120 121 120 121 122 124 121 119 119 119 116 116 114 114 114 114 115 117 120 122 123 124 124 124 125 129 133 137 139 140 140 143 145 143 139 135 131 130 -9999 -9999 -9999 -9999 -9999 -9999 -9999 -9999
-9999 38 37 33 29 29 32 38 37 34 28 23 18 16 15 15 16 15 16 13 15 22 26 28 31 23 37 34 33 24 28 33 33 55 93 109 115 118 117 118 121 124 120 121 122 123 123 122 122 122 120 117 114 114 114 112 109 109 109 107 108 110 112 114 115 117 117 118 119 121 126 132 134 137 139 140 145 148 147 143 137 131 128 -9999 -9999 -9999 -9999 -9999 -9999 -9999
-9999 39 41 32 32 31 32 38 43 36 29 24 20 18 17 15 14 14 13 13 13 13 14 14 18 19 23 21 23 26 73 90 95 97 109 118 119 120 119 120 117 122 125 123 124 125 124 122 121 120 118 116 112 109 107 105 104 105 104 101 100 101 103 107 108 109 110 113 114 113 117 121 123 128 130 132 136 143 149 148 142 137 130 128 -9999 -9999 -9999 -9999 -9999 -9999
-9999 41 42 43 46 47 49 52 52 51 35 29 25 25 27 24 18 14 13 13 13 12 12 13 13 13 13 14 19 27 60 84 94 101 106 120 124 125 127 127 124 121 124 127 126 126 125 124 122 117 115 113 110 107 103 100 99 98 96 96 93 95 95 98 101 103 104 106 107 109 110 114 116 120 124 126 130 136 146 150 149 141 135 129 126 -9999 -9999 -9999 -9999 -9999
-9999 35 38 44 48 51 56 62 66 63 57 39 33 32 37 41 34 25 15 13 13 12 12 12 12 13 12 13 16 20 25 39 88 99 110 126 129 127 129 132 130 128 126 126 128 128 125 125 122 118 114 111 108 104 101 98 96 94 91 90 88 88 90 91 95 97 98 100 103 106 108 111 113 116 121 124 126 131 141 148 148 146 142 135 129 112 -9999 -9999 -9999 -9999
-9999 45 45 48 51 52 53 56 59 62 62 52 37 35 41 44 41 41 28 16 13 13 12 12 12 12 12 13 19 29 25 44 78 94 104 120 133 126 134 138 136 135 135 130 127 126 123 125 122 116 113 109 106 102 98 94 92 91 89 87 85 84 85 88 90 92 94 96 99 101 106 109 110 112 117 120 123 126 132 138 143 148 146 140 137 119 97 82 -9999 -9999
-9999 45 48 49 50 56 65 69 68 68 68 67 66 60 42 36 28 26 28 21 14 14 13 13 12 12 12 13 21 41 39 31 40 60 101 122 137 116 128 141 140 137 138 135 127 127 124 123 121 118 113 108 103 100 97 93 90 89 87 83 80 79 80 83 86 85 86 90 93 97 94 92 90 100 115 103 121 123 126 130 135 141 143 142 141 138 106 81 68 -9999
-9999 24 45 46 48 52 61 72 77 78 79 79 79 81 75 67 39 26 19 16 15 15 15 15 13 13 13 13 14 30 43 42 63 91 110 131 133 95 111 139 142 140 139 138 128 128 126 121 118 114 110 106 102 99 95 91 89 87 85 82 78 77 76 77 80 79 80 79 78 76 68 75 76 76 79 81 90 108 120 126 131 135 139 141 140 141 130 89 62 50
-9999 14 17 20 23 32 31 34 29 33 28 58 70 82 82 78 75 56 29 19 14 14 15 14 13 13 13 13 13 22 28 29 35 39 43 79 72 51 70 115 142 142 141 138 130 126 125 121 117 111 107 103 100 98 93 90 88 85 82 78 75 71 70 72 67 61 58 56 56 55 56 60 61 60 62 69 70 84 101 126 128 132 134 137 138 138 137 112 83 50
-9999 12 13 13 13 13 16 16 12 13 14 19 27 37 36 32 27 25 28 28 15 13 15 15 14 13 13 13 13 14 15 17 29 43 32 32 37 30 44 127 132 143 140 138 129 125 125 121 115 108 103 100 98 95 92 88 86 83 81 77 73 63 53 50 46 43 42 43 42 43 45 45 46 47 51 57 64 68 82 108 126 130 134 135 134 134 136 109 76 48
-9999 17 13 12 13 13 12 12 12 12 12 13 13 14 14 14 14 13 13 14 13 13 13 13 13 13 13 13 13 14 14 15 17 29 27 22 22 24 66 154 150 132 139 137 130 125 124 119 113 107 102 98 94 91 91 87 84 81 78 65 49 41 39 39 38 37 36 37 36 37 39 39 40 40 42 45 52 58 80 98 118 129 131 133 129 128 123 88 56 49
-9999 33 21 17 19 13 13 13 12 12 12 13 13 13 13 13 13 13 13 13 13 13 13 13 13 13 13 13 13 13 14 13 14 16 16 17 23 23 33 155 157 151 143 138 131 124 121 117 112 105 102 98 94 90 89 87 84 80 64 43 37 35 33 31 30 27 26 27 27 29 33 32 32 31 31 36 40 48 71 89 107 118 124 126 120 118 109 68 50 -9999
-9999 55 56 45 36 27 13 13 13 13 13 13 13 13 13 13 13 13 13 13 13 13 13 13 14 13 13 13 13 13 13 12 12 14 15 16 17 20 22 55 144 145 142 97 93 117 117 112 109 104 100 96 -9999 -9999 -9999 -9999 -9999 58 42 39 31 28 25 25 23 19 21 21 21 21 21 21 19 18 18 22 31 39 51 70 96 114 117 124 116 101 72 53 -9999 -9999
-9999 61 68 69 68 61 28 15 13 13 14 14 14 13 13 13 13 13 14 14 14 14 14 14 19 19 15 14 13 13 13 13 13 -9999 -9999 -9999 16 17 19 23 47 47 46 47 62 84 99 103 102 100 -9999 -9999 -9999 -9999 -9999 -9999 -9999 36 32 -9999 23 20 19 -9999 -9999 -9999 -9999 -9999 -9999 -9999 19 14 11 10 12 17 22 31 43 57 80 99 104 95 88 82 66 39 -9999 -9999
