Humedad_Suelo_ASC/terraclimate_soil_1964.txt
ncols         92
nrows         62
xllcorner     -72.083333333358
yllcorner     17.458333333309
cellsize      0.041666666666657
NODATA_value  -9999
[rows 0 to 39 of 62, columns 0 to 90 of 92]
-9999 -9999 -9999 -9999 -9999 -9999 -9999 -9999 -9999 -9999 -9999 -9999 -9999 -9999 -9999 -9999 -9999 -9999 -9999 -9999 -9999 -9999 -9999 -9999 -9999 -9999 -9999 -9999 -9999 -9999 -9999 -9999 -9999 -9999 -9999 -9999 -9999 -9999 -9999 -9999 -9999 -9999 -9999 -9999 -9999 -9999 -9999 -9999 -9999 -9999 -9999 -9999 -9999 -9999 -9999 -9999 -9999 -9999 -9999 -9999 -9999 -9999 -9999 -9999 -9999 -9999 -9999 -9999 -9999 -9999 -9999 -9999 -9999 -9999 -9999 -9999 -9999 -9999 -9999 -9999 -9999 -9999 -9999 -9999 -9999 -9999 -9999 -9999 -9999 -9999 -9999
-9999 -9999 -9999 -9999 -9999 -9999 -9999 -9999 -9999 -9999 -9999 -9999 -9999 -9999 -9999 -9999 -9999 -9999 -9999 -9999 -9999 -9999 -9999 -9999 -9999 -9999 -9999 -9999 -9999 -9999 -9999 -9999 -9999 -9999 -9999 -9999 -9999 -9999 -9999 -9999 -9999 -9999 -9999 -9999 -9999 -9999 -9999 -9999 -9999 -9999 -9999 -9999 -9999 -9999 -9999 -9999 -9999 -9999 -9999 -9999 -9999 -9999 -9999 -9999 -9999 -9999 -9999 -9999 -9999 -9999 -9999 -9999 -9999 -9999 -9999 -9999 -9999 -9999 -9999 -9999 -9999 -9999 -9999 -9999 -9999 -9999 -9999 -9999 -9999 -9999 -9999
-9999 -9999 -9999 -9999 -9999 -9999 -9999 -9999 -9999 -9999 -9999 -9999 -9999 -9999 -9999 -9999 -9999 -9999 -9999 -9999 -9999 -9999 -9999 -9999 191 195 195 -9999 -9999 -9999 -9999 -9999 -9999 -9999 -9999 -9999 -9999 -9999 -9999 -9999 -9999 -9999 -9999 -9999 -9999 -9999 -9999 -9999 -9999 -9999 -9999 -9999 -9999 -9999 -9999 -9999 -9999 -9999 -9999 -9999 -9999 -9999 -9999 -9999 -9999 -9999 -9999 -9999 -9999 -9999 -9999 -9999 -9999 -9999 -9999 -9999 -9999 -9999 -9999 -9999 -9999 -9999 -9999 -9999 -9999 -9999 -9999 -9999 -9999 -9999 -9999
-9999 -9999 -9999 -9999 -9999 -9999 140 -9999 -9999 -9999 130 113 113 115 107 97 -9999 -9999 -9999 -9999 -9999 -9999 -9999 -9999 196 201 200 198 196 193 191 -9999 -9999 -9999 -9999 -9999 -9999 -9999 -9999 -9999 -9999 -9999 -9999 -9999 -9999 -9999 -9999 -9999 -9999 -9999 -9999 -9999 -9999 -9999 -9999 -9999 -9999 -9999 -9999 -9999 -9999 -9999 -9999 -9999 -9999 -9999 -9999 -9999 -9999 -9999 -9999 -9999 -9999 -9999 -9999 -9999 -9999 -9999 -9999 -9999 -9999 -9999 -9999 -9999 -9999 -9999 -9999 -9999 -9999 -9999 -9999
-9999 -9999 -9999 -9999 -9999 -9999 -9999 -9999 -9999 130 130 119 108 114 124 114 113 107 114 115 151 171 185 193 198 205 205 203 200 197 194 191 188 -9999 -9999 -9999 -9999 -9999 -9999 -9999 -9999 -9999 -9999 -9999 -9999 -9999 -9999 -9999 -9999 -9999 -9999 -9999 -9999 -9999 -9999 -9999 -9999 -9999 -9999 -9999 -9999 -9999 -9999 -9999 -9999 -9999 -9999 -9999 -9999 -9999 -9999 -9999 -9999 -9999 -9999 -9999 -9999 -9999 -9999 -9999 -9999 -9999 -9999 -9999 -9999 -9999 -9999 -9999 -9999 -9999 -9999
-9999 -9999 -9999 -9999 -9999 -9999 -9999 128 122 118 114 109 103 99 107 119 140 160 163 148 151 181 190 193 199 206 210 207 204 200 197 194 190 187 -9999 -9999 -9999 -9999 -9999 -9999 -9999 -9999 -9999 -9999 -9999 -9999 -9999 -9999 -9999 -9999 -9999 -9999 -9999 -9999 -9999 -9999 -9999 -9999 -9999 -9999 -9999 -9999 -9999 -9999 -9999 -9999 -9999 -9999 -9999 -9999 -9999 -9999 -9999 -9999 -9999 -9999 -9999 -9999 -9999 -9999 -9999 -9999 -9999 -9999 -9999 -9999 -9999 -9999 -9999 -9999 -9999
-9999 -9999 -9999 -9999 -9999 -9999 -9999 122 107 94 87 75 77 85 92 96 109 147 158 181 193 201 205 203 205 210 212 212 208 204 200 196 192 188 184 180 177 173 170 169 -9999 -9999 -9999 -9999 -9999 -9999 -9999 -9999 -9999 -9999 -9999 -9999 -9999 -9999 -9999 -9999 -9999 -9999 -9999 -9999 -9999 -9999 -9999 -9999 -9999 -9999 -9999 -9999 -9999 -9999 -9999 -9999 -9999 -9999 -9999 -9999 -9999 -9999 -9999 -9999 -9999 -9999 -9999 -9999 -9999 -9999 -9999 -9999 -9999 -9999 -9999
-9999 87 89 94 97 102 110 -9999 71 69 63 55 48 50 48 52 62 85 98 117 134 171 202 211 216 215 215 213 212 207 203 198 194 190 185 181 176 172 169 168 167 -9999 -9999 -9999 -9999 -9999 -9999 -9999 -9999 -9999 -9999 -9999 -9999 -9999 -9999 -9999 -9999 -9999 -9999 -9999 -9999 -9999 -9999 -9999 -9999 -9999 -9999 -9999 -9999 -9999 -9999 -9999 -9999 -9999 -9999 -9999 -9999 -9999 -9999 -9999 -9999 -9999 -9999 -9999 -9999 -9999 -9999 -9999 -9999 -9999 -9999
-9999 80 81 89 93 99 106 70 50 42 41 42 42 41 41 39 42 49 57 67 79 100 125 171 208 219 223 216 211 208 206 201 196 191 186 181 176 171 168 167 166 164 163 -9999 -9999 -9999 -9999 -9999 152 151 148 147 -9999 -9999 -9999 -9999 -9999 -9999 -9999 -9999 -9999 -9999 -9999 -9999 -9999 -9999 -9999 -9999 -9999 -9999 -9999 -9999 -9999 -9999 -9999 -9999 -9999 -9999 -9999 -9999 -9999 -9999 -9999 -9999 -9999 -9999 -9999 -9999 -9999 -9999 -9999
-9999 74 75 82 89 95 103 78 55 52 49 47 46 40 40 42 38 41 44 46 49 53 65 78 99 134 206 214 213 207 202 197 193 190 186 181 176 170 167 166 165 164 162 161 160 159 -9999 152 152 152 151 150 145 -9999 -9999 -9999 -9999 -9999 -9999 -9999 -9999 -9999 -9999 -9999 -9999 -9999 -9999 -9999 -9999 -9999 -9999 -9999 -9999 -9999 -9999 -9999 -9999 -9999 -9999 -9999 -9999 -9999 -9999 -9999 -9999 -9999 -9999 -9999 -9999 -9999 -9999
-9999 68 72 78 87 92 100 84 72 62 69 64 63 59 55 53 47 80 61 47 44 43 45 45 51 65 102 144 201 203 200 195 191 188 181 177 172 167 164 165 164 163 161 160 159 158 154 152 151 150 151 153 146 -9999 -9999 -9999 -9999 -9999 -9999 -9999 -9999 -9999 -9999 -9999 -9999 -9999 -9999 -9999 -9999 -9999 -9999 -9999 -9999 -9999 -9999 -9999 -9999 -9999 -9999 -9999 -9999 -9999 -9999 -9999 -9999 -9999 -9999 -9999 -9999 -9999 -9999
-9999 64 64 73 80 89 97 93 78 74 81 75 67 74 82 63 54 73 105 87 70 54 45 39 35 40 54 84 118 164 195 194 192 188 184 177 167 160 156 156 154 155 158 157 154 152 154 153 149 147 148 147 143 -9999 -9999 -9999 -9999 -9999 -9999 -9999 -9999 -9999 -9999 -9999 -9999 -9999 -9999 -9999 -9999 -9999 -9999 -9999 -9999 -9999 -9999 -9999 -9999 -9999 -9999 -9999 -9999 -9999 -9999 -9999 -9999 -9999 -9999 -9999 -9999 -9999 -9999
-9999 51 58 69 76 85 97 107 97 87 117 115 91 88 77 66 62 75 86 94 112 94 83 46 37 40 45 59 74 90 114 139 169 179 177 173 167 162 155 151 150 152 152 150 149 152 152 150 147 146 144 142 139 138 -9999 -9999 -9999 -9999 -9999 -9999 -9999 -9999 -9999 -9999 -9999 -9999 -9999 -9999 -9999 -9999 -9999 -9999 -9999 -9999 -9999 -9999 -9999 -9999 -9999 -9999 -9999 -9999 -9999 -9999 -9999 -9999 -9999 -9999 -9999 -9999 -9999
-9999 45 52 67 77 92 97 110 118 114 137 161 162 114 97 81 74 76 82 82 94 99 104 61 55 48 45 66 98 90 85 90 106 119 146 159 157 155 153 150 149 152 150 146 147 148 148 148 146 144 142 142 138 -9999 -9999 -9999 -9999 -9999 -9999 -9999 -9999 -9999 -9999 -9999 -9999 -9999 -9999 -9999 -9999 -9999 -9999 -9999 -9999 -9999 -9999 -9999 -9999 -9999 -9999 -9999 -9999 -9999 -9999 -9999 -9999 -9999 -9999 -9999 -9999 -9999 -9999
-9999 46 50 64 77 90 103 110 116 121 130 151 165 170 123 99 110 101 91 91 108 111 118 69 78 78 64 84 126 135 103 72 70 75 88 102 128 139 139 143 145 147 144 142 142 142 143 144 144 143 142 140 138 137 -9999 -9999 -9999 -9999 -9999 -9999 -9999 -9999 -9999 -9999 -9999 -9999 -9999 -9999 -9999 -9999 -9999 -9999 -9999 -9999 -9999 -9999 -9999 -9999 -9999 -9999 -9999 -9999 -9999 -9999 -9999 -9999 -9999 -9999 -9999 -9999 -9999
-9999 42 47 61 74 88 99 111 120 128 130 139 150 157 150 133 135 156 153 127 152 140 121 95 120 123 94 82 101 127 115 76 61 69 66 74 83 98 112 129 132 137 139 138 138 141 141 139 139 140 140 139 138 135 -9999 -9999 -9999 -9999 -9999 -9999 -9999 -9999 -9999 -9999 -9999 -9999 -9999 -9999 -9999 -9999 -9999 -9999 -9999 -9999 -9999 -9999 -9999 -9999 -9999 -9999 -9999 -9999 -9999 -9999 -9999 -9999 -9999 -9999 -9999 -9999 -9999
-9999 43 47 59 70 82 94 103 114 125 130 141 151 157 147 148 148 150 153 150 146 151 139 128 140 121 110 119 120 115 99 98 72 86 70 71 73 77 83 95 112 126 128 130 132 134 139 141 137 136 138 138 136 134 133 -9999 -9999 -9999 -9999 -9999 -9999 -9999 -9999 -9999 -9999 -9999 -9999 129 126 -9999 -9999 -9999 -9999 -9999 -9999 -9999 -9999 -9999 -9999 -9999 -9999 -9999 -9999 -9999 -9999 -9999 -9999 -9999 -9999 -9999 -9999
-9999 38 45 52 64 73 83 93 101 108 115 125 137 150 152 147 146 148 147 142 141 148 145 144 144 141 119 108 112 104 87 75 68 82 77 73 76 74 79 81 91 102 115 121 125 127 130 133 132 133 135 136 135 133 131 129 -9999 -9999 -9999 133 132 131 130 128 129 130 135 133 131 122 120 -9999 -9999 -9999 -9999 -9999 -9999 -9999 -9999 -9999 -9999 -9999 -9999 -9999 -9999 -9999 -9999 -9999 -9999 -9999 -9999
-9999 33 39 47 57 65 73 81 88 94 102 111 120 135 143 149 149 142 136 135 140 145 141 140 139 141 142 119 106 102 99 98 81 79 87 82 79 79 81 81 87 93 100 113 117 121 124 126 129 131 131 133 132 132 131 131 133 134 132 132 133 134 132 130 130 132 134 136 130 123 120 -9999 -9999 -9999 -9999 -9999 -9999 -9999 -9999 -9999 -9999 -9999 -9999 -9999 -9999 -9999 -9999 -9999 -9999 -9999 -9999
-9999 31 32 42 50 58 63 69 79 84 88 95 108 123 128 128 135 135 130 131 130 132 132 132 130 131 131 125 119 110 115 111 106 101 101 89 84 88 88 88 91 98 104 108 113 115 117 120 124 128 131 130 129 129 127 129 130 130 130 130 130 130 129 128 129 131 131 131 127 125 -9999 -9999 -9999 -9999 -9999 -9999 -9999 -9999 -9999 -9999 -9999 -9999 -9999 -9999 -9999 -9999 -9999 -9999 -9999 -9999 -9999
-9999 31 32 36 45 51 53 59 69 77 80 85 93 102 105 104 108 114 118 120 121 121 122 121 122 122 117 114 112 110 112 112 101 96 100 99 95 95 95 95 94 95 98 101 106 110 111 114 118 122 124 125 126 125 124 124 123 123 122 -9999 -9999 -9999 123 124 125 127 128 126 123 -9999 -9999 -9999 -9999 -9999 -9999 -9999 -9999 -9999 -9999 -9999 -9999 -9999 -9999 -9999 -9999 -9999 -9999 -9999 -9999 -9999 -9999
-9999 30 32 35 37 40 45 47 54 62 65 73 79 82 89 95 94 94 91 90 93 99 104 105 103 102 105 105 103 103 105 104 98 88 87 91 93 93 93 94 95 95 99 100 102 106 108 111 114 118 119 120 121 119 120 118 118 118 118 -9999 -9999 -9999 -9999 -9999 -9999 -9999 -9999 -9999 -9999 -9999 -9999 -9999 -9999 -9999 -9999 -9999 -9999 -9999 -9999 -9999 -9999 -9999 -9999 -9999 -9999 -9999 -9999 -9999 -9999 -9999 -9999
-9999 31 32 34 36 38 40 42 44 49 54 62 69 73 79 82 80 79 76 73 78 83 84 90 88 86 91 97 98 98 96 94 94 91 91 90 89 95 92 93 97 97 101 102 103 105 107 111 114 117 119 119 119 119 118 117 117 116 115 -9999 115 116 117 118 118 -9999 -9999 -9999 -9999 -9999 -9999 -9999 -9999 -9999 -9999 -9999 -9999 -9999 -9999 -9999 -9999 -9999 -9999 -9999 -9999 -9999 -9999 -9999 -9999 -9999 -9999
-9999 33 33 35 36 37 39 40 42 43 45 51 58 65 67 68 67 65 60 58 65 70 72 75 76 77 77 86 85 82 81 81 83 85 83 85 85 91 92 94 97 99 103 105 104 106 107 109 112 115 118 118 119 119 118 117 117 116 116 115 115 117 118 118 117 112 109 -9999 -9999 -9999 -9999 -9999 -9999 -9999 -9999 -9999 -9999 -9999 -9999 -9999 -9999 -9999 -9999 -9999 -9999 -9999 -9999 -9999 -9999 -9999 -9999
-9999 34 34 35 36 37 38 39 40 41 42 42 43 45 49 53 52 54 47 44 48 53 56 58 59 60 61 65 76 76 75 75 76 79 77 77 81 86 89 91 96 98 101 101 101 107 107 109 112 114 115 115 117 116 114 115 115 113 113 112 113 116 117 117 114 110 108 105 102 98 99 100 -9999 103 99 95 93 -9999 -9999 -9999 -9999 -9999 -9999 -9999 -9999 -9999 -9999 -9999 -9999 -9999 -9999
-9999 35 35 36 37 37 38 39 40 40 40 41 41 41 42 41 42 43 41 41 43 49 50 51 50 50 52 55 64 69 69 70 73 72 71 72 77 88 89 92 96 100 101 103 105 105 107 108 111 114 110 112 114 114 112 110 109 107 108 107 107 109 110 110 109 110 107 107 107 105 105 106 109 109 107 103 100 95 90 87 -9999 -9999 -9999 -9999 -9999 -9999 -9999 -9999 -9999 -9999 -9999
-9999 36 36 37 38 38 39 39 40 40 40 40 40 40 40 39 40 41 40 38 41 46 50 51 47 42 46 51 53 52 57 65 67 69 72 79 88 93 94 95 103 107 103 104 107 107 108 109 112 112 108 106 108 108 106 103 101 98 97 97 95 97 99 101 102 101 101 101 103 105 108 112 112 110 108 110 110 108 101 93 85 82 -9999 -9999 -9999 -9999 -9999 -9999 -9999 -9999 -9999
-9999 36 37 38 38 39 40 40 41 41 41 40 40 40 39 39 39 39 39 34 36 40 41 42 42 39 44 44 44 35 39 44 39 66 77 89 97 102 98 95 101 107 103 105 109 111 111 108 107 108 104 103 99 100 101 95 91 89 86 84 86 87 88 89 91 93 91 91 92 92 97 103 105 108 108 107 113 120 113 104 94 83 80 -9999 -9999 -9999 -9999 -9999 -9999 -9999 -9999
-9999 37 37 38 39 40 40 41 41 41 41 40 40 41 40 39 38 34 31 30 29 29 29 29 31 31 36 32 37 41 61 69 73 75 85 98 98 99 98 98 95 102 108 107 107 110 110 107 106 104 102 98 93 90 87 83 81 82 79 76 74 74 75 78 80 81 81 84 84 81 84 87 89 94 96 97 99 107 116 111 101 89 80 77 -9999 -9999 -9999 -9999 -9999 -9999 -9999
-9999 38 38 39 40 40 41 42 42 43 42 42 42 43 43 42 40 36 30 28 26 25 24 25 24 25 23 24 28 41 60 67 74 80 85 98 104 106 110 112 105 99 104 110 110 111 112 110 105 101 97 94 89 85 80 75 74 72 71 69 66 66 65 67 70 71 72 74 74 74 75 78 80 83 87 89 92 97 110 113 111 95 84 76 68 -9999 -9999 -9999 -9999 -9999 -9999
-9999 38 39 39 40 41 43 48 51 49 44 44 44 44 45 46 44 42 35 28 25 23 22 22 22 22 21 22 25 28 36 55 72 81 90 102 107 105 110 117 115 109 107 106 112 115 110 109 104 100 95 92 88 83 77 72 70 68 64 61 60 58 58 59 61 63 64 65 66 69 71 74 75 78 82 85 86 92 100 107 108 101 92 82 68 57 -9999 -9999 -9999 -9999 -9999
-9999 39 39 40 41 41 42 45 48 50 50 45 44 45 45 46 45 45 43 35 27 23 21 21 21 20 20 20 28 43 34 56 69 78 86 97 109 90 98 119 119 121 122 111 107 110 107 106 102 97 93 88 84 79 73 68 64 62 59 56 54 53 52 54 55 57 59 59 61 64 68 71 71 73 77 79 83 84 90 96 102 104 96 89 83 63 52 45 -9999 -9999 -9999
-9999 39 40 41 41 43 50 53 54 55 54 54 53 53 48 45 44 43 44 39 29 28 24 22 20 20 20 20 28 57 52 41 52 71 83 99 112 94 85 123 123 122 124 119 106 107 104 103 100 96 91 85 80 75 70 66 60 59 56 52 50 47 46 49 51 50 51 54 57 60 64 67 68 72 75 74 79 81 82 85 89 96 95 91 88 79 57 45 41 -9999 -9999
-9999 39 40 41 42 42 47 54 58 59 60 61 62 65 60 55 46 44 39 33 29 29 29 27 21 19 20 21 21 39 59 54 70 80 90 105 109 76 70 93 122 123 125 125 105 104 104 98 95 91 86 82 76 71 67 64 58 55 53 49 45 43 43 44 45 46 47 49 52 56 59 64 67 70 71 73 74 76 77 81 84 87 90 89 88 87 69 48 40 34 -9999
-9999 32 38 40 40 41 42 43 44 46 45 54 57 63 63 61 58 52 45 37 27 26 27 24 21 19 20 20 21 26 32 32 42 45 46 79 57 44 48 71 101 122 124 120 104 101 101 97 91 85 81 77 72 69 66 61 57 53 50 44 42 41 41 43 44 45 46 47 48 52 54 61 63 64 67 69 64 70 75 79 82 85 86 86 85 84 81 58 43 34 31
-9999 28 29 31 29 29 39 40 22 28 28 36 45 51 51 48 46 41 46 46 30 22 26 27 23 21 19 20 20 21 22 24 32 47 37 35 38 33 42 82 86 108 117 114 103 97 99 96 88 82 76 71 69 65 61 58 55 51 46 42 41 40 40 41 42 43 44 46 47 47 49 50 52 54 58 63 63 59 63 74 80 82 84 84 80 77 73 57 43 34 -9999
-9999 38 30 28 29 25 19 19 15 12 8 9 17 27 25 22 23 14 15 22 20 18 19 19 18 18 19 20 20 21 23 23 24 31 32 29 29 31 50 105 97 90 107 111 99 94 95 90 85 78 72 67 63 61 61 56 52 48 42 41 40 39 39 40 41 42 41 42 42 43 45 47 48 49 50 51 54 54 65 71 78 81 81 81 75 71 68 47 39 35 -9999
-9999 42 41 39 40 29 27 19 12 8 4 4 4 4 4 4 4 4 4 5 8 16 16 17 17 18 19 19 20 20 21 22 23 24 25 26 29 30 38 122 135 128 117 113 98 88 88 86 81 73 70 66 64 59 57 55 50 45 42 41 40 38 38 39 39 36 34 35 37 38 42 42 43 42 43 44 46 49 60 68 77 80 80 78 73 69 62 44 38 -9999 -9999
-9999 43 44 44 43 43 28 20 15 8 4 4 4 3 3 4 4 4 4 5 6 11 14 17 20 20 20 20 20 20 21 22 22 23 24 25 25 27 31 49 112 112 113 83 78 78 77 75 73 70 68 63 -9999 -9999 -9999 -9999 -9999 44 42 42 40 39 39 38 36 33 30 31 32 33 35 36 35 34 34 36 40 45 49 58 73 78 78 80 74 61 45 41 -9999 -9999 -9999
-9999 49 55 56 54 49 44 33 24 16 21 24 12 4 4 4 4 4 5 5 8 11 16 21 30 32 25 22 20 20 21 21 22 -9999 -9999 -9999 26 27 28 32 47 48 49 51 62 70 70 68 64 62 -9999 -9999 -9999 -9999 -9999 -9999 -9999 42 41 -9999 40 39 38 -9999 -9999 -9999 -9999 -9999 -9999 -9999 33 33 32 31 31 32 34 40 45 50 65 75 73 66 58 54 47 37 -9999 -9999 -9999
