Humedad_Suelo_ASC/terraclimate_soil_2007.txt
ncols         92
nrows         62
xllcorner     -72.083333333358
yllcorner     17.458333333309
cellsize      0.041666666666657
NODATA_value  -9999
[rows 0 to 39 of 62, columns 0 to 88 of 92]
-9999 -9999 -9999 -9999 -9999 -9999 -9999 -9999 -9999 -9999 -9999 -9999 -9999 -9999 -9999 -9999 -9999 -9999 -9999 -9999 -9999 -9999 -9999 -9999 -9999 -9999 -9999 -9999 -9999 -9999 -9999 -9999 -9999 -9999 -9999 -9999 -9999 -9999 -9999 -9999 -9999 -9999 -9999 -9999 -9999 -9999 -9999 -9999 -9999 -9999 -9999 -9999 -9999 -9999 -9999 -9999 -9999 -9999 -9999 -9999 -9999 -9999 -9999 -9999 -9999 -9999 -9999 -9999 -9999 -9999 -9999 -9999 -9999 -9999 -9999 -9999 -9999 -9999 -9999 -9999 -9999 -9999 -9999 -9999 -9999 -9999 -9999 -9999 -9999
-9999 -9999 -9999 -9999 -9999 -9999 -9999 -9999 -9999 -9999 -9999 -9999 -9999 -9999 -9999 -9999 -9999 -9999 -9999 -9999 -9999 -9999 -9999 -9999 -9999 -9999 -9999 -9999 -9999 -9999 -9999 -9999 -9999 -9999 -9999 -9999 -9999 -9999 -9999 -9999 -9999 -9999 -9999 -9999 -9999 -9999 -9999 -9999 -9999 -9999 -9999 -9999 -9999 -9999 -9999 -9999 -9999 -9999 -9999 -9999 -9999 -9999 -9999 -9999 -9999 -9999 -9999 -9999 -9999 -9999 -9999 -9999 -9999 -9999 -9999 -9999 -9999 -9999 -9999 -9999 -9999 -9999 -9999 -9999 -9999 -9999 -9999 -9999 -9999
-9999 -9999 -9999 -9999 -9999 -9999 -9999 -9999 -9999 -9999 -9999 -9999 -9999 -9999 -9999 -9999 -9999 -9999 -9999 -9999 -9999 -9999 -9999 -9999 194 195 195 -9999 -9999 -9999 -9999 -9999 -9999 -9999 -9999 -9999 -9999 -9999 -9999 -9999 -9999 -9999 -9999 -9999 -9999 -9999 -9999 -9999 -9999 -9999 -9999 -9999 -9999 -9999 -9999 -9999 -9999 -9999 -9999 -9999 -9999 -9999 -9999 -9999 -9999 -9999 -9999 -9999 -9999 -9999 -9999 -9999 -9999 -9999 -9999 -9999 -9999 -9999 -9999 -9999 -9999 -9999 -9999 -9999 -9999 -9999 -9999 -9999 -9999
-9999 -9999 -9999 -9999 -9999 -9999 151 -9999 -9999 -9999 170 174 179 184 187 188 -9999 -9999 -9999 -9999 -9999 -9999 -9999 -9999 200 201 200 198 196 193 191 -9999 -9999 -9999 -9999 -9999 -9999 -9999 -9999 -9999 -9999 -9999 -9999 -9999 -9999 -9999 -9999 -9999 -9999 -9999 -9999 -9999 -9999 -9999 -9999 -9999 -9999 -9999 -9999 -9999 -9999 -9999 -9999 -9999 -9999 -9999 -9999 -9999 -9999 -9999 -9999 -9999 -9999 -9999 -9999 -9999 -9999 -9999 -9999 -9999 -9999 -9999 -9999 -9999 -9999 -9999 -9999 -9999 -9999
-9999 -9999 -9999 -9999 -9999 -9999 -9999 -9999 -9999 166 172 178 183 189 193 194 195 196 198 199 200 201 203 204 205 206 205 203 200 197 194 191 188 -9999 -9999 -9999 -9999 -9999 -9999 -9999 -9999 -9999 -9999 -9999 -9999 -9999 -9999 -9999 -9999 -9999 -9999 -9999 -9999 -9999 -9999 -9999 -9999 -9999 -9999 -9999 -9999 -9999 -9999 -9999 -9999 -9999 -9999 -9999 -9999 -9999 -9999 -9999 -9999 -9999 -9999 -9999 -9999 -9999 -9999 -9999 -9999 -9999 -9999 -9999 -9999 -9999 -9999 -9999 -9999
-9999 -9999 -9999 -9999 -9999 -9999 -9999 153 160 167 174 181 187 194 198 200 201 202 203 204 206 207 208 209 210 212 211 207 204 200 197 194 190 187 -9999 -9999 -9999 -9999 -9999 -9999 -9999 -9999 -9999 -9999 -9999 -9999 -9999 -9999 -9999 -9999 -9999 -9999 -9999 -9999 -9999 -9999 -9999 -9999 -9999 -9999 -9999 -9999 -9999 -9999 -9999 -9999 -9999 -9999 -9999 -9999 -9999 -9999 -9999 -9999 -9999 -9999 -9999 -9999 -9999 -9999 -9999 -9999 -9999 -9999 -9999 -9999 -9999 -9999 -9999
-9999 -9999 -9999 -9999 -9999 -9999 -9999 152 160 168 176 184 190 198 204 205 206 208 209 210 211 212 213 215 216 217 216 212 208 204 200 196 192 188 184 180 177 173 170 169 -9999 -9999 -9999 -9999 -9999 -9999 -9999 -9999 -9999 -9999 -9999 -9999 -9999 -9999 -9999 -9999 -9999 -9999 -9999 -9999 -9999 -9999 -9999 -9999 -9999 -9999 -9999 -9999 -9999 -9999 -9999 -9999 -9999 -9999 -9999 -9999 -9999 -9999 -9999 -9999 -9999 -9999 -9999 -9999 -9999 -9999 -9999 -9999 -9999
-9999 103 107 116 125 134 142 -9999 154 164 171 179 185 193 198 200 205 212 214 215 217 218 219 220 221 222 221 216 212 207 203 198 194 190 185 181 176 172 169 168 167 -9999 -9999 -9999 -9999 -9999 -9999 -9999 -9999 -9999 -9999 -9999 -9999 -9999 -9999 -9999 -9999 -9999 -9999 -9999 -9999 -9999 -9999 -9999 -9999 -9999 -9999 -9999 -9999 -9999 -9999 -9999 -9999 -9999 -9999 -9999 -9999 -9999 -9999 -9999 -9999 -9999 -9999 -9999 -9999 -9999 -9999 -9999 -9999
-9999 96 101 111 120 130 139 142 144 150 158 167 176 182 183 180 191 203 206 210 215 220 224 225 227 228 226 221 216 211 206 201 196 191 186 181 176 171 168 167 166 164 163 -9999 -9999 -9999 -9999 -9999 157 156 155 155 -9999 -9999 -9999 -9999 -9999 -9999 -9999 -9999 -9999 -9999 -9999 -9999 -9999 -9999 -9999 -9999 -9999 -9999 -9999 -9999 -9999 -9999 -9999 -9999 -9999 -9999 -9999 -9999 -9999 -9999 -9999 -9999 -9999 -9999 -9999 -9999 -9999
-9999 90 94 105 116 127 134 139 143 150 158 169 179 173 177 184 175 186 196 204 206 211 214 219 227 233 231 225 220 214 209 203 198 192 187 181 176 170 167 166 165 164 162 161 160 159 -9999 157 156 155 154 154 154 -9999 -9999 -9999 -9999 -9999 -9999 -9999 -9999 -9999 -9999 -9999 -9999 -9999 -9999 -9999 -9999 -9999 -9999 -9999 -9999 -9999 -9999 -9999 -9999 -9999 -9999 -9999 -9999 -9999 -9999 -9999 -9999 -9999 -9999 -9999 -9999
-9999 84 88 100 112 124 131 135 143 150 162 172 177 176 179 181 175 204 196 191 196 201 209 211 217 224 232 230 224 218 212 206 200 194 187 181 175 169 166 165 164 163 161 160 159 158 157 156 155 154 153 153 153 -9999 -9999 -9999 -9999 -9999 -9999 -9999 -9999 -9999 -9999 -9999 -9999 -9999 -9999 -9999 -9999 -9999 -9999 -9999 -9999 -9999 -9999 -9999 -9999 -9999 -9999 -9999 -9999 -9999 -9999 -9999 -9999 -9999 -9999 -9999 -9999
-9999 77 82 95 108 121 126 130 136 146 159 170 168 177 187 173 172 189 210 210 203 197 191 194 198 215 221 225 228 221 215 208 201 195 188 182 175 168 165 164 163 162 161 160 158 157 156 155 154 153 153 153 152 -9999 -9999 -9999 -9999 -9999 -9999 -9999 -9999 -9999 -9999 -9999 -9999 -9999 -9999 -9999 -9999 -9999 -9999 -9999 -9999 -9999 -9999 -9999 -9999 -9999 -9999 -9999 -9999 -9999 -9999 -9999 -9999 -9999 -9999 -9999 -9999
-9999 71 76 90 104 118 126 133 137 143 162 176 182 183 173 166 163 181 195 207 218 218 221 182 180 202 220 220 222 225 218 210 203 196 189 182 175 168 164 163 162 161 160 159 158 157 156 155 154 153 152 152 152 152 -9999 -9999 -9999 -9999 -9999 -9999 -9999 -9999 -9999 -9999 -9999 -9999 -9999 -9999 -9999 -9999 -9999 -9999 -9999 -9999 -9999 -9999 -9999 -9999 -9999 -9999 -9999 -9999 -9999 -9999 -9999 -9999 -9999 -9999 -9999
-9999 69 74 88 102 116 128 139 142 143 159 190 192 193 181 169 162 166 175 179 194 206 218 188 191 198 214 217 221 218 215 208 201 193 186 179 172 165 161 160 160 159 158 157 156 155 155 154 153 152 152 151 151 -9999 -9999 -9999 -9999 -9999 -9999 -9999 -9999 -9999 -9999 -9999 -9999 -9999 -9999 -9999 -9999 -9999 -9999 -9999 -9999 -9999 -9999 -9999 -9999 -9999 -9999 -9999 -9999 -9999 -9999 -9999 -9999 -9999 -9999 -9999 -9999
-9999 72 76 90 103 116 129 141 142 144 152 179 195 197 186 168 177 175 172 173 188 195 205 180 203 211 208 211 219 213 206 199 192 187 180 174 167 161 158 157 156 156 155 155 154 154 153 153 152 152 151 151 151 151 -9999 -9999 -9999 -9999 -9999 -9999 -9999 -9999 -9999 -9999 -9999 -9999 -9999 -9999 -9999 -9999 -9999 -9999 -9999 -9999 -9999 -9999 -9999 -9999 -9999 -9999 -9999 -9999 -9999 -9999 -9999 -9999 -9999 -9999 -9999
-9999 74 77 91 103 115 127 139 151 158 156 166 178 183 178 172 174 183 184 176 188 189 189 188 205 213 203 197 201 203 197 189 181 180 174 169 163 157 154 154 153 153 153 153 152 152 152 152 151 151 151 151 151 150 -9999 -9999 -9999 -9999 -9999 -9999 -9999 -9999 -9999 -9999 -9999 -9999 -9999 -9999 -9999 -9999 -9999 -9999 -9999 -9999 -9999 -9999 -9999 -9999 -9999 -9999 -9999 -9999 -9999 -9999 -9999 -9999 -9999 -9999 -9999
-9999 72 77 89 98 112 125 134 144 157 161 174 186 189 171 174 175 180 186 181 177 186 185 186 201 201 198 199 197 194 188 184 176 173 168 163 158 153 150 150 150 150 150 150 150 150 150 150 150 150 150 150 150 150 150 -9999 -9999 -9999 -9999 -9999 -9999 -9999 -9999 -9999 -9999 -9999 -9999 146 142 -9999 -9999 -9999 -9999 -9999 -9999 -9999 -9999 -9999 -9999 -9999 -9999 -9999 -9999 -9999 -9999 -9999 -9999 -9999 -9999
-9999 59 67 74 89 98 110 121 129 134 143 153 168 184 187 178 178 182 182 174 173 186 183 184 189 192 190 187 186 181 174 169 166 167 162 158 153 149 147 147 147 148 148 148 148 149 149 149 150 150 150 150 150 150 149 141 -9999 -9999 -9999 145 144 144 143 142 143 145 148 148 148 138 136 -9999 -9999 -9999 -9999 -9999 -9999 -9999 -9999 -9999 -9999 -9999 -9999 -9999 -9999 -9999 -9999 -9999 -9999
-9999 48 57 67 79 87 95 105 111 117 126 135 146 164 175 187 187 178 170 170 178 182 180 179 180 181 184 176 174 171 170 168 162 160 156 152 148 145 143 144 144 145 145 146 146 147 148 148 149 149 150 149 149 149 149 143 143 145 142 143 145 147 146 144 145 148 148 147 147 140 137 -9999 -9999 -9999 -9999 -9999 -9999 -9999 -9999 -9999 -9999 -9999 -9999 -9999 -9999 -9999 -9999 -9999 -9999
-9999 38 46 58 68 76 81 88 100 104 107 115 132 152 158 160 173 173 166 169 168 169 168 169 169 169 170 168 164 163 161 160 156 153 150 147 144 141 139 140 141 142 143 144 145 145 146 147 148 149 149 149 149 149 144 141 140 141 141 142 142 144 143 142 144 147 147 147 145 142 -9999 -9999 -9999 -9999 -9999 -9999 -9999 -9999 -9999 -9999 -9999 -9999 -9999 -9999 -9999 -9999 -9999 -9999 -9999
-9999 30 32 49 60 67 66 74 86 96 99 102 113 126 129 129 135 146 153 158 157 157 156 159 159 159 155 153 152 152 154 152 149 147 144 142 139 136 136 137 138 139 140 141 143 144 145 146 147 148 149 149 148 147 141 135 132 132 132 -9999 -9999 -9999 136 138 139 143 146 143 140 -9999 -9999 -9999 -9999 -9999 -9999 -9999 -9999 -9999 -9999 -9999 -9999 -9999 -9999 -9999 -9999 -9999 -9999 -9999 -9999
-9999 30 31 34 43 49 56 57 65 76 79 88 96 99 109 120 119 121 116 115 120 131 139 141 141 140 142 142 143 142 145 144 142 140 138 136 134 132 132 134 135 136 138 139 141 142 143 145 146 148 148 148 146 139 135 128 126 127 127 -9999 -9999 -9999 -9999 -9999 -9999 -9999 -9999 -9999 -9999 -9999 -9999 -9999 -9999 -9999 -9999 -9999 -9999 -9999 -9999 -9999 -9999 -9999 -9999 -9999 -9999 -9999 -9999 -9999 -9999
-9999 31 32 34 36 40 45 49 52 58 64 75 86 90 99 105 102 103 98 95 102 109 113 123 121 118 127 134 136 137 136 136 134 133 132 131 130 128 129 130 132 134 135 137 139 140 142 144 146 147 148 147 142 138 132 127 125 124 124 -9999 125 127 129 132 132 -9999 -9999 -9999 -9999 -9999 -9999 -9999 -9999 -9999 -9999 -9999 -9999 -9999 -9999 -9999 -9999 -9999 -9999 -9999 -9999 -9999 -9999 -9999 -9999
-9999 34 33 35 36 38 40 43 46 50 54 62 71 82 86 88 87 84 78 78 88 97 100 105 109 109 112 123 121 121 121 123 126 126 126 125 125 124 125 127 129 131 133 135 137 139 141 143 145 147 148 146 143 138 132 127 125 124 125 125 126 128 130 132 131 129 127 -9999 -9999 -9999 -9999 -9999 -9999 -9999 -9999 -9999 -9999 -9999 -9999 -9999 -9999 -9999 -9999 -9999 -9999 -9999 -9999 -9999 -9999
-9999 34 34 35 36 37 38 39 42 44 45 47 50 55 62 71 70 74 64 59 66 74 79 83 85 89 92 102 113 113 112 114 116 120 119 120 120 120 121 124 126 128 130 133 135 137 139 142 144 146 145 142 140 135 128 125 123 123 124 125 126 127 130 130 129 126 126 124 123 123 123 124 -9999 126 124 122 121 -9999 -9999 -9999 -9999 -9999 -9999 -9999 -9999 -9999 -9999 -9999 -9999
-9999 35 35 36 37 38 39 39 41 42 42 42 43 44 47 47 50 54 51 53 64 72 72 74 74 76 79 84 103 108 107 109 112 113 113 114 120 121 122 124 127 129 131 133 135 137 139 141 144 146 142 139 136 132 126 122 120 120 120 120 121 123 124 126 125 126 125 124 126 125 126 127 129 129 128 127 127 124 119 119 -9999 -9999 -9999 -9999 -9999 -9999 -9999 -9999 -9999
-9999 38 37 38 38 38 39 40 41 41 42 42 43 42 41 40 44 48 46 40 55 69 74 75 70 62 68 78 81 81 90 104 104 108 112 119 126 127 128 130 131 133 134 136 137 139 141 142 144 145 141 135 132 128 122 118 115 114 114 113 113 116 118 120 120 120 120 120 121 124 128 130 131 131 131 133 134 132 127 123 119 117 -9999 -9999 -9999 -9999 -9999 -9999 -9999
-9999 37 39 40 40 42 42 43 44 43 42 42 43 40 39 38 40 40 41 37 40 51 57 61 62 57 64 66 68 68 75 87 89 101 117 130 132 133 134 135 136 137 138 139 140 141 142 143 144 145 141 134 127 123 120 114 107 105 103 101 104 107 109 111 112 114 114 114 115 116 121 126 127 129 130 131 135 141 135 131 125 119 115 -9999 -9999 -9999 -9999 -9999 -9999
-9999 39 41 41 43 44 44 45 46 43 42 43 43 42 41 38 37 35 33 32 32 35 38 38 43 48 53 54 57 66 89 102 109 111 125 136 137 139 140 140 140 141 141 142 142 143 143 144 144 144 139 132 124 118 109 99 94 96 94 90 89 89 92 97 100 101 103 108 108 104 109 114 117 121 122 124 127 132 139 135 129 123 117 112 -9999 -9999 -9999 -9999 -9999
-9999 42 43 44 47 48 50 53 53 52 48 47 47 49 52 49 42 36 32 30 30 29 29 31 31 37 36 39 48 67 85 94 105 114 119 138 143 144 145 145 145 145 145 145 145 145 145 145 144 141 136 130 123 112 100 89 85 84 83 81 79 80 79 82 86 88 90 92 94 94 96 100 104 108 115 118 122 126 135 138 137 127 121 112 107 -9999 -9999 -9999 -9999
-9999 42 42 45 49 53 58 65 71 66 59 51 51 54 59 61 57 51 37 31 29 28 28 28 29 30 29 36 41 49 68 79 98 110 123 142 148 148 151 150 150 149 148 148 147 147 146 145 145 143 134 127 121 109 96 84 80 78 73 71 70 69 70 72 74 76 78 80 81 86 89 93 96 101 107 111 114 122 130 136 135 131 128 120 113 108 -9999 -9999 -9999
-9999 46 46 49 53 54 54 57 61 65 65 58 55 54 58 62 62 62 56 39 30 28 27 27 27 26 27 30 48 70 67 81 93 103 114 134 152 154 157 156 154 153 152 151 150 148 147 146 145 139 133 124 115 103 90 80 71 69 65 63 61 62 62 63 65 67 69 69 72 77 85 89 89 92 98 103 108 112 122 127 131 134 131 126 122 113 107 103 -9999
-9999 46 50 51 51 58 69 73 72 71 71 70 68 67 62 58 54 54 57 43 33 32 30 27 25 25 26 30 53 84 84 83 89 95 108 133 155 153 157 161 159 157 156 154 152 150 149 147 144 139 130 120 108 97 87 76 65 65 61 57 55 53 53 56 59 58 59 62 66 69 74 79 81 86 92 93 101 107 111 116 123 128 129 127 126 122 112 105 101
-9999 43 45 46 48 53 63 76 83 84 85 84 85 87 79 71 62 55 42 39 34 36 37 35 26 23 26 28 36 82 86 88 96 106 118 142 150 147 157 159 164 161 159 157 153 152 150 142 138 131 123 113 100 91 82 73 63 60 58 54 50 48 47 49 51 50 53 56 59 63 66 73 77 80 85 89 94 98 102 110 117 123 126 126 125 125 122 110 101
-9999 36 39 45 46 46 49 52 60 65 64 74 77 87 87 83 79 71 60 42 31 31 36 31 28 24 24 25 29 56 79 77 88 94 100 123 131 109 131 158 160 162 162 160 151 147 146 140 133 121 113 103 94 87 80 70 61 58 55 49 46 42 41 43 45 46 49 51 53 57 64 68 72 77 80 86 90 93 99 106 113 120 122 124 123 123 122 119 111
-9999 30 31 33 33 32 40 40 28 30 31 42 63 73 74 70 67 65 69 67 36 29 33 37 32 27 23 24 25 28 33 43 75 100 72 69 74 61 85 161 160 159 157 155 144 137 142 136 125 114 103 94 89 82 74 65 59 55 50 45 41 40 40 41 42 44 45 46 49 55 60 64 69 73 79 83 87 92 97 104 109 114 121 121 120 119 120 118 107
-9999 39 32 29 31 29 26 27 24 21 21 23 25 31 30 30 30 25 26 31 29 26 27 27 25 24 22 22 23 23 24 28 44 69 55 45 43 43 97 170 165 150 150 149 133 127 131 124 116 105 96 88 80 76 74 62 55 51 46 41 40 39 39 40 41 42 44 45 46 50 56 61 65 70 74 79 83 88 98 103 109 113 114 117 117 120 120 111 99
-9999 49 47 39 42 30 29 27 24 22 20 17 17 18 18 18 19 24 28 26 28 26 25 25 24 22 22 20 21 21 21 18 24 28 27 29 41 39 52 162 169 162 154 147 130 117 116 114 107 96 91 85 80 72 68 60 53 48 42 40 39 38 38 39 40 41 43 44 46 47 53 57 61 65 69 73 78 85 95 101 107 112 113 115 116 117 115 103 96
-9999 56 57 52 51 51 29 27 25 23 19 16 14 17 21 26 25 26 30 24 23 26 25 26 26 24 22 19 20 20 18 13 13 17 20 23 28 30 33 65 148 148 144 95 93 106 103 100 96 91 85 78 -9999 -9999 -9999 -9999 -9999 44 42 41 40 39 38 40 41 41 43 44 45 47 49 52 55 58 62 65 73 80 87 93 102 108 110 113 114 112 104 96 -9999
-9999 64 72 73 70 62 58 33 29 26 29 29 25 18 25 30 27 25 27 23 22 25 28 32 43 43 32 23 18 19 16 14 11 -9999 -9999 -9999 18 23 26 30 45 42 37 39 52 81 94 90 84 81 -9999 -9999 -9999 -9999 -9999 -9999 -9999 41 40 -9999 40 38 38 -9999 -9999 -9999 -9999 -9999 -9999 -9999 48 50 50 52 54 61 69 74 82 88 97 104 107 105 105 104 97 87 -9999
