Humedad_Suelo_ASC/terraclimate_soil_1970.txt
ncols         92
nrows         62
xllcorner     -72.083333333358
yllcorner     17.458333333309
cellsize      0.041666666666657
NODATA_value  -9999
[rows 0 to 39 of 62, columns 0 to 88 of 92]
-9999 -9999 -9999 -9999 -9999 -9999 -9999 -9999 -9999 -9999 -9999 -9999 -9999 -9999 -9999 -9999 -9999 -9999 -9999 -9999 -9999 -9999 -9999 -9999 -9999 -9999 -9999 -9999 -9999 -9999 -9999 -9999 -9999 -9999 -9999 -9999 -9999 -9999 -9999 -9999 -9999 -9999 -9999 -9999 -9999 -9999 -9999 -9999 -9999 -9999 -9999 -9999 -9999 -9999 -9999 -9999 -9999 -9999 -9999 -9999 -9999 -9999 -9999 -9999 -9999 -9999 -9999 -9999 -9999 -9999 -9999 -9999 -9999 -9999 -9999 -9999 -9999 -9999 -9999 -9999 -9999 -9999 -9999 -9999 -9999 -9999 -9999 -9999 -9999
-9999 -9999 -9999 -9999 -9999 -9999 -9999 -9999 -9999 -9999 -9999 -9999 -9999 -9999 -9999 -9999 -9999 -9999 -9999 -9999 -9999 -9999 -9999 -9999 -9999 -9999 -9999 -9999 -9999 -9999 -9999 -9999 -9999 -9999 -9999 -9999 -9999 -9999 -9999 -9999 -9999 -9999 -9999 -9999 -9999 -9999 -9999 -9999 -9999 -9999 -9999 -9999 -9999 -9999 -9999 -9999 -9999 -9999 -9999 -9999 -9999 -9999 -9999 -9999 -9999 -9999 -9999 -9999 -9999 -9999 -9999 -9999 -9999 -9999 -9999 -9999 -9999 -9999 -9999 -9999 -9999 -9999 -9999 -9999 -9999 -9999 -9999 -9999 -9999
-9999 -9999 -9999 -9999 -9999 -9999 -9999 -9999 -9999 -9999 -9999 -9999 -9999 -9999 -9999 -9999 -9999 -9999 -9999 -9999 -9999 -9999 -9999 -9999 194 195 195 -9999 -9999 -9999 -9999 -9999 -9999 -9999 -9999 -9999 -9999 -9999 -9999 -9999 -9999 -9999 -9999 -9999 -9999 -9999 -9999 -9999 -9999 -9999 -9999 -9999 -9999 -9999 -9999 -9999 -9999 -9999 -9999 -9999 -9999 -9999 -9999 -9999 -9999 -9999 -9999 -9999 -9999 -9999 -9999 -9999 -9999 -9999 -9999 -9999 -9999 -9999 -9999 -9999 -9999 -9999 -9999 -9999 -9999 -9999 -9999 -9999 -9999
-9999 -9999 -9999 -9999 -9999 -9999 151 -9999 -9999 -9999 125 107 110 117 109 101 -9999 -9999 -9999 -9999 -9999 -9999 -9999 -9999 200 201 200 198 196 193 191 -9999 -9999 -9999 -9999 -9999 -9999 -9999 -9999 -9999 -9999 -9999 -9999 -9999 -9999 -9999 -9999 -9999 -9999 -9999 -9999 -9999 -9999 -9999 -9999 -9999 -9999 -9999 -9999 -9999 -9999 -9999 -9999 -9999 -9999 -9999 -9999 -9999 -9999 -9999 -9999 -9999 -9999 -9999 -9999 -9999 -9999 -9999 -9999 -9999 -9999 -9999 -9999 -9999 -9999 -9999 -9999 -9999 -9999
-9999 -9999 -9999 -9999 -9999 -9999 -9999 -9999 -9999 123 126 120 115 128 147 135 131 118 124 123 159 182 201 204 205 206 205 203 200 197 194 191 188 -9999 -9999 -9999 -9999 -9999 -9999 -9999 -9999 -9999 -9999 -9999 -9999 -9999 -9999 -9999 -9999 -9999 -9999 -9999 -9999 -9999 -9999 -9999 -9999 -9999 -9999 -9999 -9999 -9999 -9999 -9999 -9999 -9999 -9999 -9999 -9999 -9999 -9999 -9999 -9999 -9999 -9999 -9999 -9999 -9999 -9999 -9999 -9999 -9999 -9999 -9999 -9999 -9999 -9999 -9999 -9999
-9999 -9999 -9999 -9999 -9999 -9999 -9999 130 118 115 114 112 112 117 131 146 169 191 194 175 175 202 205 209 210 212 211 207 204 200 197 194 190 187 -9999 -9999 -9999 -9999 -9999 -9999 -9999 -9999 -9999 -9999 -9999 -9999 -9999 -9999 -9999 -9999 -9999 -9999 -9999 -9999 -9999 -9999 -9999 -9999 -9999 -9999 -9999 -9999 -9999 -9999 -9999 -9999 -9999 -9999 -9999 -9999 -9999 -9999 -9999 -9999 -9999 -9999 -9999 -9999 -9999 -9999 -9999 -9999 -9999 -9999 -9999 -9999 -9999 -9999 -9999
-9999 -9999 -9999 -9999 -9999 -9999 -9999 125 110 103 101 94 98 107 118 124 139 186 197 204 209 212 213 215 216 217 216 212 208 204 200 196 192 188 184 180 177 173 170 169 -9999 -9999 -9999 -9999 -9999 -9999 -9999 -9999 -9999 -9999 -9999 -9999 -9999 -9999 -9999 -9999 -9999 -9999 -9999 -9999 -9999 -9999 -9999 -9999 -9999 -9999 -9999 -9999 -9999 -9999 -9999 -9999 -9999 -9999 -9999 -9999 -9999 -9999 -9999 -9999 -9999 -9999 -9999 -9999 -9999 -9999 -9999 -9999 -9999
-9999 103 107 116 123 120 122 -9999 87 88 86 86 85 90 89 92 103 127 138 162 179 208 218 220 221 222 221 216 212 207 203 198 194 190 185 181 176 172 169 168 167 -9999 -9999 -9999 -9999 -9999 -9999 -9999 -9999 -9999 -9999 -9999 -9999 -9999 -9999 -9999 -9999 -9999 -9999 -9999 -9999 -9999 -9999 -9999 -9999 -9999 -9999 -9999 -9999 -9999 -9999 -9999 -9999 -9999 -9999 -9999 -9999 -9999 -9999 -9999 -9999 -9999 -9999 -9999 -9999 -9999 -9999 -9999 -9999
-9999 96 101 111 120 118 118 95 81 76 77 82 86 90 90 86 91 105 111 120 133 155 179 215 225 228 226 221 216 211 206 201 196 191 186 181 176 171 168 167 166 164 163 -9999 -9999 -9999 -9999 -9999 157 156 155 155 -9999 -9999 -9999 -9999 -9999 -9999 -9999 -9999 -9999 -9999 -9999 -9999 -9999 -9999 -9999 -9999 -9999 -9999 -9999 -9999 -9999 -9999 -9999 -9999 -9999 -9999 -9999 -9999 -9999 -9999 -9999 -9999 -9999 -9999 -9999 -9999 -9999
-9999 90 94 105 116 111 114 104 92 97 101 106 110 104 107 106 95 102 101 104 108 117 123 135 159 199 228 225 220 214 209 203 198 192 187 181 176 170 167 166 165 164 162 161 160 159 -9999 157 156 155 154 154 154 -9999 -9999 -9999 -9999 -9999 -9999 -9999 -9999 -9999 -9999 -9999 -9999 -9999 -9999 -9999 -9999 -9999 -9999 -9999 -9999 -9999 -9999 -9999 -9999 -9999 -9999 -9999 -9999 -9999 -9999 -9999 -9999 -9999 -9999 -9999 -9999
-9999 84 88 100 112 110 113 116 118 115 132 132 139 140 137 133 119 164 138 116 107 106 108 106 112 132 173 217 222 218 212 206 200 194 187 181 175 169 166 165 164 163 161 160 159 158 157 156 155 154 153 153 153 -9999 -9999 -9999 -9999 -9999 -9999 -9999 -9999 -9999 -9999 -9999 -9999 -9999 -9999 -9999 -9999 -9999 -9999 -9999 -9999 -9999 -9999 -9999 -9999 -9999 -9999 -9999 -9999 -9999 -9999 -9999 -9999 -9999 -9999 -9999 -9999
-9999 77 82 95 108 107 109 113 121 132 145 154 150 166 179 151 136 159 191 174 151 127 112 104 96 102 129 158 193 215 215 208 201 195 188 182 175 168 165 164 163 162 161 160 158 157 156 155 154 153 153 153 152 -9999 -9999 -9999 -9999 -9999 -9999 -9999 -9999 -9999 -9999 -9999 -9999 -9999 -9999 -9999 -9999 -9999 -9999 -9999 -9999 -9999 -9999 -9999 -9999 -9999 -9999 -9999 -9999 -9999 -9999 -9999 -9999 -9999 -9999 -9999 -9999
-9999 71 76 90 104 104 110 117 122 131 148 161 171 183 179 162 151 167 179 186 198 180 167 115 103 111 120 139 155 169 194 206 203 196 189 182 175 168 164 163 162 161 160 159 158 157 156 155 154 153 152 152 152 152 -9999 -9999 -9999 -9999 -9999 -9999 -9999 -9999 -9999 -9999 -9999 -9999 -9999 -9999 -9999 -9999 -9999 -9999 -9999 -9999 -9999 -9999 -9999 -9999 -9999 -9999 -9999 -9999 -9999 -9999 -9999 -9999 -9999 -9999 -9999
-9999 69 74 88 102 116 114 123 125 130 146 170 176 182 184 180 168 168 173 171 183 185 190 137 128 119 116 144 181 173 167 169 190 186 185 179 172 165 161 160 160 159 158 157 156 155 155 154 153 152 152 151 151 -9999 -9999 -9999 -9999 -9999 -9999 -9999 -9999 -9999 -9999 -9999 -9999 -9999 -9999 -9999 -9999 -9999 -9999 -9999 -9999 -9999 -9999 -9999 -9999 -9999 -9999 -9999 -9999 -9999 -9999 -9999 -9999 -9999 -9999 -9999 -9999
-9999 72 76 90 103 116 129 125 125 130 139 161 176 182 176 170 171 170 169 169 175 179 185 138 150 151 136 158 195 196 181 146 145 152 167 168 166 161 158 157 156 156 155 155 154 154 153 153 152 152 151 151 151 151 -9999 -9999 -9999 -9999 -9999 -9999 -9999 -9999 -9999 -9999 -9999 -9999 -9999 -9999 -9999 -9999 -9999 -9999 -9999 -9999 -9999 -9999 -9999 -9999 -9999 -9999 -9999 -9999 -9999 -9999 -9999 -9999 -9999 -9999 -9999
-9999 59 60 77 91 108 118 129 135 138 141 151 163 169 168 164 165 170 170 165 172 172 171 166 181 186 163 148 170 183 179 144 126 138 138 149 154 152 150 152 153 153 153 153 152 152 152 152 151 151 151 151 151 150 -9999 -9999 -9999 -9999 -9999 -9999 -9999 -9999 -9999 -9999 -9999 -9999 -9999 -9999 -9999 -9999 -9999 -9999 -9999 -9999 -9999 -9999 -9999 -9999 -9999 -9999 -9999 -9999 -9999 -9999 -9999 -9999 -9999 -9999 -9999
-9999 58 60 71 80 92 106 114 125 137 142 155 165 170 160 162 162 164 167 164 161 166 165 165 174 174 172 173 173 171 164 162 135 152 138 142 144 143 144 145 147 149 150 150 150 150 150 150 150 150 150 150 150 150 150 -9999 -9999 -9999 -9999 -9999 -9999 -9999 -9999 -9999 -9999 -9999 -9999 148 148 -9999 -9999 -9999 -9999 -9999 -9999 -9999 -9999 -9999 -9999 -9999 -9999 -9999 -9999 -9999 -9999 -9999 -9999 -9999 -9999
-9999 47 54 62 74 84 94 105 113 120 128 137 150 163 167 162 161 162 161 156 155 162 160 160 162 166 163 160 160 156 144 132 125 142 140 137 137 137 136 138 141 143 143 143 147 149 149 149 150 150 150 150 150 150 149 149 -9999 -9999 -9999 149 148 148 148 148 148 148 148 148 148 148 148 -9999 -9999 -9999 -9999 -9999 -9999 -9999 -9999 -9999 -9999 -9999 -9999 -9999 -9999 -9999 -9999 -9999 -9999
-9999 41 48 58 68 76 84 93 101 107 115 124 133 147 156 164 164 157 151 150 154 159 156 154 155 157 160 150 147 145 143 143 135 133 134 133 133 135 131 131 131 134 138 139 139 143 147 148 149 149 150 149 149 149 149 149 149 149 148 148 148 148 148 148 148 148 148 147 147 147 147 -9999 -9999 -9999 -9999 -9999 -9999 -9999 -9999 -9999 -9999 -9999 -9999 -9999 -9999 -9999 -9999 -9999 -9999
-9999 35 42 52 61 69 75 81 91 96 101 108 121 136 141 141 150 150 145 146 144 146 146 146 146 146 148 144 138 138 137 139 139 136 133 127 130 136 129 125 124 127 131 134 135 138 140 143 148 149 149 149 149 149 149 148 148 148 148 148 148 147 147 147 147 147 147 147 147 147 -9999 -9999 -9999 -9999 -9999 -9999 -9999 -9999 -9999 -9999 -9999 -9999 -9999 -9999 -9999 -9999 -9999 -9999 -9999
-9999 30 32 46 55 62 63 70 80 88 93 97 106 115 118 118 122 128 133 135 135 135 136 136 137 138 134 131 130 129 132 136 132 130 127 126 121 126 127 124 121 122 124 128 132 133 135 137 142 146 149 149 148 148 148 147 145 146 146 -9999 -9999 -9999 147 147 147 147 147 147 147 -9999 -9999 -9999 -9999 -9999 -9999 -9999 -9999 -9999 -9999 -9999 -9999 -9999 -9999 -9999 -9999 -9999 -9999 -9999 -9999
-9999 29 31 34 43 50 55 58 65 74 78 85 92 95 102 109 108 107 103 102 106 113 118 119 118 117 121 122 122 122 126 129 123 120 118 117 120 121 127 126 124 124 127 127 130 131 132 135 138 142 144 145 145 143 143 141 140 141 141 -9999 -9999 -9999 -9999 -9999 -9999 -9999 -9999 -9999 -9999 -9999 -9999 -9999 -9999 -9999 -9999 -9999 -9999 -9999 -9999 -9999 -9999 -9999 -9999 -9999 -9999 -9999 -9999 -9999 -9999
-9999 30 31 33 37 42 47 50 54 60 65 74 82 86 92 95 93 92 88 86 90 95 97 104 102 99 106 115 117 118 117 116 118 118 118 117 114 122 120 126 131 128 132 131 130 131 133 136 139 142 144 144 143 142 141 139 140 139 138 -9999 140 143 145 146 146 -9999 -9999 -9999 -9999 -9999 -9999 -9999 -9999 -9999 -9999 -9999 -9999 -9999 -9999 -9999 -9999 -9999 -9999 -9999 -9999 -9999 -9999 -9999 -9999
-9999 35 32 34 36 39 43 45 48 52 55 62 69 77 80 81 79 77 72 71 78 84 86 89 91 91 92 104 103 101 101 103 105 109 106 108 108 117 125 127 129 131 133 135 133 135 135 136 139 142 145 145 146 144 142 141 140 139 140 140 141 144 146 146 146 146 143 -9999 -9999 -9999 -9999 -9999 -9999 -9999 -9999 -9999 -9999 -9999 -9999 -9999 -9999 -9999 -9999 -9999 -9999 -9999 -9999 -9999 -9999
-9999 35 34 35 36 38 39 40 44 46 47 50 52 56 61 65 65 66 60 55 60 65 69 71 72 74 76 82 95 96 94 96 97 102 99 100 105 111 121 124 126 128 130 133 133 137 137 138 140 142 142 142 144 142 138 139 138 138 140 140 141 143 145 145 145 143 143 140 138 139 140 141 -9999 143 141 139 138 -9999 -9999 -9999 -9999 -9999 -9999 -9999 -9999 -9999 -9999 -9999 -9999
-9999 36 36 36 37 38 40 40 43 44 44 45 44 45 49 49 50 52 50 51 57 63 63 64 63 64 66 69 82 88 88 90 93 93 92 94 100 116 122 124 127 129 131 133 135 137 138 139 141 144 140 140 141 140 137 136 135 135 136 135 137 139 141 143 142 143 141 140 142 142 143 145 146 146 146 145 146 142 137 137 -9999 -9999 -9999 -9999 -9999 -9999 -9999 -9999 -9999
-9999 38 38 38 38 40 41 41 43 43 44 42 42 42 42 42 45 48 46 44 52 61 65 66 61 55 59 65 68 67 73 83 84 87 92 100 112 120 128 130 131 133 134 136 137 139 141 141 143 144 138 136 137 137 133 131 129 127 128 128 128 131 134 136 137 137 137 135 136 140 144 146 146 147 147 147 147 147 145 141 137 135 -9999 -9999 -9999 -9999 -9999 -9999 -9999
-9999 37 39 40 41 42 43 44 45 45 44 42 42 42 42 41 42 42 42 40 41 49 53 56 55 52 56 58 59 42 55 72 62 82 97 113 127 133 133 135 136 137 138 139 140 141 142 142 140 140 135 132 127 128 129 122 117 116 114 113 117 121 123 126 127 129 129 129 130 131 136 142 144 146 148 149 148 148 148 148 143 137 133 -9999 -9999 -9999 -9999 -9999 -9999
-9999 40 41 41 43 44 44 45 47 44 44 42 42 43 43 42 41 41 39 36 34 35 36 34 36 36 43 37 44 59 76 86 91 92 106 123 125 130 131 133 127 141 141 142 142 143 143 142 138 136 133 127 120 116 112 107 105 108 106 102 101 102 106 111 115 117 119 123 124 122 126 130 132 136 138 140 143 149 149 149 149 142 136 133 -9999 -9999 -9999 -9999 -9999
-9999 41 42 43 46 47 49 51 52 51 48 48 47 49 52 49 43 41 38 34 31 30 29 29 28 29 28 28 33 60 74 82 91 98 102 119 129 133 144 145 139 132 142 145 145 145 145 145 140 132 128 124 117 111 105 98 96 95 94 93 91 93 92 96 100 103 105 108 111 111 113 118 122 128 131 133 137 143 150 150 149 147 140 134 131 -9999 -9999 -9999 -9999
-9999 41 42 45 48 52 56 62 66 62 57 51 51 53 57 59 56 51 42 35 30 28 27 27 27 27 25 28 30 35 51 72 88 98 108 124 132 130 137 150 148 147 142 143 147 147 146 145 141 133 126 122 116 109 101 94 91 90 85 83 82 81 83 85 88 91 93 95 97 102 106 111 114 119 126 131 132 138 147 150 150 150 148 140 134 132 -9999 -9999 -9999
-9999 46 46 49 52 53 54 57 60 63 63 57 55 54 57 60 60 60 55 43 33 29 26 25 25 22 22 25 36 64 50 74 84 93 102 117 134 136 140 156 154 153 152 149 145 148 141 146 141 130 124 118 112 105 97 90 85 84 80 78 76 75 76 79 80 83 86 87 90 94 102 106 106 109 116 122 129 132 139 144 149 150 149 146 142 137 135 132 -9999
-9999 47 50 50 50 57 66 70 69 69 69 68 67 66 62 59 55 54 56 48 37 34 30 26 21 20 21 24 37 77 78 72 83 88 99 119 138 133 140 160 159 153 156 154 140 146 141 140 137 133 124 115 108 101 95 88 83 81 78 74 70 70 70 73 76 77 78 81 85 89 93 98 99 105 110 111 121 128 132 136 141 148 150 149 148 144 140 136 132
-9999 44 47 47 49 53 62 73 78 80 81 80 81 83 76 70 63 57 48 43 37 37 37 33 23 19 21 23 29 70 80 82 90 98 108 128 134 130 138 145 154 153 158 157 137 143 144 132 130 124 118 112 104 98 92 87 83 80 77 73 68 67 67 68 71 71 74 76 80 84 86 92 97 100 104 109 114 118 123 132 138 142 147 148 148 148 145 140 132
-9999 28 34 43 46 48 52 54 61 65 65 73 75 84 84 80 77 70 62 50 32 32 35 30 24 19 20 20 22 38 59 59 82 93 99 113 121 106 128 142 148 155 158 155 135 135 140 133 126 118 113 106 100 97 91 86 83 79 75 69 66 62 62 64 67 68 71 73 75 79 86 90 93 98 101 106 110 113 120 130 134 140 142 146 146 146 146 143 140
-9999 27 27 29 28 28 41 42 23 29 29 46 65 73 74 71 68 67 70 68 37 28 32 34 30 22 19 20 20 22 28 35 60 97 74 72 82 68 99 147 147 150 148 146 132 128 137 132 123 115 107 100 98 93 88 84 81 77 74 68 64 60 59 61 62 64 66 70 72 75 82 87 93 96 101 105 110 114 119 127 133 138 142 143 142 142 145 144 138
-9999 36 28 27 28 25 19 19 15 13 13 15 19 30 28 25 27 17 18 27 23 20 20 20 18 19 19 20 20 21 22 23 35 61 60 50 50 58 128 161 157 146 141 141 129 125 129 125 119 110 104 98 92 90 90 84 79 75 71 65 60 57 58 58 60 59 52 53 54 56 63 68 75 80 88 100 107 112 120 127 134 138 140 142 142 144 145 140 130
-9999 53 48 42 44 28 27 19 13 12 11 11 12 13 13 14 14 14 15 15 16 17 17 18 18 19 19 19 20 20 21 20 22 25 26 30 51 57 84 156 169 159 149 143 130 120 120 119 114 105 102 98 94 88 87 85 80 74 68 64 60 57 56 54 44 37 36 37 39 42 51 54 59 63 67 79 91 109 120 125 132 140 141 142 143 142 142 134 127
-9999 59 61 56 55 54 27 20 15 12 11 10 11 11 12 13 14 14 15 15 16 16 17 18 20 21 20 20 19 19 20 20 20 22 24 26 34 43 56 115 147 148 145 121 112 114 112 109 107 103 98 93 -9999 -9999 -9999 -9999 -9999 72 67 64 61 55 43 37 35 32 32 33 34 36 39 42 43 44 49 59 78 96 114 119 127 136 139 142 143 140 135 126 -9999
-9999 66 73 74 72 66 61 35 25 17 22 27 17 11 13 14 14 15 16 16 16 17 18 24 43 46 32 22 20 20 20 20 21 -9999 -9999 -9999 27 36 44 59 103 104 99 102 102 105 106 103 97 95 -9999 -9999 -9999 -9999 -9999 -9999 -9999 61 60 -9999 43 37 35 -9999 -9999 -9999 -9999 -9999 -9999 -9999 36 37 36 36 39 48 65 83 106 115 124 132 136 135 136 135 128 119 -9999
