Humedad_Suelo_ASC/terraclimate_soil_1997.txt
ncols         92
nrows         62
xllcorner     -72.083333333358
yllcorner     17.458333333309
cellsize      0.041666666666657
NODATA_value  -9999
[rows 0 to 40 of 62, columns 0 to 90 of 92]
-9999 -9999 -9999 -9999 -9999 -9999 -9999 -9999 -9999 -9999 -9999 -9999 -9999 -9999 -9999 -9999 -9999 -9999 -9999 -9999 -9999 -9999 -9999 -9999 -9999 -9999 -9999 -9999 -9999 -9999 -9999 -9999 -9999 -9999 -9999 -9999 -9999 -9999 -9999 -9999 -9999 -9999 -9999 -9999 -9999 -9999 -9999 -9999 -9999 -9999 -9999 -9999 -9999 -9999 -9999 -9999 -9999 -9999 -9999 -9999 -9999 -9999 -9999 -9999 -9999 -9999 -9999 -9999 -9999 -9999 -9999 -9999 -9999 -9999 -9999 -9999 -9999 -9999 -9999 -9999 -9999 -9999 -9999 -9999 -9999 -9999 -9999 -9999 -9999 -9999 -9999
-9999 -9999 -9999 -9999 -9999 -9999 -9999 -9999 -9999 -9999 -9999 -9999 -9999 -9999 -9999 -9999 -9999 -9999 -9999 -9999 -9999 -9999 -9999 -9999 -9999 -9999 -9999 -9999 -9999 -9999 -9999 -9999 -9999 -9999 -9999 -9999 -9999 -9999 -9999 -9999 -9999 -9999 -9999 -9999 -9999 -9999 -9999 -9999 -9999 -9999 -9999 -9999 -9999 -9999 -9999 -9999 -9999 -9999 -9999 -9999 -9999 -9999 -9999 -9999 -9999 -9999 -9999 -9999 -9999 -9999 -9999 -9999 -9999 -9999 -9999 -9999 -9999 -9999 -9999 -9999 -9999 -9999 -9999 -9999 -9999 -9999 -9999 -9999 -9999 -9999 -9999
-9999 -9999 -9999 -9999 -9999 -9999 -9999 -9999 -9999 -9999 -9999 -9999 -9999 -9999 -9999 -9999 -9999 -9999 -9999 -9999 -9999 -9999 -9999 -9999 152 155 156 -9999 -9999 -9999 -9999 -9999 -9999 -9999 -9999 -9999 -9999 -9999 -9999 -9999 -9999 -9999 -9999 -9999 -9999 -9999 -9999 -9999 -9999 -9999 -9999 -9999 -9999 -9999 -9999 -9999 -9999 -9999 -9999 -9999 -9999 -9999 -9999 -9999 -9999 -9999 -9999 -9999 -9999 -9999 -9999 -9999 -9999 -9999 -9999 -9999 -9999 -9999 -9999 -9999 -9999 -9999 -9999 -9999 -9999 -9999 -9999 -9999 -9999 -9999 -9999
-9999 -9999 -9999 -9999 -9999 -9999 94 -9999 -9999 -9999 46 42 44 46 45 43 -9999 -9999 -9999 -9999 -9999 -9999 -9999 -9999 158 162 163 162 161 159 158 -9999 -9999 -9999 -9999 -9999 -9999 -9999 -9999 -9999 -9999 -9999 -9999 -9999 -9999 -9999 -9999 -9999 -9999 -9999 -9999 -9999 -9999 -9999 -9999 -9999 -9999 -9999 -9999 -9999 -9999 -9999 -9999 -9999 -9999 -9999 -9999 -9999 -9999 -9999 -9999 -9999 -9999 -9999 -9999 -9999 -9999 -9999 -9999 -9999 -9999 -9999 -9999 -9999 -9999 -9999 -9999 -9999 -9999 -9999 -9999
-9999 -9999 -9999 -9999 -9999 -9999 -9999 -9999 -9999 44 45 44 43 46 51 49 49 48 51 51 73 91 114 141 162 166 167 166 166 165 162 159 157 -9999 -9999 -9999 -9999 -9999 -9999 -9999 -9999 -9999 -9999 -9999 -9999 -9999 -9999 -9999 -9999 -9999 -9999 -9999 -9999 -9999 -9999 -9999 -9999 -9999 -9999 -9999 -9999 -9999 -9999 -9999 -9999 -9999 -9999 -9999 -9999 -9999 -9999 -9999 -9999 -9999 -9999 -9999 -9999 -9999 -9999 -9999 -9999 -9999 -9999 -9999 -9999 -9999 -9999 -9999 -9999 -9999 -9999
-9999 -9999 -9999 -9999 -9999 -9999 -9999 43 41 41 41 41 41 42 46 50 63 77 80 69 74 98 116 140 162 169 171 170 170 170 167 164 161 159 -9999 -9999 -9999 -9999 -9999 -9999 -9999 -9999 -9999 -9999 -9999 -9999 -9999 -9999 -9999 -9999 -9999 -9999 -9999 -9999 -9999 -9999 -9999 -9999 -9999 -9999 -9999 -9999 -9999 -9999 -9999 -9999 -9999 -9999 -9999 -9999 -9999 -9999 -9999 -9999 -9999 -9999 -9999 -9999 -9999 -9999 -9999 -9999 -9999 -9999 -9999 -9999 -9999 -9999 -9999 -9999 -9999
-9999 -9999 -9999 -9999 -9999 -9999 -9999 42 38 36 35 32 34 37 41 43 48 70 78 95 118 169 172 171 172 175 175 173 172 172 169 166 164 161 158 154 151 148 144 141 -9999 -9999 -9999 -9999 -9999 -9999 -9999 -9999 -9999 -9999 -9999 -9999 -9999 -9999 -9999 -9999 -9999 -9999 -9999 -9999 -9999 -9999 -9999 -9999 -9999 -9999 -9999 -9999 -9999 -9999 -9999 -9999 -9999 -9999 -9999 -9999 -9999 -9999 -9999 -9999 -9999 -9999 -9999 -9999 -9999 -9999 -9999 -9999 -9999 -9999 -9999
-9999 50 51 56 59 52 43 -9999 29 30 28 27 27 28 27 30 35 44 49 57 67 96 149 178 181 181 180 177 174 172 169 165 162 161 158 154 150 147 142 141 138 -9999 -9999 -9999 -9999 -9999 -9999 -9999 -9999 -9999 -9999 -9999 -9999 -9999 -9999 -9999 -9999 -9999 -9999 -9999 -9999 -9999 -9999 -9999 -9999 -9999 -9999 -9999 -9999 -9999 -9999 -9999 -9999 -9999 -9999 -9999 -9999 -9999 -9999 -9999 -9999 -9999 -9999 -9999 -9999 -9999 -9999 -9999 -9999 -9999 -9999
-9999 45 46 53 56 57 43 35 29 26 24 24 25 25 25 25 27 34 38 43 49 57 70 105 163 187 188 183 177 173 169 165 162 159 155 151 147 142 139 139 137 134 133 -9999 -9999 -9999 -9999 -9999 122 122 120 119 -9999 -9999 -9999 -9999 -9999 -9999 -9999 -9999 -9999 -9999 -9999 -9999 -9999 -9999 -9999 -9999 -9999 -9999 -9999 -9999 -9999 -9999 -9999 -9999 -9999 -9999 -9999 -9999 -9999 -9999 -9999 -9999 -9999 -9999 -9999 -9999 -9999 -9999 -9999
-9999 41 43 49 54 54 44 39 34 34 33 32 31 26 26 28 26 29 31 34 38 43 48 55 64 89 145 184 182 176 170 165 161 157 152 147 142 138 137 137 135 134 132 131 128 127 -9999 122 122 123 123 122 119 -9999 -9999 -9999 -9999 -9999 -9999 -9999 -9999 -9999 -9999 -9999 -9999 -9999 -9999 -9999 -9999 -9999 -9999 -9999 -9999 -9999 -9999 -9999 -9999 -9999 -9999 -9999 -9999 -9999 -9999 -9999 -9999 -9999 -9999 -9999 -9999 -9999 -9999
-9999 38 42 46 56 57 57 44 42 39 44 42 42 41 39 39 34 55 46 37 35 36 40 41 47 55 71 104 168 175 172 167 163 158 152 145 139 134 131 132 131 131 130 129 127 126 124 122 122 122 123 125 119 -9999 -9999 -9999 -9999 -9999 -9999 -9999 -9999 -9999 -9999 -9999 -9999 -9999 -9999 -9999 -9999 -9999 -9999 -9999 -9999 -9999 -9999 -9999 -9999 -9999 -9999 -9999 -9999 -9999 -9999 -9999 -9999 -9999 -9999 -9999 -9999 -9999 -9999
-9999 37 35 44 48 55 63 50 48 48 52 50 46 51 55 46 40 52 71 60 53 45 37 37 35 42 53 65 89 130 170 167 164 159 154 147 140 132 128 127 126 126 127 126 124 123 124 123 121 119 120 120 117 -9999 -9999 -9999 -9999 -9999 -9999 -9999 -9999 -9999 -9999 -9999 -9999 -9999 -9999 -9999 -9999 -9999 -9999 -9999 -9999 -9999 -9999 -9999 -9999 -9999 -9999 -9999 -9999 -9999 -9999 -9999 -9999 -9999 -9999 -9999 -9999 -9999 -9999
-9999 26 31 43 45 54 63 68 58 56 76 76 62 60 54 49 46 54 60 64 79 66 61 39 35 39 45 55 61 73 93 118 146 154 150 145 140 134 128 125 124 125 124 122 123 124 123 121 119 118 117 116 114 114 -9999 -9999 -9999 -9999 -9999 -9999 -9999 -9999 -9999 -9999 -9999 -9999 -9999 -9999 -9999 -9999 -9999 -9999 -9999 -9999 -9999 -9999 -9999 -9999 -9999 -9999 -9999 -9999 -9999 -9999 -9999 -9999 -9999 -9999 -9999 -9999 -9999
-9999 25 27 39 49 62 65 76 84 71 93 128 108 79 68 59 55 56 59 59 66 70 75 51 47 42 43 56 78 76 73 79 95 108 134 136 132 129 126 124 123 126 123 120 121 121 120 120 119 117 116 116 114 -9999 -9999 -9999 -9999 -9999 -9999 -9999 -9999 -9999 -9999 -9999 -9999 -9999 -9999 -9999 -9999 -9999 -9999 -9999 -9999 -9999 -9999 -9999 -9999 -9999 -9999 -9999 -9999 -9999 -9999 -9999 -9999 -9999 -9999 -9999 -9999 -9999 -9999
-9999 26 27 34 46 57 71 76 82 91 97 120 133 126 85 69 76 70 63 64 76 80 86 54 59 59 54 65 96 105 85 64 67 73 85 99 122 117 116 118 120 121 119 117 117 117 117 118 117 117 116 115 114 113 -9999 -9999 -9999 -9999 -9999 -9999 -9999 -9999 -9999 -9999 -9999 -9999 -9999 -9999 -9999 -9999 -9999 -9999 -9999 -9999 -9999 -9999 -9999 -9999 -9999 -9999 -9999 -9999 -9999 -9999 -9999 -9999 -9999 -9999 -9999 -9999 -9999
-9999 26 27 32 41 54 64 76 86 94 101 111 123 129 100 91 92 109 105 87 104 96 85 69 85 87 69 62 77 97 90 65 56 63 65 74 85 100 108 109 111 114 115 114 115 117 117 115 114 115 115 115 114 112 -9999 -9999 -9999 -9999 -9999 -9999 -9999 -9999 -9999 -9999 -9999 -9999 -9999 -9999 -9999 -9999 -9999 -9999 -9999 -9999 -9999 -9999 -9999 -9999 -9999 -9999 -9999 -9999 -9999 -9999 -9999 -9999 -9999 -9999 -9999 -9999 -9999
-9999 27 28 32 37 48 59 69 79 90 98 110 121 129 121 124 122 127 132 120 103 105 92 86 93 84 78 85 87 85 77 78 61 73 64 68 72 77 88 103 105 106 107 109 110 112 115 117 113 113 114 114 113 111 111 -9999 -9999 -9999 -9999 -9999 -9999 -9999 -9999 -9999 -9999 -9999 -9999 114 112 -9999 -9999 -9999 -9999 -9999 -9999 -9999 -9999 -9999 -9999 -9999 -9999 -9999 -9999 -9999 -9999 -9999 -9999 -9999 -9999 -9999 -9999
-9999 26 28 32 36 44 54 64 72 80 89 99 111 123 126 124 124 126 126 123 123 129 114 102 94 92 80 74 78 74 65 59 56 68 67 66 70 70 78 84 98 101 101 102 105 107 109 110 110 111 113 114 112 110 110 109 -9999 -9999 -9999 113 113 113 112 112 113 115 119 118 116 109 109 -9999 -9999 -9999 -9999 -9999 -9999 -9999 -9999 -9999 -9999 -9999 -9999 -9999 -9999 -9999 -9999 -9999 -9999 -9999 -9999
-9999 27 29 32 36 40 48 56 64 72 80 89 98 112 120 124 124 120 117 117 122 126 124 123 123 125 104 79 72 70 70 71 62 62 69 70 70 70 76 80 88 94 97 98 99 102 104 106 108 110 110 111 110 110 109 110 112 113 113 113 114 115 114 113 114 116 118 119 115 110 109 -9999 -9999 -9999 -9999 -9999 -9999 -9999 -9999 -9999 -9999 -9999 -9999 -9999 -9999 -9999 -9999 -9999 -9999 -9999 -9999
-9999 27 29 32 36 39 43 49 58 65 70 78 89 102 108 108 113 114 111 113 113 116 116 116 115 116 115 89 79 74 76 77 76 73 75 70 70 75 77 80 84 88 92 94 95 98 99 102 105 108 110 110 109 108 107 108 110 110 110 111 112 113 112 112 113 114 115 116 113 111 -9999 -9999 -9999 -9999 -9999 -9999 -9999 -9999 -9999 -9999 -9999 -9999 -9999 -9999 -9999 -9999 -9999 -9999 -9999 -9999 -9999
-9999 27 29 32 35 38 41 43 51 59 64 69 77 85 88 89 92 98 101 103 104 106 108 107 108 107 103 100 90 85 88 81 69 68 73 77 76 79 79 80 80 83 86 90 92 93 95 98 101 103 105 106 106 105 105 105 105 105 105 -9999 -9999 -9999 107 108 109 111 113 112 110 -9999 -9999 -9999 -9999 -9999 -9999 -9999 -9999 -9999 -9999 -9999 -9999 -9999 -9999 -9999 -9999 -9999 -9999 -9999 -9999 -9999 -9999
-9999 27 28 31 35 37 40 42 44 48 53 60 66 70 76 81 81 82 80 80 83 88 92 93 91 90 93 92 90 90 92 78 67 62 63 69 79 79 77 79 80 82 86 88 90 91 92 95 98 101 102 103 103 102 102 101 101 102 102 -9999 -9999 -9999 -9999 -9999 -9999 -9999 -9999 -9999 -9999 -9999 -9999 -9999 -9999 -9999 -9999 -9999 -9999 -9999 -9999 -9999 -9999 -9999 -9999 -9999 -9999 -9999 -9999 -9999 -9999 -9999 -9999
-9999 28 29 31 34 36 38 40 42 44 46 52 58 62 67 70 69 68 66 65 69 74 76 80 78 77 81 85 85 85 83 73 66 65 68 72 77 81 78 77 82 83 86 87 88 89 91 95 98 100 102 102 102 102 102 101 101 101 101 -9999 101 102 102 104 104 -9999 -9999 -9999 -9999 -9999 -9999 -9999 -9999 -9999 -9999 -9999 -9999 -9999 -9999 -9999 -9999 -9999 -9999 -9999 -9999 -9999 -9999 -9999 -9999 -9999 -9999
-9999 31 30 32 34 35 37 39 40 42 44 45 48 54 56 58 57 56 52 51 56 62 64 66 67 68 69 75 73 70 63 60 60 69 71 70 75 79 76 77 81 83 85 87 88 90 91 93 96 99 101 102 103 103 102 102 102 101 102 102 102 103 104 104 103 102 101 -9999 -9999 -9999 -9999 -9999 -9999 -9999 -9999 -9999 -9999 -9999 -9999 -9999 -9999 -9999 -9999 -9999 -9999 -9999 -9999 -9999 -9999 -9999 -9999
-9999 31 32 33 34 35 36 37 39 40 41 42 43 45 45 45 45 45 44 43 43 46 49 51 52 53 54 57 65 65 64 65 65 68 67 63 70 74 74 74 79 81 83 85 86 90 91 93 96 98 99 100 101 101 100 101 101 101 102 102 103 103 104 104 103 101 101 100 99 99 100 100 -9999 102 101 100 100 -9999 -9999 -9999 -9999 -9999 -9999 -9999 -9999 -9999 -9999 -9999 -9999 -9999 -9999
-9999 32 33 34 35 35 36 37 38 39 40 40 41 42 42 42 42 42 41 41 42 42 44 44 43 44 45 48 55 59 59 61 63 63 58 52 67 76 74 75 79 82 83 86 88 90 91 92 96 99 98 98 99 99 99 99 99 99 99 99 100 101 101 101 100 101 101 102 102 102 102 103 104 105 104 104 104 102 100 100 -9999 -9999 -9999 -9999 -9999 -9999 -9999 -9999 -9999 -9999 -9999
-9999 33 34 35 35 36 37 38 39 39 40 40 40 41 40 38 41 42 38 32 41 42 43 44 41 40 41 45 47 42 50 57 59 57 58 70 77 82 81 78 84 88 87 88 90 92 92 94 96 99 97 96 97 97 96 95 94 92 93 93 92 95 97 98 98 98 99 99 100 103 106 107 107 107 107 108 109 109 106 103 98 90 -9999 -9999 -9999 -9999 -9999 -9999 -9999 -9999 -9999
-9999 34 35 36 36 37 38 39 39 40 40 41 40 39 36 34 37 35 34 29 29 36 41 42 41 33 41 42 43 27 33 37 33 60 69 79 85 88 84 80 85 90 88 90 92 94 95 95 95 96 93 93 90 91 93 88 84 83 81 80 83 85 86 88 91 94 93 95 96 97 102 106 106 108 109 109 112 116 112 108 105 88 75 -9999 -9999 -9999 -9999 -9999 -9999 -9999 -9999
-9999 35 35 36 37 38 39 39 40 40 41 41 41 42 39 35 32 30 28 27 25 26 26 25 26 26 30 26 30 36 55 62 66 68 78 88 88 87 84 84 82 87 92 93 93 96 96 94 93 92 90 87 84 82 80 76 74 76 74 71 71 71 73 77 80 81 83 87 87 85 89 92 95 102 105 106 107 111 115 112 108 103 73 65 -9999 -9999 -9999 -9999 -9999 -9999 -9999
-9999 35 36 37 38 39 39 40 41 41 42 42 43 44 44 44 39 31 28 24 22 21 21 21 20 20 18 18 21 35 55 62 68 75 79 90 95 95 97 99 92 86 89 96 96 97 97 96 93 89 86 84 79 77 72 68 67 66 66 64 63 64 63 66 69 71 73 75 77 77 79 82 85 89 94 97 101 107 113 114 114 107 78 64 57 -9999 -9999 -9999 -9999 -9999 -9999
-9999 36 37 38 38 39 40 41 42 43 43 43 43 44 45 45 45 44 31 25 21 18 18 17 17 17 14 16 18 21 30 46 67 76 84 95 99 96 100 104 102 95 93 93 98 100 96 95 91 88 84 81 78 74 69 64 63 62 59 57 56 55 55 58 60 62 64 66 67 71 74 77 80 84 88 92 94 102 110 113 113 110 97 71 58 50 -9999 -9999 -9999 -9999 -9999
-9999 37 38 38 39 40 41 42 42 43 44 44 44 45 45 45 45 45 44 31 23 19 16 15 15 14 13 13 22 39 29 56 65 73 81 91 100 78 83 107 107 109 108 98 94 96 94 93 89 85 81 77 74 70 65 61 58 56 54 53 51 50 50 52 54 56 59 60 62 65 71 74 72 74 83 86 90 93 101 108 111 112 110 84 69 55 47 44 -9999 -9999 -9999
-9999 37 38 39 40 41 42 43 46 47 47 47 47 48 46 45 45 45 45 34 26 24 20 16 12 12 12 12 22 52 47 36 46 69 79 93 103 79 73 102 112 111 113 107 93 93 91 90 87 84 79 75 70 66 62 58 55 54 52 49 46 45 46 48 51 52 53 56 59 62 61 61 62 69 75 65 85 86 84 95 101 109 104 89 82 67 51 43 41 -9999 -9999
-9999 38 39 39 40 41 42 43 47 48 49 51 53 56 53 49 46 45 35 30 26 26 26 22 13 10 12 12 13 35 51 48 70 77 84 98 102 64 62 79 102 113 114 113 93 91 91 86 83 79 75 71 66 63 59 56 53 51 50 47 44 44 44 45 47 48 50 51 51 52 49 53 55 56 57 55 57 63 65 75 78 84 85 83 83 76 60 45 40 35 -9999
-9999 29 34 40 40 41 42 42 43 44 44 46 49 54 54 53 52 48 46 32 22 22 23 19 14 9 11 11 11 19 29 30 38 41 42 68 51 38 45 64 86 107 113 109 93 89 88 84 79 73 71 67 63 60 58 55 52 50 48 44 44 43 43 44 45 45 45 45 46 46 47 49 50 50 51 51 49 53 56 65 69 74 76 72 71 71 68 53 42 35 32
-9999 28 28 29 28 28 37 36 21 27 26 31 46 47 48 47 43 37 46 47 26 16 21 23 18 12 8 9 9 11 12 15 29 44 32 30 31 25 35 73 76 91 106 104 93 87 87 83 76 70 65 61 59 56 54 52 51 48 46 43 43 42 42 42 42 41 40 41 41 42 44 45 46 47 48 49 49 47 49 56 62 69 70 67 65 64 62 52 42 35 -9999
-9999 35 29 27 28 24 17 17 12 7 6 6 12 23 20 16 17 7 8 15 12 8 8 9 8 8 8 9 9 9 11 12 14 26 25 19 18 21 47 91 86 78 89 101 90 84 84 79 73 67 62 57 53 52 52 50 48 46 43 42 42 41 40 39 38 36 35 36 36 37 40 41 42 43 44 45 46 46 49 54 61 65 65 66 60 59 58 44 38 35 -9999
-9999 41 41 38 41 28 25 17 8 6 5 5 3 3 3 3 3 3 3 5 6 8 8 8 8 8 8 9 9 9 9 9 10 12 14 15 19 21 31 103 123 113 100 100 91 81 78 76 70 63 60 56 54 50 50 50 48 44 43 42 41 39 37 35 32 28 27 28 29 31 36 36 37 36 37 39 41 43 48 53 60 63 64 62 58 56 52 41 37 -9999 -9999
-9999 41 42 43 43 44 26 18 11 6 5 3 3 3 3 3 3 3 4 5 6 7 7 8 8 9 9 9 9 9 9 9 10 10 10 12 12 16 25 44 94 95 97 66 65 75 72 69 67 63 58 53 -9999 -9999 -9999 -9999 -9999 43 42 41 39 37 34 31 28 26 23 24 25 27 28 29 28 27 27 29 34 40 44 47 57 65 65 66 59 50 43 39 -9999 -9999 -9999
-9999 42 47 49 47 45 45 31 22 11 17 20 8 3 3 3 3 3 5 6 6 7 8 12 26 29 19 11 9 9 9 9 10 -9999 -9999 -9999 13 16 18 27 42 43 43 45 50 58 66 65 61 59 -9999 -9999 -9999 -9999 -9999 -9999 -9999 38 37 -9999 35 32 31 -9999 -9999 -9999 -9999 -9999 -9999 -9999 26 25 23 21 22 25 28 34 41 45 51 60 59 52 46 45 42 34 -9999 -9999 -9999
-9999 54 57 57 55 52 53 55 51 49 43 37 31 10 5 3 3 5 6 6 7 7 8 9 20 32 39 18 9 9 9 9 10 -9999 -9999 -9999 11 12 14 18 24 30 35 36 37 42 47 49 47 -9999 -9999 -9999 -9999 -9999 -9999 -9999 -9999 -9999 -9999 -9999 -9999 -9999 -9999 -9999 -9999 -9999 -9999 -9999 -9999 -9999 -9999 -9999 -9999 19 19 -9999 -9999 30 36 42 45 47 46 43 40 37 36 36 -9999 -9999 -9999
