Humedad_Suelo_ASC/terraclimate_soil_1982.txt
ncols         92
nrows         62
xllcorner     -72.083333333358
yllcorner     17.458333333309
cellsize      0.041666666666657
NODATA_value  -9999
[rows 0 to 38 of 62, columns 0 to 87 of 92]
-9999 -9999 -9999 -9999 -9999 -9999 -9999 -9999 -9999 -9999 -9999 -9999 -9999 -9999 -9999 -9999 -9999 -9999 -9999 -9999 -9999 -9999 -9999 -9999 -9999 -9999 -9999 -9999 -9999 -9999 -9999 -9999 -9999 -9999 -9999 -9999 -9999 -9999 -9999 -9999 -9999 -9999 -9999 -9999 -9999 -9999 -9999 -9999 -9999 -9999 -9999 -9999 -9999 -9999 -9999 -9999 -9999 -9999 -9999 -9999 -9999 -9999 -9999 -9999 -9999 -9999 -9999 -9999 -9999 -9999 -9999 -9999 -9999 -9999 -9999 -9999 -9999 -9999 -9999 -9999 -9999 -9999 -9999 -9999 -9999 -9999 -9999 -9999
-9999 -9999 -9999 -9999 -9999 -9999 -9999 -9999 -9999 -9999 -9999 -9999 -9999 -9999 -9999 -9999 -9999 -9999 -9999 -9999 -9999 -9999 -9999 -9999 -9999 -9999 -9999 -9999 -9999 -9999 -9999 -9999 -9999 -9999 -9999 -9999 -9999 -9999 -9999 -9999 -9999 -9999 -9999 -9999 -9999 -9999 -9999 -9999 -9999 -9999 -9999 -9999 -9999 -9999 -9999 -9999 -9999 -9999 -9999 -9999 -9999 -9999 -9999 -9999 -9999 -9999 -9999 -9999 -9999 -9999 -9999 -9999 -9999 -9999 -9999 -9999 -9999 -9999 -9999 -9999 -9999 -9999 -9999 -9999 -9999 -9999 -9999 -9999
-9999 -9999 -9999 -9999 -9999 -9999 -9999 -9999 -9999 -9999 -9999 -9999 -9999 -9999 -9999 -9999 -9999 -9999 -9999 -9999 -9999 -9999 -9999 -9999 194 195 195 -9999 -9999 -9999 -9999 -9999 -9999 -9999 -9999 -9999 -9999 -9999 -9999 -9999 -9999 -9999 -9999 -9999 -9999 -9999 -9999 -9999 -9999 -9999 -9999 -9999 -9999 -9999 -9999 -9999 -9999 -9999 -9999 -9999 -9999 -9999 -9999 -9999 -9999 -9999 -9999 -9999 -9999 -9999 -9999 -9999 -9999 -9999 -9999 -9999 -9999 -9999 -9999 -9999 -9999 -9999 -9999 -9999 -9999 -9999 -9999 -9999
-9999 -9999 -9999 -9999 -9999 -9999 147 -9999 -9999 -9999 124 112 113 119 114 109 -9999 -9999 -9999 -9999 -9999 -9999 -9999 -9999 200 201 200 198 196 193 191 -9999 -9999 -9999 -9999 -9999 -9999 -9999 -9999 -9999 -9999 -9999 -9999 -9999 -9999 -9999 -9999 -9999 -9999 -9999 -9999 -9999 -9999 -9999 -9999 -9999 -9999 -9999 -9999 -9999 -9999 -9999 -9999 -9999 -9999 -9999 -9999 -9999 -9999 -9999 -9999 -9999 -9999 -9999 -9999 -9999 -9999 -9999 -9999 -9999 -9999 -9999 -9999 -9999 -9999 -9999 -9999 -9999
-9999 -9999 -9999 -9999 -9999 -9999 -9999 -9999 -9999 127 127 117 108 118 132 124 127 124 136 143 179 182 188 196 203 206 205 203 200 197 194 191 188 -9999 -9999 -9999 -9999 -9999 -9999 -9999 -9999 -9999 -9999 -9999 -9999 -9999 -9999 -9999 -9999 -9999 -9999 -9999 -9999 -9999 -9999 -9999 -9999 -9999 -9999 -9999 -9999 -9999 -9999 -9999 -9999 -9999 -9999 -9999 -9999 -9999 -9999 -9999 -9999 -9999 -9999 -9999 -9999 -9999 -9999 -9999 -9999 -9999 -9999 -9999 -9999 -9999 -9999 -9999
-9999 -9999 -9999 -9999 -9999 -9999 -9999 113 112 113 112 111 106 104 115 132 153 176 181 177 183 188 192 197 203 211 211 207 204 200 197 194 190 187 -9999 -9999 -9999 -9999 -9999 -9999 -9999 -9999 -9999 -9999 -9999 -9999 -9999 -9999 -9999 -9999 -9999 -9999 -9999 -9999 -9999 -9999 -9999 -9999 -9999 -9999 -9999 -9999 -9999 -9999 -9999 -9999 -9999 -9999 -9999 -9999 -9999 -9999 -9999 -9999 -9999 -9999 -9999 -9999 -9999 -9999 -9999 -9999 -9999 -9999 -9999 -9999 -9999 -9999
-9999 -9999 -9999 -9999 -9999 -9999 -9999 107 98 88 84 77 81 93 104 110 128 167 181 189 194 202 207 206 209 214 216 212 208 204 200 196 192 188 184 180 177 173 170 169 -9999 -9999 -9999 -9999 -9999 -9999 -9999 -9999 -9999 -9999 -9999 -9999 -9999 -9999 -9999 -9999 -9999 -9999 -9999 -9999 -9999 -9999 -9999 -9999 -9999 -9999 -9999 -9999 -9999 -9999 -9999 -9999 -9999 -9999 -9999 -9999 -9999 -9999 -9999 -9999 -9999 -9999 -9999 -9999 -9999 -9999 -9999 -9999
-9999 102 101 104 105 108 92 -9999 69 69 66 61 56 60 62 66 78 106 123 147 175 195 204 214 220 221 221 216 212 207 203 198 194 190 185 181 176 172 169 168 167 -9999 -9999 -9999 -9999 -9999 -9999 -9999 -9999 -9999 -9999 -9999 -9999 -9999 -9999 -9999 -9999 -9999 -9999 -9999 -9999 -9999 -9999 -9999 -9999 -9999 -9999 -9999 -9999 -9999 -9999 -9999 -9999 -9999 -9999 -9999 -9999 -9999 -9999 -9999 -9999 -9999 -9999 -9999 -9999 -9999 -9999 -9999
-9999 95 94 99 101 106 91 63 52 50 50 49 51 51 53 49 57 74 83 98 118 146 188 202 213 225 226 221 216 211 206 201 196 191 186 181 176 171 168 167 166 164 163 -9999 -9999 -9999 -9999 -9999 157 156 155 155 -9999 -9999 -9999 -9999 -9999 -9999 -9999 -9999 -9999 -9999 -9999 -9999 -9999 -9999 -9999 -9999 -9999 -9999 -9999 -9999 -9999 -9999 -9999 -9999 -9999 -9999 -9999 -9999 -9999 -9999 -9999 -9999 -9999 -9999 -9999 -9999
-9999 89 87 93 97 101 95 71 57 55 55 55 57 51 52 51 50 57 61 68 78 95 119 144 182 208 216 222 220 214 209 203 198 192 187 181 176 170 167 166 165 164 162 161 160 159 -9999 157 156 155 154 154 154 -9999 -9999 -9999 -9999 -9999 -9999 -9999 -9999 -9999 -9999 -9999 -9999 -9999 -9999 -9999 -9999 -9999 -9999 -9999 -9999 -9999 -9999 -9999 -9999 -9999 -9999 -9999 -9999 -9999 -9999 -9999 -9999 -9999 -9999 -9999
-9999 83 85 89 96 98 105 94 92 85 98 89 84 73 70 67 55 109 78 62 63 69 82 95 120 149 205 207 211 214 212 206 200 194 187 181 175 169 166 165 164 163 161 160 159 158 157 156 155 154 153 153 153 -9999 -9999 -9999 -9999 -9999 -9999 -9999 -9999 -9999 -9999 -9999 -9999 -9999 -9999 -9999 -9999 -9999 -9999 -9999 -9999 -9999 -9999 -9999 -9999 -9999 -9999 -9999 -9999 -9999 -9999 -9999 -9999 -9999 -9999 -9999
-9999 77 77 83 88 95 102 111 119 125 137 135 104 114 132 87 74 104 170 140 103 81 75 78 84 103 144 199 202 204 207 208 201 195 188 182 175 168 165 164 163 162 161 160 158 157 156 155 154 153 153 153 152 -9999 -9999 -9999 -9999 -9999 -9999 -9999 -9999 -9999 -9999 -9999 -9999 -9999 -9999 -9999 -9999 -9999 -9999 -9999 -9999 -9999 -9999 -9999 -9999 -9999 -9999 -9999 -9999 -9999 -9999 -9999 -9999 -9999 -9999 -9999
-9999 64 70 80 84 92 102 112 122 134 150 165 166 165 143 111 97 119 148 159 185 165 154 82 82 96 115 159 191 198 198 196 194 195 189 182 175 168 164 163 162 161 160 159 158 157 156 155 154 153 152 152 152 152 -9999 -9999 -9999 -9999 -9999 -9999 -9999 -9999 -9999 -9999 -9999 -9999 -9999 -9999 -9999 -9999 -9999 -9999 -9999 -9999 -9999 -9999 -9999 -9999 -9999 -9999 -9999 -9999 -9999 -9999 -9999 -9999 -9999 -9999
-9999 57 63 78 86 99 103 114 122 133 149 169 179 189 177 155 139 134 140 143 160 173 186 120 113 104 110 164 198 193 189 185 181 177 176 176 172 165 161 160 160 159 158 157 156 155 155 154 153 152 152 151 151 -9999 -9999 -9999 -9999 -9999 -9999 -9999 -9999 -9999 -9999 -9999 -9999 -9999 -9999 -9999 -9999 -9999 -9999 -9999 -9999 -9999 -9999 -9999 -9999 -9999 -9999 -9999 -9999 -9999 -9999 -9999 -9999 -9999 -9999 -9999
-9999 58 60 74 85 97 110 115 121 131 143 161 176 186 187 169 177 161 147 148 171 181 194 136 154 162 151 181 193 191 183 174 167 164 162 161 160 158 158 157 156 156 155 155 154 154 153 153 152 152 151 151 151 151 -9999 -9999 -9999 -9999 -9999 -9999 -9999 -9999 -9999 -9999 -9999 -9999 -9999 -9999 -9999 -9999 -9999 -9999 -9999 -9999 -9999 -9999 -9999 -9999 -9999 -9999 -9999 -9999 -9999 -9999 -9999 -9999 -9999 -9999
-9999 52 56 69 82 95 105 116 125 133 141 153 165 175 178 177 177 180 181 178 182 183 182 169 188 191 184 172 179 180 175 165 158 155 152 149 147 146 145 149 153 153 153 153 152 152 152 152 151 151 151 151 151 150 -9999 -9999 -9999 -9999 -9999 -9999 -9999 -9999 -9999 -9999 -9999 -9999 -9999 -9999 -9999 -9999 -9999 -9999 -9999 -9999 -9999 -9999 -9999 -9999 -9999 -9999 -9999 -9999 -9999 -9999 -9999 -9999 -9999 -9999
-9999 52 56 67 77 89 100 109 119 131 140 152 163 171 170 171 171 172 173 172 171 174 174 174 179 179 177 175 172 170 163 161 152 152 146 144 142 140 138 140 144 148 150 150 150 150 150 150 150 150 150 150 150 150 150 -9999 -9999 -9999 -9999 -9999 -9999 -9999 -9999 -9999 -9999 -9999 -9999 148 148 -9999 -9999 -9999 -9999 -9999 -9999 -9999 -9999 -9999 -9999 -9999 -9999 -9999 -9999 -9999 -9999 -9999 -9999 -9999
-9999 50 54 64 75 84 94 104 112 121 131 140 152 163 169 167 166 166 165 163 164 167 167 167 168 169 167 164 162 158 152 148 144 144 141 138 137 136 134 135 138 141 142 144 148 149 149 149 150 150 150 150 150 150 149 149 -9999 -9999 -9999 149 148 148 148 148 148 148 148 148 148 148 148 -9999 -9999 -9999 -9999 -9999 -9999 -9999 -9999 -9999 -9999 -9999 -9999 -9999 -9999 -9999 -9999 -9999
-9999 47 53 62 72 80 88 97 105 113 122 131 140 152 158 163 162 159 156 156 158 161 160 159 160 161 161 154 151 148 146 145 139 136 136 134 134 135 132 131 131 134 136 139 141 146 148 148 149 149 150 149 149 149 149 149 149 149 148 148 148 148 148 148 148 148 148 147 147 147 147 -9999 -9999 -9999 -9999 -9999 -9999 -9999 -9999 -9999 -9999 -9999 -9999 -9999 -9999 -9999 -9999 -9999
-9999 45 50 60 69 76 83 90 98 105 111 120 130 142 146 146 150 151 149 149 148 149 149 150 150 149 149 146 142 140 138 139 137 135 132 129 131 134 130 127 126 129 131 133 136 139 142 146 148 149 149 149 149 149 149 148 148 148 148 148 148 147 147 147 147 147 147 147 147 147 -9999 -9999 -9999 -9999 -9999 -9999 -9999 -9999 -9999 -9999 -9999 -9999 -9999 -9999 -9999 -9999 -9999 -9999
-9999 34 40 57 66 72 75 82 91 98 104 110 118 126 130 130 132 135 138 138 138 138 139 140 139 139 136 134 132 131 132 133 130 128 126 125 122 126 127 126 123 124 126 128 131 132 135 138 144 148 149 149 148 148 148 148 148 148 147 -9999 -9999 -9999 147 147 147 147 147 147 147 -9999 -9999 -9999 -9999 -9999 -9999 -9999 -9999 -9999 -9999 -9999 -9999 -9999 -9999 -9999 -9999 -9999 -9999 -9999
-9999 32 33 38 52 61 69 68 79 89 93 101 108 112 117 121 120 120 118 117 119 123 125 125 124 123 124 123 123 122 124 125 122 120 118 117 119 119 123 125 123 122 125 126 128 129 131 135 138 144 147 148 148 148 148 148 147 147 147 -9999 -9999 -9999 -9999 -9999 -9999 -9999 -9999 -9999 -9999 -9999 -9999 -9999 -9999 -9999 -9999 -9999 -9999 -9999 -9999 -9999 -9999 -9999 -9999 -9999 -9999 -9999 -9999 -9999
-9999 33 34 36 41 47 53 58 60 66 72 88 99 103 107 109 108 107 104 103 106 109 110 112 111 108 111 115 115 115 114 113 114 115 115 113 112 116 115 120 124 123 126 126 126 128 130 135 138 142 145 146 146 147 146 145 146 145 145 -9999 146 146 146 146 146 -9999 -9999 -9999 -9999 -9999 -9999 -9999 -9999 -9999 -9999 -9999 -9999 -9999 -9999 -9999 -9999 -9999 -9999 -9999 -9999 -9999 -9999 -9999
-9999 42 35 37 38 42 46 49 54 56 61 72 88 93 96 97 96 94 90 90 94 97 98 99 100 99 100 104 102 102 102 103 104 106 104 106 106 110 115 120 122 123 126 128 127 129 131 132 137 140 144 145 147 147 146 145 145 144 146 145 146 146 146 146 146 146 146 -9999 -9999 -9999 -9999 -9999 -9999 -9999 -9999 -9999 -9999 -9999 -9999 -9999 -9999 -9999 -9999 -9999 -9999 -9999 -9999 -9999
-9999 39 36 37 40 43 44 45 49 51 50 53 56 63 74 83 82 83 78 75 78 82 84 85 85 86 87 89 94 94 93 95 96 99 98 98 101 104 110 116 120 122 125 126 126 131 131 133 136 139 140 141 144 144 140 142 142 142 144 144 145 145 145 145 145 145 145 144 142 143 143 143 -9999 145 142 139 137 -9999 -9999 -9999 -9999 -9999 -9999 -9999 -9999 -9999 -9999 -9999
-9999 42 40 42 43 44 46 47 49 50 48 48 47 47 52 52 57 67 60 64 74 78 78 79 78 77 78 80 86 89 89 91 92 94 94 95 99 106 110 117 121 124 124 127 130 130 131 132 136 140 138 138 140 141 138 138 138 138 139 138 140 143 144 144 144 144 144 144 145 145 145 145 146 146 146 144 145 140 135 134 -9999 -9999 -9999 -9999 -9999 -9999 -9999 -9999
-9999 47 46 48 47 48 49 49 49 49 48 45 44 45 45 44 49 55 53 50 70 76 79 80 77 72 75 79 80 79 83 88 89 92 95 100 106 111 114 120 126 133 128 129 131 132 133 134 137 139 136 135 135 136 134 134 132 131 131 129 130 133 136 138 140 139 139 138 138 142 145 146 146 147 147 147 147 147 143 138 133 130 -9999 -9999 -9999 -9999 -9999 -9999
-9999 47 50 53 52 54 54 55 56 52 49 46 44 44 44 44 45 45 47 44 49 62 72 74 73 71 74 75 76 75 79 85 87 92 100 109 115 119 119 121 126 131 128 130 133 135 135 135 136 137 136 133 130 131 132 129 125 125 124 121 122 124 126 128 129 131 130 130 131 132 137 142 144 146 147 147 148 148 148 146 139 132 127 -9999 -9999 -9999 -9999 -9999
-9999 50 52 54 56 58 57 58 60 53 49 46 45 45 46 45 44 44 44 43 43 44 47 47 54 56 66 67 70 78 88 95 98 100 108 117 119 121 121 122 121 128 133 132 134 136 136 135 135 134 134 132 127 125 123 121 119 120 119 115 113 113 116 120 121 120 122 124 124 122 126 130 131 135 136 138 141 148 149 149 144 137 129 125 -9999 -9999 -9999 -9999
-9999 56 55 57 62 62 66 71 72 69 60 56 53 56 62 57 49 44 44 43 43 43 42 43 43 47 44 48 65 80 90 96 102 107 110 120 124 125 129 129 128 126 131 136 136 138 138 138 136 132 131 129 126 122 119 115 113 112 109 108 105 107 107 110 112 114 115 116 117 117 118 122 122 126 129 131 135 140 150 150 149 141 133 127 123 -9999 -9999 -9999
-9999 57 54 56 63 71 74 78 81 80 77 65 63 68 77 81 73 61 47 44 43 42 41 41 41 42 37 45 55 67 84 92 103 110 117 125 129 128 130 135 134 133 133 134 138 139 137 139 136 133 129 126 124 120 116 112 110 108 103 102 99 98 101 101 105 106 107 108 111 114 115 118 119 121 127 128 129 135 144 150 150 145 140 132 125 122 -9999 -9999
-9999 59 59 63 70 71 71 75 80 82 82 76 69 69 76 82 82 81 71 50 45 43 40 36 35 30 30 39 71 86 89 95 103 109 115 125 132 133 135 140 139 139 141 137 136 136 133 138 136 130 128 124 120 117 112 108 105 104 100 97 95 94 95 98 99 101 103 104 107 108 113 115 115 116 121 124 126 129 135 140 144 148 144 137 132 126 123 120
-9999 60 64 67 68 75 81 85 86 86 86 86 86 87 80 73 66 65 71 58 48 47 45 40 26 25 26 37 78 94 97 99 103 108 115 127 136 135 137 143 143 140 143 142 135 136 134 134 133 132 127 122 117 114 111 107 103 101 98 94 91 90 89 92 95 95 96 100 103 105 108 111 112 116 119 119 124 126 128 131 136 141 141 139 136 132 127 123
-9999 54 58 59 63 71 78 84 88 90 91 92 93 95 93 89 79 65 56 53 50 52 54 51 32 22 29 34 47 94 99 102 109 115 121 133 137 136 139 140 143 142 143 144 135 136 135 131 130 126 123 120 115 112 108 104 102 99 96 92 88 86 86 88 89 90 94 96 99 102 104 108 112 116 117 119 122 123 124 127 131 135 137 137 136 135 131 126
-9999 30 41 56 56 57 60 65 79 82 82 87 89 95 94 93 92 89 74 58 48 51 57 49 34 21 23 23 33 90 101 103 108 114 119 126 131 131 136 141 143 145 144 143 136 133 134 130 127 122 118 115 112 111 106 103 101 96 92 87 85 81 82 84 85 85 87 90 91 97 103 107 111 115 117 119 120 121 123 127 128 132 133 134 133 132 131 128
-9999 24 25 30 28 30 47 49 19 40 40 62 82 88 89 88 86 86 87 86 56 44 53 58 47 30 21 22 23 29 48 72 110 117 119 122 127 129 136 146 145 144 143 141 134 130 133 130 125 119 114 111 110 108 104 101 98 94 91 85 82 78 75 76 75 76 77 80 82 93 100 104 111 115 118 119 122 122 123 125 126 129 132 132 130 129 129 128
-9999 43 28 23 26 20 14 14 13 13 13 14 18 45 41 36 41 19 21 44 35 22 23 23 20 20 20 21 21 23 26 29 80 118 110 96 94 108 145 156 152 144 141 140 134 130 131 127 122 116 112 109 105 103 104 100 96 91 87 83 78 75 75 70 71 73 70 74 76 82 92 100 103 107 114 119 120 121 124 125 127 129 130 130 129 130 129 124
-9999 60 54 48 51 27 23 15 13 12 12 12 12 13 13 14 14 14 15 15 17 20 19 18 18 19 20 20 21 21 22 22 26 38 42 50 96 108 140 154 157 151 145 140 134 128 126 123 119 114 111 108 105 101 101 99 95 89 84 81 77 74 70 69 66 63 63 63 67 71 81 85 89 90 95 108 118 121 124 125 127 130 130 130 130 128 126 120
-9999 73 73 65 63 61 25 16 14 12 12 12 12 13 13 13 14 14 18 15 16 17 18 19 23 23 21 20 20 20 21 21 22 24 28 37 58 82 102 137 147 145 143 130 124 124 121 117 115 111 108 105 -9999 -9999 -9999 -9999 -9999 88 84 81 78 72 69 69 65 52 51 50 53 58 64 68 65 60 60 78 105 119 121 123 125 128 129 129 129 126 120 116
