Humedad_Suelo_ASC/terraclimate_soil_2014.txt
ncols         92
nrows         62
xllcorner     -72.083333333358
yllcorner     17.458333333309
cellsize      0.041666666666657
NODATA_value  -9999
[rows 0 to 39 of 62, columns 0 to 90 of 92]
-9999 -9999 -9999 -9999 -9999 -9999 -9999 -9999 -9999 -9999 -9999 -9999 -9999 -9999 -9999 -9999 -9999 -9999 -9999 -9999 -9999 -9999 -9999 -9999 -9999 -9999 -9999 -9999 -9999 -9999 -9999 -9999 -9999 -9999 -9999 -9999 -9999 -9999 -9999 -9999 -9999 -9999 -9999 -9999 -9999 -9999 -9999 -9999 -9999 -9999 -9999 -9999 -9999 -9999 -9999 -9999 -9999 -9999 -9999 -9999 -9999 -9999 -9999 -9999 -9999 -9999 -9999 -9999 -9999 -9999 -9999 -9999 -9999 -9999 -9999 -9999 -9999 -9999 -9999 -9999 -9999 -9999 -9999 -9999 -9999 -9999 -9999 -9999 -9999 -9999 -9999
-9999 -9999 -9999 -9999 -9999 -9999 -9999 -9999 -9999 -9999 -9999 -9999 -9999 -9999 -9999 -9999 -9999 -9999 -9999 -9999 -9999 -9999 -9999 -9999 -9999 -9999 -9999 -9999 -9999 -9999 -9999 -9999 -9999 -9999 -9999 -9999 -9999 -9999 -9999 -9999 -9999 -9999 -9999 -9999 -9999 -9999 -9999 -9999 -9999 -9999 -9999 -9999 -9999 -9999 -9999 -9999 -9999 -9999 -9999 -9999 -9999 -9999 -9999 -9999 -9999 -9999 -9999 -9999 -9999 -9999 -9999 -9999 -9999 -9999 -9999 -9999 -9999 -9999 -9999 -9999 -9999 -9999 -9999 -9999 -9999 -9999 -9999 -9999 -9999 -9999 -9999
-9999 -9999 -9999 -9999 -9999 -9999 -9999 -9999 -9999 -9999 -9999 -9999 -9999 -9999 -9999 -9999 -9999 -9999 -9999 -9999 -9999 -9999 -9999 -9999 14 14 14 -9999 -9999 -9999 -9999 -9999 -9999 -9999 -9999 -9999 -9999 -9999 -9999 -9999 -9999 -9999 -9999 -9999 -9999 -9999 -9999 -9999 -9999 -9999 -9999 -9999 -9999 -9999 -9999 -9999 -9999 -9999 -9999 -9999 -9999 -9999 -9999 -9999 -9999 -9999 -9999 -9999 -9999 -9999 -9999 -9999 -9999 -9999 -9999 -9999 -9999 -9999 -9999 -9999 -9999 -9999 -9999 -9999 -9999 -9999 -9999 -9999 -9999 -9999 -9999
-9999 -9999 -9999 -9999 -9999 -9999 10 -9999 -9999 -9999 12 12 12 13 13 13 -9999 -9999 -9999 -9999 -9999 -9999 -9999 -9999 14 15 15 14 14 14 14 -9999 -9999 -9999 -9999 -9999 -9999 -9999 -9999 -9999 -9999 -9999 -9999 -9999 -9999 -9999 -9999 -9999 -9999 -9999 -9999 -9999 -9999 -9999 -9999 -9999 -9999 -9999 -9999 -9999 -9999 -9999 -9999 -9999 -9999 -9999 -9999 -9999 -9999 -9999 -9999 -9999 -9999 -9999 -9999 -9999 -9999 -9999 -9999 -9999 -9999 -9999 -9999 -9999 -9999 -9999 -9999 -9999 -9999 -9999 -9999
-9999 -9999 -9999 -9999 -9999 -9999 -9999 -9999 -9999 11 12 12 13 13 14 14 14 14 14 14 14 14 14 15 15 15 15 15 15 14 14 14 14 -9999 -9999 -9999 -9999 -9999 -9999 -9999 -9999 -9999 -9999 -9999 -9999 -9999 -9999 -9999 -9999 -9999 -9999 -9999 -9999 -9999 -9999 -9999 -9999 -9999 -9999 -9999 -9999 -9999 -9999 -9999 -9999 -9999 -9999 -9999 -9999 -9999 -9999 -9999 -9999 -9999 -9999 -9999 -9999 -9999 -9999 -9999 -9999 -9999 -9999 -9999 -9999 -9999 -9999 -9999 -9999 -9999 -9999
-9999 -9999 -9999 -9999 -9999 -9999 -9999 10 11 11 12 13 13 14 14 14 14 14 14 15 15 15 15 15 15 15 15 15 15 15 14 14 14 13 -9999 -9999 -9999 -9999 -9999 -9999 -9999 -9999 -9999 -9999 -9999 -9999 -9999 -9999 -9999 -9999 -9999 -9999 -9999 -9999 -9999 -9999 -9999 -9999 -9999 -9999 -9999 -9999 -9999 -9999 -9999 -9999 -9999 -9999 -9999 -9999 -9999 -9999 -9999 -9999 -9999 -9999 -9999 -9999 -9999 -9999 -9999 -9999 -9999 -9999 -9999 -9999 -9999 -9999 -9999 -9999 -9999
-9999 -9999 -9999 -9999 -9999 -9999 -9999 10 11 12 12 13 13 14 14 15 15 15 15 15 15 16 16 16 16 16 16 16 15 15 15 15 15 14 14 13 13 14 15 16 -9999 -9999 -9999 -9999 -9999 -9999 -9999 -9999 -9999 -9999 -9999 -9999 -9999 -9999 -9999 -9999 -9999 -9999 -9999 -9999 -9999 -9999 -9999 -9999 -9999 -9999 -9999 -9999 -9999 -9999 -9999 -9999 -9999 -9999 -9999 -9999 -9999 -9999 -9999 -9999 -9999 -9999 -9999 -9999 -9999 -9999 -9999 -9999 -9999 -9999 -9999
-9999 7 7 8 8 9 10 -9999 11 12 12 13 14 14 15 15 15 15 15 15 15 16 16 17 18 17 16 16 16 16 16 16 15 15 14 14 14 15 17 18 17 -9999 -9999 -9999 -9999 -9999 -9999 -9999 -9999 -9999 -9999 -9999 -9999 -9999 -9999 -9999 -9999 -9999 -9999 -9999 -9999 -9999 -9999 -9999 -9999 -9999 -9999 -9999 -9999 -9999 -9999 -9999 -9999 -9999 -9999 -9999 -9999 -9999 -9999 -9999 -9999 -9999 -9999 -9999 -9999 -9999 -9999 -9999 -9999 -9999 -9999
-9999 6 7 7 8 9 9 10 11 12 12 13 14 15 15 15 15 15 16 16 16 16 16 16 17 18 19 19 17 17 16 16 16 15 14 14 16 17 17 18 18 18 19 -9999 -9999 -9999 -9999 -9999 119 118 116 115 -9999 -9999 -9999 -9999 -9999 -9999 -9999 -9999 -9999 -9999 -9999 -9999 -9999 -9999 -9999 -9999 -9999 -9999 -9999 -9999 -9999 -9999 -9999 -9999 -9999 -9999 -9999 -9999 -9999 -9999 -9999 -9999 -9999 -9999 -9999 -9999 -9999 -9999 -9999
-9999 8 9 8 9 9 10 10 11 12 13 13 14 15 16 16 16 16 16 16 16 16 16 16 17 17 17 18 19 18 17 17 17 17 17 16 16 17 17 18 18 19 20 21 24 37 -9999 119 119 119 119 117 114 -9999 -9999 -9999 -9999 -9999 -9999 -9999 -9999 -9999 -9999 -9999 -9999 -9999 -9999 -9999 -9999 -9999 -9999 -9999 -9999 -9999 -9999 -9999 -9999 -9999 -9999 -9999 -9999 -9999 -9999 -9999 -9999 -9999 -9999 -9999 -9999 -9999 -9999
-9999 10 11 12 13 12 13 12 13 13 15 15 15 16 16 16 16 17 16 16 17 17 17 17 17 17 17 17 16 17 18 20 20 19 19 18 17 17 18 18 19 20 21 22 24 38 80 119 118 118 119 120 114 -9999 -9999 -9999 -9999 -9999 -9999 -9999 -9999 -9999 -9999 -9999 -9999 -9999 -9999 -9999 -9999 -9999 -9999 -9999 -9999 -9999 -9999 -9999 -9999 -9999 -9999 -9999 -9999 -9999 -9999 -9999 -9999 -9999 -9999 -9999 -9999 -9999 -9999
-9999 10 10 13 13 14 15 15 16 17 18 18 17 17 18 17 17 17 18 17 17 17 17 17 17 18 17 17 16 16 16 17 19 19 19 19 20 19 19 19 20 21 21 22 25 37 81 120 117 115 116 115 112 -9999 -9999 -9999 -9999 -9999 -9999 -9999 -9999 -9999 -9999 -9999 -9999 -9999 -9999 -9999 -9999 -9999 -9999 -9999 -9999 -9999 -9999 -9999 -9999 -9999 -9999 -9999 -9999 -9999 -9999 -9999 -9999 -9999 -9999 -9999 -9999 -9999 -9999
-9999 12 13 13 14 15 16 17 18 19 21 22 21 21 19 18 18 18 18 18 19 18 18 18 18 18 18 17 17 16 16 15 15 15 18 19 20 21 20 20 20 22 21 22 29 46 80 118 115 114 113 111 109 109 -9999 -9999 -9999 -9999 -9999 -9999 -9999 -9999 -9999 -9999 -9999 -9999 -9999 -9999 -9999 -9999 -9999 -9999 -9999 -9999 -9999 -9999 -9999 -9999 -9999 -9999 -9999 -9999 -9999 -9999 -9999 -9999 -9999 -9999 -9999 -9999 -9999
-9999 12 13 16 16 21 21 23 21 20 24 28 25 23 22 20 18 18 18 18 18 18 18 18 18 18 17 17 17 16 15 15 14 14 14 16 18 19 20 20 21 25 22 23 29 39 74 116 115 113 111 111 108 -9999 -9999 -9999 -9999 -9999 -9999 -9999 -9999 -9999 -9999 -9999 -9999 -9999 -9999 -9999 -9999 -9999 -9999 -9999 -9999 -9999 -9999 -9999 -9999 -9999 -9999 -9999 -9999 -9999 -9999 -9999 -9999 -9999 -9999 -9999 -9999 -9999 -9999
-9999 13 14 17 21 25 26 27 25 24 25 29 30 28 24 22 22 20 18 17 18 18 18 17 17 17 17 16 17 16 15 14 14 13 13 14 17 18 18 20 21 24 23 24 30 40 69 114 113 112 111 110 109 108 -9999 -9999 -9999 -9999 -9999 -9999 -9999 -9999 -9999 -9999 -9999 -9999 -9999 -9999 -9999 -9999 -9999 -9999 -9999 -9999 -9999 -9999 -9999 -9999 -9999 -9999 -9999 -9999 -9999 -9999 -9999 -9999 -9999 -9999 -9999 -9999 -9999
-9999 14 15 18 22 25 28 31 33 32 30 31 32 30 26 23 23 23 21 19 19 18 17 17 17 17 16 16 15 16 15 14 13 13 13 15 17 17 18 19 20 21 23 26 34 48 78 109 110 111 110 110 109 107 -9999 -9999 -9999 -9999 -9999 -9999 -9999 -9999 -9999 -9999 -9999 -9999 -9999 -9999 -9999 -9999 -9999 -9999 -9999 -9999 -9999 -9999 -9999 -9999 -9999 -9999 -9999 -9999 -9999 -9999 -9999 -9999 -9999 -9999 -9999 -9999 -9999
-9999 14 15 19 22 26 28 31 34 35 35 36 37 35 29 27 25 24 24 22 20 20 17 17 17 17 16 16 15 15 14 14 13 14 14 15 17 17 18 19 20 21 22 24 29 41 77 113 109 108 109 110 108 106 105 -9999 -9999 -9999 -9999 -9999 -9999 -9999 -9999 -9999 -9999 -9999 -9999 110 108 -9999 -9999 -9999 -9999 -9999 -9999 -9999 -9999 -9999 -9999 -9999 -9999 -9999 -9999 -9999 -9999 -9999 -9999 -9999 -9999 -9999 -9999
-9999 15 16 19 22 25 28 30 33 35 36 37 38 39 35 31 29 29 27 24 22 23 20 20 18 18 16 15 15 14 14 13 13 14 15 16 17 17 18 18 19 20 21 22 26 36 52 95 106 107 109 109 107 105 104 103 -9999 -9999 -9999 108 108 108 108 107 108 110 114 113 112 105 105 -9999 -9999 -9999 -9999 -9999 -9999 -9999 -9999 -9999 -9999 -9999 -9999 -9999 -9999 -9999 -9999 -9999 -9999 -9999 -9999
-9999 16 17 19 23 25 27 29 31 33 35 35 37 40 42 42 36 33 28 28 31 36 27 27 22 24 18 16 14 14 14 14 14 15 16 16 17 17 18 18 19 20 21 22 24 32 43 81 104 106 106 106 105 104 104 104 106 108 107 108 109 110 109 109 110 111 113 115 111 106 105 -9999 -9999 -9999 -9999 -9999 -9999 -9999 -9999 -9999 -9999 -9999 -9999 -9999 -9999 -9999 -9999 -9999 -9999 -9999 -9999
-9999 16 17 20 23 25 26 29 31 32 33 35 37 40 47 43 41 35 33 35 35 45 33 38 29 27 25 17 17 16 17 16 16 16 16 16 17 17 18 19 20 21 21 22 24 30 41 66 101 103 105 105 104 103 102 103 104 105 105 106 107 108 107 107 109 110 111 112 109 107 -9999 -9999 -9999 -9999 -9999 -9999 -9999 -9999 -9999 -9999 -9999 -9999 -9999 -9999 -9999 -9999 -9999 -9999 -9999 -9999 -9999
-9999 16 17 20 23 25 25 27 30 32 32 34 35 37 38 35 35 45 43 45 53 59 48 60 55 38 21 19 18 18 18 17 16 16 16 17 17 18 18 19 20 21 21 22 23 29 39 52 97 99 101 101 101 100 99 99 99 100 100 -9999 -9999 -9999 102 103 104 107 108 108 107 -9999 -9999 -9999 -9999 -9999 -9999 -9999 -9999 -9999 -9999 -9999 -9999 -9999 -9999 -9999 -9999 -9999 -9999 -9999 -9999 -9999 -9999
-9999 17 17 19 20 22 24 25 26 29 29 32 32 33 34 37 34 42 37 37 43 52 57 50 44 27 35 26 20 21 19 16 15 15 16 17 17 18 19 19 20 20 21 22 24 29 39 47 84 97 98 98 98 97 97 96 96 97 98 -9999 -9999 -9999 -9999 -9999 -9999 -9999 -9999 -9999 -9999 -9999 -9999 -9999 -9999 -9999 -9999 -9999 -9999 -9999 -9999 -9999 -9999 -9999 -9999 -9999 -9999 -9999 -9999 -9999 -9999 -9999 -9999
-9999 18 18 19 20 21 22 23 24 25 27 30 31 32 34 34 34 36 32 33 39 41 46 44 39 30 37 40 35 28 20 17 16 16 16 16 18 19 19 20 20 21 22 23 24 30 39 49 88 96 98 98 98 98 97 96 97 96 96 -9999 97 98 98 99 99 -9999 -9999 -9999 -9999 -9999 -9999 -9999 -9999 -9999 -9999 -9999 -9999 -9999 -9999 -9999 -9999 -9999 -9999 -9999 -9999 -9999 -9999 -9999 -9999 -9999 -9999
-9999 20 19 19 20 21 22 22 23 23 25 27 29 31 31 32 32 30 26 26 32 36 39 41 39 36 39 37 27 18 16 16 15 16 17 17 19 19 19 20 21 22 22 24 26 31 39 48 85 95 97 98 98 98 98 98 98 97 98 98 98 99 100 100 99 98 97 -9999 -9999 -9999 -9999 -9999 -9999 -9999 -9999 -9999 -9999 -9999 -9999 -9999 -9999 -9999 -9999 -9999 -9999 -9999 -9999 -9999 -9999 -9999 -9999
-9999 21 20 20 20 20 21 21 23 23 23 23 24 24 25 28 27 28 23 21 26 28 29 32 32 35 35 32 29 26 25 19 20 23 17 16 17 18 19 20 21 23 25 26 27 34 42 50 77 95 96 96 97 97 96 97 97 97 98 98 99 99 100 100 99 97 97 97 96 96 96 97 -9999 99 99 98 98 -9999 -9999 -9999 -9999 -9999 -9999 -9999 -9999 -9999 -9999 -9999 -9999 -9999 -9999
-9999 22 21 20 20 20 21 22 23 23 23 23 22 22 22 21 21 21 19 18 24 27 27 28 27 26 27 25 29 26 26 26 25 21 16 16 17 19 20 21 23 25 26 26 28 36 43 53 78 95 94 94 95 95 95 95 95 95 96 95 96 97 98 97 97 97 98 98 98 98 99 100 101 102 102 101 102 100 98 98 -9999 -9999 -9999 -9999 -9999 -9999 -9999 -9999 -9999 -9999 -9999
-9999 23 22 20 20 21 22 23 23 23 23 22 22 20 19 18 19 19 17 16 17 21 24 25 25 18 21 26 25 16 21 21 20 17 17 21 27 21 21 23 26 27 27 27 29 38 44 57 76 95 94 93 93 93 92 92 91 91 91 91 91 92 94 94 94 94 95 96 97 100 103 104 104 104 104 106 107 107 103 101 99 98 -9999 -9999 -9999 -9999 -9999 -9999 -9999 -9999 -9999
-9999 22 21 20 20 21 22 24 25 24 23 23 22 19 18 18 18 18 18 16 16 16 17 18 18 15 21 20 19 14 15 16 15 20 24 21 21 22 23 25 27 28 28 29 31 40 47 62 75 93 93 92 90 90 91 89 88 87 87 86 86 87 88 90 90 91 92 92 93 95 99 103 104 105 106 107 110 114 110 107 103 99 97 -9999 -9999 -9999 -9999 -9999 -9999 -9999 -9999
-9999 24 23 21 21 21 22 24 26 25 24 23 22 20 19 18 18 17 17 16 16 16 15 15 14 14 15 14 15 16 28 29 29 30 34 35 25 23 24 25 27 29 30 30 33 41 50 63 75 85 91 90 88 87 86 85 84 84 83 81 81 81 82 85 86 86 88 90 90 90 93 95 97 101 102 103 105 109 113 110 106 103 99 97 -9999 -9999 -9999 -9999 -9999 -9999 -9999
-9999 22 24 23 25 26 27 27 28 27 25 24 24 24 24 22 20 18 17 16 16 15 15 14 14 14 13 14 14 17 28 30 35 41 48 54 43 31 27 27 27 30 31 31 34 42 53 65 74 82 90 88 87 85 83 81 80 79 78 77 75 76 76 79 81 82 84 85 86 87 88 91 93 96 99 100 102 105 111 113 112 105 101 98 97 -9999 -9999 -9999 -9999 -9999 -9999
-9999 21 22 25 27 27 28 29 30 30 29 27 26 26 27 28 26 22 18 17 16 15 14 14 14 14 13 14 14 15 17 22 36 44 52 57 45 29 29 29 29 30 31 31 35 42 51 65 72 79 86 87 85 83 81 79 78 77 74 73 72 71 72 73 76 78 79 81 83 85 87 90 91 94 98 99 100 103 108 112 111 109 106 101 98 97 -9999 -9999 -9999 -9999 -9999
-9999 23 25 27 28 28 28 29 30 30 30 29 27 27 28 28 28 27 23 18 16 15 14 13 13 12 12 13 15 19 17 26 32 38 42 57 40 26 28 33 34 34 35 34 38 44 47 65 72 78 82 85 83 81 79 77 75 74 72 70 69 67 68 70 72 74 76 78 81 83 86 88 90 92 96 97 99 100 104 106 109 111 108 105 103 100 99 97 -9999 -9999 -9999
-9999 26 27 28 28 29 31 33 34 32 31 31 31 30 29 27 24 23 23 18 16 16 15 13 10 11 11 13 16 24 23 19 23 29 38 49 45 29 29 36 37 40 42 40 41 48 53 63 72 80 83 84 81 79 77 75 73 72 70 68 65 64 64 67 69 71 73 76 79 82 84 87 89 93 96 95 98 99 100 102 104 107 108 107 106 104 101 99 98 -9999 -9999
-9999 15 26 26 28 28 29 30 31 33 31 32 34 38 34 31 29 23 19 17 16 16 16 15 12 9 11 12 13 19 25 24 31 34 42 55 37 28 30 32 38 42 44 44 43 51 60 62 69 74 79 81 80 78 75 73 71 70 68 65 62 61 61 62 66 66 68 71 75 79 82 87 90 94 95 96 97 98 98 100 102 104 105 106 106 105 103 101 98 96 -9999
-9999 8 8 9 15 24 24 25 22 23 19 28 30 32 31 31 31 30 24 18 15 15 15 14 11 9 9 9 10 16 18 18 21 23 23 31 27 25 27 31 37 43 46 46 46 52 59 61 61 63 70 73 76 76 73 71 70 67 65 62 60 56 54 57 59 60 62 65 70 74 81 85 89 92 95 97 97 97 98 100 100 102 103 104 104 104 103 102 100 96 94
-9999 8 8 8 8 8 13 13 8 8 8 14 20 25 25 24 20 18 22 22 15 13 15 15 14 9 9 9 9 10 13 16 19 25 22 22 23 21 24 35 36 41 46 47 47 50 58 60 58 59 61 64 68 70 71 69 68 65 63 57 52 47 46 48 50 51 52 56 60 70 77 81 87 90 95 98 99 98 98 99 100 102 103 103 102 102 103 102 99 96 -9999
-9999 8 8 8 8 8 8 8 8 8 8 9 9 9 9 9 9 9 9 9 9 9 9 9 9 9 9 9 10 10 10 10 15 20 20 20 19 20 28 42 41 40 45 48 48 50 55 56 55 56 56 56 61 67 69 68 66 63 58 49 45 42 43 44 45 46 47 50 53 60 69 76 82 87 92 97 99 99 100 100 101 102 102 102 102 102 103 100 96 96 -9999
-9999 21 12 9 13 8 8 8 8 8 8 8 8 8 8 8 9 9 9 9 9 9 9 9 9 9 9 9 10 10 10 10 11 11 11 12 20 19 23 47 53 51 49 50 49 50 51 52 51 49 57 62 68 65 65 67 65 59 52 46 43 42 42 43 44 44 46 48 49 51 62 68 74 79 84 93 98 99 100 100 101 102 102 102 102 101 101 98 95 -9999 -9999
-9999 30 29 27 25 19 8 9 9 9 9 8 8 8 9 9 9 9 9 9 9 9 9 9 9 9 9 9 10 10 10 10 11 11 11 11 14 17 19 28 47 47 49 45 45 49 49 49 49 49 51 53 -9999 -9999 -9999 -9999 -9999 51 46 45 43 42 42 43 43 44 46 47 48 50 53 59 61 55 54 65 88 98 98 99 100 101 101 102 102 100 97 95 -9999 -9999 -9999
-9999 33 35 36 32 30 19 9 9 9 9 9 9 9 9 9 9 9 9 9 9 9 9 9 16 17 13 10 10 10 10 10 10 -9999 -9999 -9999 12 15 18 20 29 30 32 35 42 46 48 48 48 48 -9999 -9999 -9999 -9999 -9999 -9999 -9999 44 43 -9999 43 41 41 -9999 -9999 -9999 -9999 -9999 -9999 -9999 51 50 49 46 44 50 61 84 96 98 99 100 100 99 98 97 95 93 -9999 -9999 -9999
