Humedad_Suelo_ASC/terraclimate_soil_1963.txt
ncols         92
nrows         62
xllcorner     -72.083333333358
yllcorner     17.458333333309
cellsize      0.041666666666657
NODATA_value  -9999
[rows 0 to 40 of 62, columns 0 to 91 of 92]
-9999 -9999 -9999 -9999 -9999 -9999 -9999 -9999 -9999 -9999 -9999 -9999 -9999 -9999 -9999 -9999 -9999 -9999 -9999 -9999 -9999 -9999 -9999 -9999 -9999 -9999 -9999 -9999 -9999 -9999 -9999 -9999 -9999 -9999 -9999 -9999 -9999 -9999 -9999 -9999 -9999 -9999 -9999 -9999 -9999 -9999 -9999 -9999 -9999 -9999 -9999 -9999 -9999 -9999 -9999 -9999 -9999 -9999 -9999 -9999 -9999 -9999 -9999 -9999 -9999 -9999 -9999 -9999 -9999 -9999 -9999 -9999 -9999 -9999 -9999 -9999 -9999 -9999 -9999 -9999 -9999 -9999 -9999 -9999 -9999 -9999 -9999 -9999 -9999 -9999 -9999 -9999
-9999 -9999 -9999 -9999 -9999 -9999 -9999 -9999 -9999 -9999 -9999 -9999 -9999 -9999 -9999 -9999 -9999 -9999 -9999 -9999 -9999 -9999 -9999 -9999 -9999 -9999 -9999 -9999 -9999 -9999 -9999 -9999 -9999 -9999 -9999 -9999 -9999 -9999 -9999 -9999 -9999 -9999 -9999 -9999 -9999 -9999 -9999 -9999 -9999 -9999 -9999 -9999 -9999 -9999 -9999 -9999 -9999 -9999 -9999 -9999 -9999 -9999 -9999 -9999 -9999 -9999 -9999 -9999 -9999 -9999 -9999 -9999 -9999 -9999 -9999 -9999 -9999 -9999 -9999 -9999 -9999 -9999 -9999 -9999 -9999 -9999 -9999 -9999 -9999 -9999 -9999 -9999
-9999 -9999 -9999 -9999 -9999 -9999 -9999 -9999 -9999 -9999 -9999 -9999 -9999 -9999 -9999 -9999 -9999 -9999 -9999 -9999 -9999 -9999 -9999 -9999 173 195 195 -9999 -9999 -9999 -9999 -9999 -9999 -9999 -9999 -9999 -9999 -9999 -9999 -9999 -9999 -9999 -9999 -9999 -9999 -9999 -9999 -9999 -9999 -9999 -9999 -9999 -9999 -9999 -9999 -9999 -9999 -9999 -9999 -9999 -9999 -9999 -9999 -9999 -9999 -9999 -9999 -9999 -9999 -9999 -9999 -9999 -9999 -9999 -9999 -9999 -9999 -9999 -9999 -9999 -9999 -9999 -9999 -9999 -9999 -9999 -9999 -9999 -9999 -9999 -9999 -9999
-9999 -9999 -9999 -9999 -9999 -9999 120 -9999 -9999 -9999 47 39 40 42 38 34 -9999 -9999 -9999 -9999 -9999 -9999 -9999 -9999 175 201 200 198 196 193 191 -9999 -9999 -9999 -9999 -9999 -9999 -9999 -9999 -9999 -9999 -9999 -9999 -9999 -9999 -9999 -9999 -9999 -9999 -9999 -9999 -9999 -9999 -9999 -9999 -9999 -9999 -9999 -9999 -9999 -9999 -9999 -9999 -9999 -9999 -9999 -9999 -9999 -9999 -9999 -9999 -9999 -9999 -9999 -9999 -9999 -9999 -9999 -9999 -9999 -9999 -9999 -9999 -9999 -9999 -9999 -9999 -9999 -9999 -9999 -9999 -9999
-9999 -9999 -9999 -9999 -9999 -9999 -9999 -9999 -9999 44 45 43 39 43 50 44 43 39 44 46 73 91 115 141 169 202 205 203 200 197 194 191 188 -9999 -9999 -9999 -9999 -9999 -9999 -9999 -9999 -9999 -9999 -9999 -9999 -9999 -9999 -9999 -9999 -9999 -9999 -9999 -9999 -9999 -9999 -9999 -9999 -9999 -9999 -9999 -9999 -9999 -9999 -9999 -9999 -9999 -9999 -9999 -9999 -9999 -9999 -9999 -9999 -9999 -9999 -9999 -9999 -9999 -9999 -9999 -9999 -9999 -9999 -9999 -9999 -9999 -9999 -9999 -9999 -9999 -9999 -9999
-9999 -9999 -9999 -9999 -9999 -9999 -9999 45 41 39 38 37 36 36 41 49 59 72 77 72 75 100 117 139 160 183 211 207 204 200 197 194 190 187 -9999 -9999 -9999 -9999 -9999 -9999 -9999 -9999 -9999 -9999 -9999 -9999 -9999 -9999 -9999 -9999 -9999 -9999 -9999 -9999 -9999 -9999 -9999 -9999 -9999 -9999 -9999 -9999 -9999 -9999 -9999 -9999 -9999 -9999 -9999 -9999 -9999 -9999 -9999 -9999 -9999 -9999 -9999 -9999 -9999 -9999 -9999 -9999 -9999 -9999 -9999 -9999 -9999 -9999 -9999 -9999 -9999 -9999
-9999 -9999 -9999 -9999 -9999 -9999 -9999 42 35 33 31 27 28 31 35 37 44 65 74 90 113 180 196 164 165 180 203 212 208 204 200 196 192 188 184 180 177 173 170 169 -9999 -9999 -9999 -9999 -9999 -9999 -9999 -9999 -9999 -9999 -9999 -9999 -9999 -9999 -9999 -9999 -9999 -9999 -9999 -9999 -9999 -9999 -9999 -9999 -9999 -9999 -9999 -9999 -9999 -9999 -9999 -9999 -9999 -9999 -9999 -9999 -9999 -9999 -9999 -9999 -9999 -9999 -9999 -9999 -9999 -9999 -9999 -9999 -9999 -9999 -9999 -9999
-9999 86 87 91 82 56 40 -9999 25 25 23 21 19 19 18 21 28 37 43 53 66 89 140 201 218 200 208 216 212 207 203 198 194 190 185 181 176 172 169 168 167 -9999 -9999 -9999 -9999 -9999 -9999 -9999 -9999 -9999 -9999 -9999 -9999 -9999 -9999 -9999 -9999 -9999 -9999 -9999 -9999 -9999 -9999 -9999 -9999 -9999 -9999 -9999 -9999 -9999 -9999 -9999 -9999 -9999 -9999 -9999 -9999 -9999 -9999 -9999 -9999 -9999 -9999 -9999 -9999 -9999 -9999 -9999 -9999 -9999 -9999 -9999
-9999 79 81 88 87 60 38 26 20 18 17 18 18 17 17 16 19 27 30 35 39 48 65 97 149 207 226 221 216 211 206 201 196 191 186 181 176 171 168 167 166 164 163 -9999 -9999 -9999 -9999 -9999 157 156 155 155 -9999 -9999 -9999 -9999 -9999 -9999 -9999 -9999 -9999 -9999 -9999 -9999 -9999 -9999 -9999 -9999 -9999 -9999 -9999 -9999 -9999 -9999 -9999 -9999 -9999 -9999 -9999 -9999 -9999 -9999 -9999 -9999 -9999 -9999 -9999 -9999 -9999 -9999 -9999 -9999
-9999 74 75 83 85 55 41 30 22 22 22 21 21 20 20 22 19 22 24 26 28 32 35 40 53 79 129 207 220 214 209 203 198 192 187 181 176 170 167 166 165 164 162 161 160 159 -9999 157 156 155 154 154 154 -9999 -9999 -9999 -9999 -9999 -9999 -9999 -9999 -9999 -9999 -9999 -9999 -9999 -9999 -9999 -9999 -9999 -9999 -9999 -9999 -9999 -9999 -9999 -9999 -9999 -9999 -9999 -9999 -9999 -9999 -9999 -9999 -9999 -9999 -9999 -9999 -9999 -9999 -9999
-9999 69 73 79 88 64 50 36 33 29 34 32 31 29 28 26 24 42 31 26 25 25 26 27 30 37 58 88 140 197 211 206 200 194 187 181 175 169 166 165 164 163 161 160 159 158 157 156 155 154 153 153 153 -9999 -9999 -9999 -9999 -9999 -9999 -9999 -9999 -9999 -9999 -9999 -9999 -9999 -9999 -9999 -9999 -9999 -9999 -9999 -9999 -9999 -9999 -9999 -9999 -9999 -9999 -9999 -9999 -9999 -9999 -9999 -9999 -9999 -9999 -9999 -9999 -9999 -9999 -9999
-9999 66 66 74 77 73 56 40 38 38 42 39 36 40 44 34 28 39 58 46 37 29 25 22 21 24 34 45 71 103 143 179 201 195 188 182 175 168 165 164 163 162 161 160 158 157 156 155 154 153 153 153 152 -9999 -9999 -9999 -9999 -9999 -9999 -9999 -9999 -9999 -9999 -9999 -9999 -9999 -9999 -9999 -9999 -9999 -9999 -9999 -9999 -9999 -9999 -9999 -9999 -9999 -9999 -9999 -9999 -9999 -9999 -9999 -9999 -9999 -9999 -9999 -9999 -9999 -9999 -9999
-9999 53 60 71 74 79 69 56 46 44 61 61 50 49 44 38 36 42 48 51 64 49 43 26 23 24 26 34 39 50 69 90 112 140 180 182 175 168 164 163 162 161 160 159 158 157 156 155 154 153 152 152 152 152 -9999 -9999 -9999 -9999 -9999 -9999 -9999 -9999 -9999 -9999 -9999 -9999 -9999 -9999 -9999 -9999 -9999 -9999 -9999 -9999 -9999 -9999 -9999 -9999 -9999 -9999 -9999 -9999 -9999 -9999 -9999 -9999 -9999 -9999 -9999 -9999 -9999 -9999
-9999 46 54 70 80 93 90 100 70 58 82 130 101 65 55 48 45 45 47 47 52 53 56 32 29 26 25 34 45 45 44 51 65 76 94 113 142 165 161 160 160 159 158 157 156 155 155 154 153 152 152 151 151 -9999 -9999 -9999 -9999 -9999 -9999 -9999 -9999 -9999 -9999 -9999 -9999 -9999 -9999 -9999 -9999 -9999 -9999 -9999 -9999 -9999 -9999 -9999 -9999 -9999 -9999 -9999 -9999 -9999 -9999 -9999 -9999 -9999 -9999 -9999 -9999 -9999 -9999 -9999
-9999 49 48 62 73 85 100 101 91 82 86 127 144 127 72 56 61 55 51 51 59 61 65 36 39 37 30 38 64 71 47 35 35 41 51 62 81 100 123 157 156 156 155 155 154 154 153 153 152 152 151 151 151 151 -9999 -9999 -9999 -9999 -9999 -9999 -9999 -9999 -9999 -9999 -9999 -9999 -9999 -9999 -9999 -9999 -9999 -9999 -9999 -9999 -9999 -9999 -9999 -9999 -9999 -9999 -9999 -9999 -9999 -9999 -9999 -9999 -9999 -9999 -9999 -9999 -9999 -9999
-9999 35 38 52 65 79 90 102 111 116 114 124 133 122 94 79 79 99 91 69 89 78 63 49 61 62 43 37 45 63 53 33 29 30 30 37 46 58 70 88 110 146 153 153 152 152 152 152 151 151 151 151 151 150 -9999 -9999 -9999 -9999 -9999 -9999 -9999 -9999 -9999 -9999 -9999 -9999 -9999 -9999 -9999 -9999 -9999 -9999 -9999 -9999 -9999 -9999 -9999 -9999 -9999 -9999 -9999 -9999 -9999 -9999 -9999 -9999 -9999 -9999 -9999 -9999 -9999 -9999
-9999 35 38 49 58 69 82 91 102 114 121 133 144 151 111 113 111 115 118 106 87 89 73 63 71 58 51 56 55 52 42 40 29 33 28 28 29 33 43 57 71 89 108 128 150 150 150 150 150 150 150 150 150 150 150 -9999 -9999 -9999 -9999 -9999 -9999 -9999 -9999 -9999 -9999 -9999 -9999 148 148 -9999 -9999 -9999 -9999 -9999 -9999 -9999 -9999 -9999 -9999 -9999 -9999 -9999 -9999 -9999 -9999 -9999 -9999 -9999 -9999 -9999 -9999 -9999
-9999 28 34 42 54 63 73 84 93 100 109 119 131 145 148 136 132 137 129 111 105 116 95 85 74 70 53 46 47 42 32 27 25 29 27 25 27 25 31 38 49 60 72 89 113 138 149 149 150 150 150 150 150 150 149 149 -9999 -9999 -9999 149 148 148 148 148 148 148 148 148 148 148 148 -9999 -9999 -9999 -9999 -9999 -9999 -9999 -9999 -9999 -9999 -9999 -9999 -9999 -9999 -9999 -9999 -9999 -9999 -9999 -9999 -9999
-9999 28 30 39 49 57 65 74 82 89 97 106 116 131 140 146 146 141 127 124 139 147 124 119 100 105 80 50 41 38 37 35 26 25 28 27 26 26 28 30 37 45 52 64 82 107 135 148 149 149 150 149 149 149 149 149 149 149 148 148 148 148 148 148 148 148 148 147 147 147 147 -9999 -9999 -9999 -9999 -9999 -9999 -9999 -9999 -9999 -9999 -9999 -9999 -9999 -9999 -9999 -9999 -9999 -9999 -9999 -9999 -9999
-9999 28 30 35 44 51 57 64 74 80 83 91 105 120 126 126 134 134 130 132 132 135 135 136 116 109 101 61 50 43 45 43 38 32 31 26 26 28 27 29 33 41 47 56 74 97 119 140 148 149 149 149 149 149 149 148 148 148 148 148 148 147 147 147 147 147 147 147 147 147 -9999 -9999 -9999 -9999 -9999 -9999 -9999 -9999 -9999 -9999 -9999 -9999 -9999 -9999 -9999 -9999 -9999 -9999 -9999 -9999 -9999 -9999
-9999 26 28 33 40 46 47 53 65 73 77 80 91 100 104 104 108 115 119 121 123 124 125 126 128 128 77 68 59 53 54 45 34 28 29 29 27 27 29 31 32 36 43 51 64 82 103 120 142 146 149 149 148 148 148 148 148 148 147 -9999 -9999 -9999 147 147 147 147 147 147 147 -9999 -9999 -9999 -9999 -9999 -9999 -9999 -9999 -9999 -9999 -9999 -9999 -9999 -9999 -9999 -9999 -9999 -9999 -9999 -9999 -9999 -9999 -9999
-9999 25 26 30 34 36 39 41 46 55 58 67 74 78 88 95 95 95 92 92 96 103 108 109 109 84 112 86 61 62 56 41 32 25 23 25 30 34 35 37 37 41 50 55 66 78 97 121 133 142 144 146 147 146 146 144 144 145 145 -9999 -9999 -9999 -9999 -9999 -9999 -9999 -9999 -9999 -9999 -9999 -9999 -9999 -9999 -9999 -9999 -9999 -9999 -9999 -9999 -9999 -9999 -9999 -9999 -9999 -9999 -9999 -9999 -9999 -9999 -9999 -9999 -9999
-9999 26 27 29 32 34 37 38 40 42 45 56 65 70 79 83 81 81 78 75 81 86 88 95 93 86 98 106 108 92 57 36 31 28 26 28 33 43 37 51 56 55 64 70 78 86 103 124 136 141 144 145 144 144 144 142 143 142 142 -9999 143 146 146 146 146 -9999 -9999 -9999 -9999 -9999 -9999 -9999 -9999 -9999 -9999 -9999 -9999 -9999 -9999 -9999 -9999 -9999 -9999 -9999 -9999 -9999 -9999 -9999 -9999 -9999 -9999 -9999
-9999 30 28 30 31 33 35 36 38 39 41 44 52 62 66 69 67 64 56 52 68 74 77 80 82 83 84 95 79 40 28 27 26 29 30 27 38 45 47 66 80 86 89 98 98 104 109 119 132 137 144 144 146 145 144 143 143 142 143 143 144 146 146 146 146 146 146 -9999 -9999 -9999 -9999 -9999 -9999 -9999 -9999 -9999 -9999 -9999 -9999 -9999 -9999 -9999 -9999 -9999 -9999 -9999 -9999 -9999 -9999 -9999 -9999 -9999
-9999 30 29 31 32 33 34 34 36 37 38 39 40 40 42 51 50 54 41 36 47 55 60 63 64 66 68 74 86 84 66 43 46 58 31 24 28 38 40 78 100 106 117 119 104 115 116 119 124 132 131 137 144 143 139 141 141 140 142 143 144 145 145 145 145 145 145 143 141 141 134 131 -9999 132 121 107 100 -9999 -9999 -9999 -9999 -9999 -9999 -9999 -9999 -9999 -9999 -9999 -9999 -9999 -9999 -9999
-9999 31 31 31 32 33 34 35 36 36 37 37 34 31 32 30 31 34 28 28 43 53 54 55 55 55 58 59 73 80 80 75 69 47 23 22 27 38 40 90 114 127 128 126 124 123 120 120 128 135 123 127 137 141 138 136 137 137 138 137 139 142 143 144 144 144 143 143 145 144 145 145 146 146 141 131 117 103 89 80 -9999 -9999 -9999 -9999 -9999 -9999 -9999 -9999 -9999 -9999 -9999 -9999
-9999 32 32 33 33 34 35 35 36 36 36 35 30 29 28 27 28 28 25 22 26 37 45 49 48 26 34 54 48 23 34 35 32 26 26 42 72 50 44 97 131 133 133 123 131 133 126 125 132 137 124 118 127 130 126 120 118 116 119 124 123 132 136 138 139 139 139 137 138 142 145 146 146 147 145 147 147 147 120 97 75 65 -9999 -9999 -9999 -9999 -9999 -9999 -9999 -9999 -9999 -9999
-9999 32 33 34 34 35 35 36 37 37 37 34 30 28 26 25 26 24 23 20 20 22 25 26 27 18 33 29 26 14 17 19 17 30 47 44 49 56 50 92 124 137 121 130 138 140 139 133 129 129 116 116 109 112 118 102 95 94 90 90 99 108 112 117 123 129 124 127 131 132 137 143 145 147 148 149 148 148 148 134 100 68 61 -9999 -9999 -9999 -9999 -9999 -9999 -9999 -9999 -9999
-9999 33 34 34 35 35 36 37 38 37 37 35 30 29 27 25 23 21 20 18 17 17 17 16 16 15 16 14 17 19 51 70 63 74 95 113 60 48 52 58 82 127 139 121 129 141 140 134 130 120 113 105 94 91 85 76 72 77 74 70 71 73 79 87 92 94 96 107 103 88 94 86 81 111 114 110 125 149 149 149 117 81 57 51 -9999 -9999 -9999 -9999 -9999 -9999 -9999 -9999
-9999 34 35 35 37 37 38 39 40 40 39 39 35 34 36 31 26 21 19 16 13 12 12 12 11 12 11 11 13 19 42 68 80 90 96 113 121 81 63 67 63 96 121 125 129 143 143 143 131 117 105 96 87 80 71 64 61 60 58 57 56 59 58 62 66 67 71 75 65 46 39 36 40 48 55 64 77 93 150 150 149 96 65 48 42 -9999 -9999 -9999 -9999 -9999 -9999 -9999
-9999 34 35 36 37 39 40 46 50 48 42 40 40 40 42 43 40 29 20 16 12 11 10 10 9 10 8 10 12 14 17 30 75 88 100 117 122 68 67 73 72 83 102 116 129 131 133 141 129 115 101 91 83 75 65 58 55 52 47 44 44 43 44 46 49 51 48 38 31 23 23 25 27 31 40 44 49 79 121 143 145 113 88 64 50 43 -9999 -9999 -9999 -9999 -9999 -9999
-9999 35 36 37 38 39 40 42 45 48 47 42 41 42 43 43 43 43 32 20 13 11 9 8 8 8 8 8 14 22 16 37 53 77 88 107 100 48 54 76 79 90 107 110 129 124 110 133 126 112 98 84 76 67 58 52 46 44 40 37 36 36 35 36 33 28 26 23 20 18 17 18 18 20 27 30 40 46 65 87 122 134 99 80 67 46 36 32 -9999 -9999 -9999 -9999
-9999 36 38 38 39 41 50 54 55 54 53 52 50 49 44 42 36 30 30 21 16 13 11 9 8 8 8 8 14 33 28 20 28 42 71 103 111 52 46 72 82 91 110 116 116 129 113 115 119 112 96 81 69 60 54 47 41 40 36 34 33 32 30 24 22 19 18 17 15 15 14 13 13 15 17 17 28 35 41 51 65 92 91 83 78 62 41 30 24 -9999 -9999 -9999
-9999 34 37 38 38 40 44 53 59 61 61 62 64 68 60 51 44 30 22 19 15 15 14 13 8 8 8 8 9 18 34 30 45 60 87 111 79 39 35 52 74 92 99 111 99 121 123 108 109 99 88 76 63 55 49 43 38 36 33 32 28 23 20 18 16 15 14 14 14 13 12 12 12 12 12 13 13 19 26 38 49 62 72 71 75 74 55 36 25 23 -9999 -9999
-9999 20 24 28 31 38 38 39 38 40 32 51 54 64 63 59 57 50 31 21 13 12 13 10 8 8 8 8 8 13 16 16 21 22 22 39 27 21 23 34 56 78 92 98 94 109 113 103 92 79 73 63 56 51 45 40 36 33 29 23 20 17 15 14 13 13 13 12 12 11 10 11 11 11 11 12 11 12 19 29 43 54 58 60 61 66 65 52 39 24 18 -9999
-9999 18 19 20 19 19 27 26 11 17 16 22 30 42 41 38 27 22 28 28 15 10 11 12 9 8 8 8 8 9 9 11 16 24 18 17 19 16 19 45 44 60 73 84 82 87 98 93 78 66 57 52 47 43 39 36 29 24 20 17 15 14 12 12 12 11 11 10 10 9 10 10 10 10 10 11 11 11 16 26 35 41 51 54 54 58 58 50 34 19 -9999 -9999
-9999 25 19 17 18 13 7 7 7 7 7 7 10 14 13 12 12 8 8 11 9 8 8 8 8 8 8 8 9 9 9 9 10 15 16 14 14 15 24 65 55 45 53 68 75 76 84 77 67 57 50 43 39 31 25 23 21 18 16 13 12 11 10 10 10 9 9 9 9 9 9 10 10 10 10 10 10 10 14 23 32 38 39 44 46 53 51 38 24 19 -9999 -9999
-9999 39 29 27 29 18 16 8 7 7 7 6 6 6 5 5 6 6 7 7 8 8 8 8 8 8 8 8 9 9 9 9 10 10 10 10 14 15 18 75 95 83 63 65 58 65 68 65 57 49 47 39 26 22 20 19 17 15 13 11 9 9 8 8 8 8 8 8 9 9 9 9 9 10 10 10 10 10 12 19 26 33 36 40 42 46 44 26 20 -9999 -9999 -9999
-9999 42 41 41 41 37 16 8 7 7 7 6 6 5 5 5 6 6 7 7 8 8 8 8 8 8 8 9 9 9 9 9 10 10 10 10 11 12 14 23 62 61 63 33 32 47 52 49 48 38 28 23 -9999 -9999 -9999 -9999 -9999 12 10 9 8 8 8 8 8 8 8 8 8 9 9 9 9 9 9 9 10 10 10 11 19 27 29 37 38 38 28 20 -9999 -9999 -9999 -9999
-9999 50 56 58 53 45 36 21 11 8 10 12 8 5 5 6 6 7 7 8 8 8 8 9 13 15 9 9 9 9 9 9 10 -9999 -9999 -9999 10 11 12 14 21 22 22 23 25 28 32 31 27 25 -9999 -9999 -9999 -9999 -9999 -9999 -9999 10 9 -9999 8 8 8 -9999 -9999 -9999 -9999 -9999 -9999 -9999 9 9 9 9 9 9 9 10 10 10 14 20 25 25 27 28 23 15 -9999 -9999 -9999 -9999
-9999 65 68 68 67 60 60 62 53 37 29 26 21 9 7 7 7 8 8 8 8 8 8 9 10 17 20 9 9 9 9 9 9 -9999 -9999 -9999 10 11 11 12 14 16 18 20 21 22 23 24 22 -9999 -9999 -9999 -9999 -9999 -9999 -9999 -9999 -9999 -9999 -9999 -9999 -9999 -9999 -9999 -9999 -9999 -9999 -9999 -9999 -9999 -9999 -9999 -9999 9 9 -9999 -9999 9 10 10 11 11 12 12 16 11 10 10 -9999 -9999 -9999 -9999
