Humedad_Suelo_ASC/terraclimate_soil_2004.txt
ncols         92
nrows         62
xllcorner     -72.083333333358
yllcorner     17.458333333309
cellsize      0.041666666666657
NODATA_value  -9999
[rows 0 to 39 of 62, columns 0 to 88 of 92]
-9999 -9999 -9999 -9999 -9999 -9999 -9999 -9999 -9999 -9999 -9999 -9999 -9999 -9999 -9999 -9999 -9999 -9999 -9999 -9999 -9999 -9999 -9999 -9999 -9999 -9999 -9999 -9999 -9999 -9999 -9999 -9999 -9999 -9999 -9999 -9999 -9999 -9999 -9999 -9999 -9999 -9999 -9999 -9999 -9999 -9999 -9999 -9999 -9999 -9999 -9999 -9999 -9999 -9999 -9999 -9999 -9999 -9999 -9999 -9999 -9999 -9999 -9999 -9999 -9999 -9999 -9999 -9999 -9999 -9999 -9999 -9999 -9999 -9999 -9999 -9999 -9999 -9999 -9999 -9999 -9999 -9999 -9999 -9999 -9999 -9999 -9999 -9999 -9999
-9999 -9999 -9999 -9999 -9999 -9999 -9999 -9999 -9999 -9999 -9999 -9999 -9999 -9999 -9999 -9999 -9999 -9999 -9999 -9999 -9999 -9999 -9999 -9999 -9999 -9999 -9999 -9999 -9999 -9999 -9999 -9999 -9999 -9999 -9999 -9999 -9999 -9999 -9999 -9999 -9999 -9999 -9999 -9999 -9999 -9999 -9999 -9999 -9999 -9999 -9999 -9999 -9999 -9999 -9999 -9999 -9999 -9999 -9999 -9999 -9999 -9999 -9999 -9999 -9999 -9999 -9999 -9999 -9999 -9999 -9999 -9999 -9999 -9999 -9999 -9999 -9999 -9999 -9999 -9999 -9999 -9999 -9999 -9999 -9999 -9999 -9999 -9999 -9999
-9999 -9999 -9999 -9999 -9999 -9999 -9999 -9999 -9999 -9999 -9999 -9999 -9999 -9999 -9999 -9999 -9999 -9999 -9999 -9999 -9999 -9999 -9999 -9999 171 176 176 -9999 -9999 -9999 -9999 -9999 -9999 -9999 -9999 -9999 -9999 -9999 -9999 -9999 -9999 -9999 -9999 -9999 -9999 -9999 -9999 -9999 -9999 -9999 -9999 -9999 -9999 -9999 -9999 -9999 -9999 -9999 -9999 -9999 -9999 -9999 -9999 -9999 -9999 -9999 -9999 -9999 -9999 -9999 -9999 -9999 -9999 -9999 -9999 -9999 -9999 -9999 -9999 -9999 -9999 -9999 -9999 -9999 -9999 -9999 -9999 -9999 -9999
-9999 -9999 -9999 -9999 -9999 -9999 120 -9999 -9999 -9999 132 136 140 145 148 148 -9999 -9999 -9999 -9999 -9999 -9999 -9999 -9999 177 181 184 184 184 183 182 -9999 -9999 -9999 -9999 -9999 -9999 -9999 -9999 -9999 -9999 -9999 -9999 -9999 -9999 -9999 -9999 -9999 -9999 -9999 -9999 -9999 -9999 -9999 -9999 -9999 -9999 -9999 -9999 -9999 -9999 -9999 -9999 -9999 -9999 -9999 -9999 -9999 -9999 -9999 -9999 -9999 -9999 -9999 -9999 -9999 -9999 -9999 -9999 -9999 -9999 -9999 -9999 -9999 -9999 -9999 -9999 -9999 -9999
-9999 -9999 -9999 -9999 -9999 -9999 -9999 -9999 -9999 127 134 140 144 151 155 155 157 158 159 161 164 166 170 176 180 185 188 187 189 189 187 183 182 -9999 -9999 -9999 -9999 -9999 -9999 -9999 -9999 -9999 -9999 -9999 -9999 -9999 -9999 -9999 -9999 -9999 -9999 -9999 -9999 -9999 -9999 -9999 -9999 -9999 -9999 -9999 -9999 -9999 -9999 -9999 -9999 -9999 -9999 -9999 -9999 -9999 -9999 -9999 -9999 -9999 -9999 -9999 -9999 -9999 -9999 -9999 -9999 -9999 -9999 -9999 -9999 -9999 -9999 -9999 -9999
-9999 -9999 -9999 -9999 -9999 -9999 -9999 115 121 127 135 142 148 155 160 161 164 167 168 169 170 173 176 179 183 188 190 191 193 194 192 189 187 184 -9999 -9999 -9999 -9999 -9999 -9999 -9999 -9999 -9999 -9999 -9999 -9999 -9999 -9999 -9999 -9999 -9999 -9999 -9999 -9999 -9999 -9999 -9999 -9999 -9999 -9999 -9999 -9999 -9999 -9999 -9999 -9999 -9999 -9999 -9999 -9999 -9999 -9999 -9999 -9999 -9999 -9999 -9999 -9999 -9999 -9999 -9999 -9999 -9999 -9999 -9999 -9999 -9999 -9999 -9999
-9999 -9999 -9999 -9999 -9999 -9999 -9999 112 119 127 135 139 144 158 163 165 168 171 174 175 179 185 188 187 189 193 194 193 194 195 193 190 189 186 184 180 177 173 170 167 -9999 -9999 -9999 -9999 -9999 -9999 -9999 -9999 -9999 -9999 -9999 -9999 -9999 -9999 -9999 -9999 -9999 -9999 -9999 -9999 -9999 -9999 -9999 -9999 -9999 -9999 -9999 -9999 -9999 -9999 -9999 -9999 -9999 -9999 -9999 -9999 -9999 -9999 -9999 -9999 -9999 -9999 -9999 -9999 -9999 -9999 -9999 -9999 -9999
-9999 70 73 79 85 92 100 -9999 115 125 128 120 113 116 120 128 146 172 173 176 178 182 188 195 199 199 199 196 194 193 191 185 184 185 184 181 176 172 167 165 163 -9999 -9999 -9999 -9999 -9999 -9999 -9999 -9999 -9999 -9999 -9999 -9999 -9999 -9999 -9999 -9999 -9999 -9999 -9999 -9999 -9999 -9999 -9999 -9999 -9999 -9999 -9999 -9999 -9999 -9999 -9999 -9999 -9999 -9999 -9999 -9999 -9999 -9999 -9999 -9999 -9999 -9999 -9999 -9999 -9999 -9999 -9999 -9999
-9999 63 66 75 81 89 97 105 113 105 104 102 102 100 100 96 110 138 155 176 178 181 184 189 196 204 206 201 195 192 189 185 182 181 177 175 170 165 163 163 161 158 157 -9999 -9999 -9999 -9999 -9999 143 142 140 139 -9999 -9999 -9999 -9999 -9999 -9999 -9999 -9999 -9999 -9999 -9999 -9999 -9999 -9999 -9999 -9999 -9999 -9999 -9999 -9999 -9999 -9999 -9999 -9999 -9999 -9999 -9999 -9999 -9999 -9999 -9999 -9999 -9999 -9999 -9999 -9999 -9999
-9999 58 61 69 78 85 95 104 115 114 112 110 111 100 101 103 97 110 118 131 148 172 183 186 189 195 199 201 199 193 188 184 179 176 171 167 164 160 160 161 159 158 156 154 151 149 -9999 142 143 143 143 142 138 -9999 -9999 -9999 -9999 -9999 -9999 -9999 -9999 -9999 -9999 -9999 -9999 -9999 -9999 -9999 -9999 -9999 -9999 -9999 -9999 -9999 -9999 -9999 -9999 -9999 -9999 -9999 -9999 -9999 -9999 -9999 -9999 -9999 -9999 -9999 -9999
-9999 53 57 66 76 83 93 103 115 125 134 130 124 115 113 114 102 146 128 116 119 129 149 167 189 193 194 192 192 192 189 183 179 176 169 164 159 154 151 154 152 152 151 152 149 147 144 142 142 142 143 146 139 -9999 -9999 -9999 -9999 -9999 -9999 -9999 -9999 -9999 -9999 -9999 -9999 -9999 -9999 -9999 -9999 -9999 -9999 -9999 -9999 -9999 -9999 -9999 -9999 -9999 -9999 -9999 -9999 -9999 -9999 -9999 -9999 -9999 -9999 -9999 -9999
-9999 49 51 61 70 81 91 102 114 126 140 136 120 127 136 114 108 127 165 151 136 127 124 135 146 173 193 190 188 186 186 184 181 177 172 165 157 150 146 146 144 145 147 147 144 143 145 144 141 139 140 140 137 -9999 -9999 -9999 -9999 -9999 -9999 -9999 -9999 -9999 -9999 -9999 -9999 -9999 -9999 -9999 -9999 -9999 -9999 -9999 -9999 -9999 -9999 -9999 -9999 -9999 -9999 -9999 -9999 -9999 -9999 -9999 -9999 -9999 -9999 -9999 -9999
-9999 39 46 58 67 78 90 102 114 127 143 158 142 137 123 110 105 117 134 144 170 160 159 119 130 150 173 192 188 184 180 176 172 170 167 163 157 152 145 142 141 143 143 141 141 143 144 142 139 138 137 135 133 132 -9999 -9999 -9999 -9999 -9999 -9999 -9999 -9999 -9999 -9999 -9999 -9999 -9999 -9999 -9999 -9999 -9999 -9999 -9999 -9999 -9999 -9999 -9999 -9999 -9999 -9999 -9999 -9999 -9999 -9999 -9999 -9999 -9999 -9999 -9999
-9999 35 41 56 68 82 90 104 114 127 142 160 172 153 134 119 106 104 112 117 135 151 168 128 130 137 152 185 186 180 174 169 163 157 154 151 148 146 144 141 140 143 141 138 139 140 140 140 139 137 135 135 132 -9999 -9999 -9999 -9999 -9999 -9999 -9999 -9999 -9999 -9999 -9999 -9999 -9999 -9999 -9999 -9999 -9999 -9999 -9999 -9999 -9999 -9999 -9999 -9999 -9999 -9999 -9999 -9999 -9999 -9999 -9999 -9999 -9999 -9999 -9999 -9999
-9999 38 42 55 68 81 94 103 112 124 136 153 167 178 146 121 129 118 111 114 137 150 166 120 141 152 152 180 180 175 168 159 152 147 143 140 136 133 132 136 137 139 136 135 135 135 136 137 137 136 135 134 132 132 -9999 -9999 -9999 -9999 -9999 -9999 -9999 -9999 -9999 -9999 -9999 -9999 -9999 -9999 -9999 -9999 -9999 -9999 -9999 -9999 -9999 -9999 -9999 -9999 -9999 -9999 -9999 -9999 -9999 -9999 -9999 -9999 -9999 -9999 -9999
-9999 36 41 54 67 80 91 103 114 124 133 145 158 168 156 140 142 165 162 138 168 163 152 137 171 181 172 163 167 165 159 151 144 139 135 130 127 124 122 123 126 131 132 131 132 134 135 133 133 134 134 133 132 130 -9999 -9999 -9999 -9999 -9999 -9999 -9999 -9999 -9999 -9999 -9999 -9999 -9999 -9999 -9999 -9999 -9999 -9999 -9999 -9999 -9999 -9999 -9999 -9999 -9999 -9999 -9999 -9999 -9999 -9999 -9999 -9999 -9999 -9999 -9999
-9999 38 43 54 65 76 88 98 109 120 130 142 153 162 164 165 165 165 166 165 160 166 160 158 169 169 166 163 159 155 149 145 137 135 129 125 122 118 116 117 119 121 123 125 126 129 133 134 131 131 132 133 131 129 129 -9999 -9999 -9999 -9999 -9999 -9999 -9999 -9999 -9999 -9999 -9999 -9999 132 129 -9999 -9999 -9999 -9999 -9999 -9999 -9999 -9999 -9999 -9999 -9999 -9999 -9999 -9999 -9999 -9999 -9999 -9999 -9999 -9999
-9999 39 43 53 64 74 84 94 103 113 122 132 143 154 160 159 158 158 158 156 157 158 158 158 158 159 156 152 149 144 138 134 129 127 123 120 117 114 111 112 113 115 115 117 120 122 125 127 127 128 130 131 130 128 127 126 -9999 -9999 -9999 131 131 131 130 129 130 132 138 137 135 126 125 -9999 -9999 -9999 -9999 -9999 -9999 -9999 -9999 -9999 -9999 -9999 -9999 -9999 -9999 -9999 -9999 -9999 -9999
-9999 39 44 53 63 71 80 89 98 106 115 124 133 144 150 153 152 150 148 148 150 151 150 149 149 150 148 142 138 135 132 129 123 120 118 115 113 111 108 107 107 109 111 112 114 117 120 121 124 126 127 128 127 127 127 127 130 131 129 130 131 133 132 131 132 134 137 139 134 127 125 -9999 -9999 -9999 -9999 -9999 -9999 -9999 -9999 -9999 -9999 -9999 -9999 -9999 -9999 -9999 -9999 -9999 -9999
-9999 39 43 53 61 69 76 83 92 99 106 114 123 134 138 138 141 141 140 140 140 140 140 140 140 139 137 134 130 127 124 123 120 117 113 110 109 108 105 103 103 105 106 107 109 112 114 116 120 123 126 126 125 125 124 125 127 128 128 129 129 130 129 129 131 133 134 134 131 129 -9999 -9999 -9999 -9999 -9999 -9999 -9999 -9999 -9999 -9999 -9999 -9999 -9999 -9999 -9999 -9999 -9999 -9999 -9999
-9999 34 39 51 59 66 71 78 86 93 99 106 113 120 124 124 125 128 129 129 129 129 130 130 129 128 125 122 120 118 117 117 113 110 107 105 102 102 102 101 100 100 102 104 105 107 108 111 115 118 120 121 122 122 121 121 120 121 121 -9999 -9999 -9999 124 125 126 129 132 129 127 -9999 -9999 -9999 -9999 -9999 -9999 -9999 -9999 -9999 -9999 -9999 -9999 -9999 -9999 -9999 -9999 -9999 -9999 -9999 -9999
-9999 33 34 40 52 59 66 67 76 85 90 97 104 109 113 115 114 114 112 111 113 115 117 116 115 114 114 113 111 110 110 109 105 103 101 99 99 98 99 100 99 99 101 102 103 104 105 108 111 115 116 117 118 117 117 116 116 116 117 -9999 -9999 -9999 -9999 -9999 -9999 -9999 -9999 -9999 -9999 -9999 -9999 -9999 -9999 -9999 -9999 -9999 -9999 -9999 -9999 -9999 -9999 -9999 -9999 -9999 -9999 -9999 -9999 -9999 -9999
-9999 34 34 37 43 50 55 59 63 69 75 86 95 100 103 104 102 101 100 98 101 102 103 104 103 101 102 104 103 102 101 99 99 98 97 95 94 96 94 96 99 98 100 101 101 103 105 108 111 114 116 116 116 116 116 115 115 114 114 -9999 115 117 118 120 120 -9999 -9999 -9999 -9999 -9999 -9999 -9999 -9999 -9999 -9999 -9999 -9999 -9999 -9999 -9999 -9999 -9999 -9999 -9999 -9999 -9999 -9999 -9999 -9999
-9999 39 36 37 40 44 49 52 57 59 64 73 83 89 92 92 91 90 86 86 89 90 91 91 92 91 91 94 92 91 90 90 90 91 90 90 90 91 92 95 96 98 100 101 101 103 105 106 110 112 115 116 117 116 116 115 115 114 115 115 115 117 119 120 119 118 116 -9999 -9999 -9999 -9999 -9999 -9999 -9999 -9999 -9999 -9999 -9999 -9999 -9999 -9999 -9999 -9999 -9999 -9999 -9999 -9999 -9999 -9999
-9999 38 37 39 42 45 46 47 52 53 54 56 60 63 73 79 79 78 74 52 74 77 78 78 78 78 78 80 83 83 82 83 83 85 84 84 85 87 89 91 94 96 98 99 100 104 105 106 109 112 112 113 115 114 112 113 113 113 114 115 115 117 118 119 118 116 116 114 113 113 113 114 -9999 116 114 113 112 -9999 -9999 -9999 -9999 -9999 -9999 -9999 -9999 -9999 -9999 -9999 -9999
-9999 40 40 41 43 45 48 48 51 52 51 50 47 43 43 41 42 51 40 40 69 72 73 73 71 71 71 72 77 79 79 80 81 81 81 82 84 88 89 92 95 97 98 100 102 104 104 106 109 112 111 111 112 112 111 111 111 111 111 111 112 113 114 115 114 115 114 115 115 115 116 117 118 119 118 117 117 115 112 112 -9999 -9999 -9999 -9999 -9999 -9999 -9999 -9999 -9999
-9999 43 43 46 46 48 48 49 50 51 50 48 43 40 37 35 37 39 35 29 37 71 73 73 71 42 65 72 73 63 75 79 80 82 84 87 92 94 95 96 100 104 101 102 104 105 106 107 109 111 110 108 109 109 107 107 106 106 106 105 105 107 109 110 111 111 111 111 112 115 118 120 121 121 121 122 123 122 118 115 112 110 -9999 -9999 -9999 -9999 -9999 -9999 -9999
-9999 44 46 49 50 52 52 53 54 52 51 47 41 36 34 32 34 31 31 24 25 30 37 39 41 28 56 46 42 36 41 56 54 84 90 95 99 101 99 99 101 105 104 104 106 108 108 108 109 110 109 107 105 105 106 104 102 101 101 99 100 101 102 104 104 106 106 106 107 109 113 117 118 120 121 122 125 130 125 121 117 112 109 -9999 -9999 -9999 -9999 -9999 -9999
-9999 43 46 50 52 54 53 55 55 52 51 45 41 38 36 32 29 25 23 21 19 19 18 17 17 16 20 16 20 33 82 87 90 91 97 104 104 104 103 103 101 105 108 108 108 110 110 109 109 108 107 106 103 101 100 98 97 98 96 94 93 93 95 98 99 99 101 103 103 102 106 108 110 114 115 116 118 123 128 125 121 116 111 109 -9999 -9999 -9999 -9999 -9999
-9999 48 47 51 54 54 57 60 61 60 57 56 45 44 46 41 34 26 22 19 16 14 13 13 12 12 11 12 14 31 73 89 95 99 102 109 111 111 111 111 108 106 108 111 111 112 111 111 109 106 105 103 101 99 96 94 93 92 90 89 87 88 88 90 93 94 96 97 98 99 100 103 105 108 110 112 115 118 125 128 127 119 114 110 107 -9999 -9999 -9999 -9999
-9999 49 48 50 54 58 63 70 75 73 66 60 60 59 68 71 56 39 25 19 15 13 12 12 12 12 11 12 13 15 23 38 97 103 108 115 116 115 116 117 116 113 111 111 113 114 111 111 109 106 103 101 100 97 94 92 90 89 85 84 82 81 83 84 87 89 90 92 94 97 98 101 103 105 109 111 112 116 122 126 126 122 119 114 109 107 -9999 -9999 -9999
-9999 50 51 53 57 59 59 63 67 71 72 66 63 60 68 71 72 69 42 24 16 13 12 12 12 11 11 12 15 28 22 43 68 103 108 116 120 120 120 122 121 120 120 115 113 112 110 111 109 105 103 100 97 94 91 88 86 85 83 81 79 78 79 81 83 85 87 89 91 93 97 99 100 103 106 108 110 112 116 119 122 125 122 118 114 110 109 107 -9999
-9999 50 53 55 56 63 73 76 75 76 78 77 76 76 72 56 44 40 41 27 18 16 13 12 12 12 12 12 16 45 40 30 36 48 88 118 125 123 123 126 126 124 125 121 114 113 111 110 108 106 102 98 95 92 90 87 84 83 81 78 75 74 74 77 80 81 83 86 89 92 94 97 99 103 106 105 109 110 111 114 117 120 121 119 118 115 112 109 108
-9999 50 50 52 54 59 70 78 81 83 84 85 87 89 86 78 59 39 28 23 18 18 16 13 12 12 12 12 13 33 43 38 51 74 114 124 126 110 126 126 128 127 126 125 116 114 112 108 106 102 99 97 93 91 88 85 83 81 79 76 73 71 71 74 76 78 81 84 87 90 92 96 100 103 105 106 108 109 109 111 114 116 118 119 118 117 115 111 107
-9999 38 42 53 54 54 57 60 69 74 56 83 85 89 89 88 87 80 41 25 15 14 14 13 12 12 12 12 13 17 30 28 34 37 44 73 79 67 99 128 129 129 127 125 117 113 112 108 104 100 96 93 91 89 86 83 82 78 76 72 70 68 68 71 73 76 79 82 85 88 92 96 100 104 106 106 107 108 109 111 112 115 115 117 116 116 115 113 110
-9999 34 35 36 35 33 41 40 21 25 24 34 45 71 66 56 40 35 41 40 18 13 13 14 13 12 12 12 13 13 14 15 28 37 32 34 41 38 57 135 132 130 127 125 118 113 112 108 103 97 93 90 89 87 84 82 80 76 74 70 68 65 66 68 71 73 76 80 78 87 91 93 100 104 107 107 109 109 109 110 111 113 115 115 114 113 114 113 109
-9999 42 36 31 32 26 19 18 14 12 12 12 13 20 17 14 14 12 12 13 13 12 12 12 12 12 12 12 13 13 14 14 16 33 24 22 20 22 79 143 139 132 127 125 119 114 112 107 101 96 91 88 85 83 83 80 77 74 71 68 65 62 63 66 69 72 70 67 60 65 77 82 83 86 97 107 108 108 110 111 112 113 114 114 113 114 114 110 106
-9999 55 53 43 45 30 26 18 12 12 11 11 11 11 10 10 10 10 10 10 11 12 12 12 12 12 12 12 12 13 13 13 14 15 15 15 19 19 40 143 143 138 131 126 119 113 109 105 100 95 91 87 85 82 81 80 77 73 70 67 64 62 62 65 68 58 59 54 49 50 63 66 69 72 78 98 106 108 110 111 112 114 113 113 113 112 112 107 105
-9999 59 62 58 59 59 26 19 14 12 12 11 10 10 9 8 9 9 10 10 10 11 11 12 12 12 12 12 12 12 12 12 12 12 12 13 15 16 17 50 136 133 129 118 112 110 106 101 98 93 89 86 -9999 -9999 -9999 -9999 -9999 73 70 67 65 63 63 66 61 46 52 47 46 48 49 51 52 56 63 76 101 107 108 109 110 112 113 113 113 111 107 104 -9999
-9999 67 74 76 75 68 61 32 21 13 18 19 13 9 7 7 8 9 9 10 11 11 12 13 16 17 14 13 12 11 11 11 12 -9999 -9999 -9999 12 14 14 16 44 47 47 50 72 107 103 99 95 91 -9999 -9999 -9999 -9999 -9999 -9999 -9999 71 69 -9999 66 63 63 -9999 -9999 -9999 -9999 -9999 -9999 -9999 46 48 47 46 49 66 93 104 105 107 110 111 111 110 109 107 105 102 -9999
