Humedad_Suelo_ASC/terraclimate_soil_1981.txt
ncols         92
nrows         62
xllcorner     -72.083333333358
yllcorner     17.458333333309
cellsize      0.041666666666657
NODATA_value  -9999
[rows 0 to 39 of 62, columns 0 to 89 of 92]
-9999 -9999 -9999 -9999 -9999 -9999 -9999 -9999 -9999 -9999 -9999 -9999 -9999 -9999 -9999 -9999 -9999 -9999 -9999 -9999 -9999 -9999 -9999 -9999 -9999 -9999 -9999 -9999 -9999 -9999 -9999 -9999 -9999 -9999 -9999 -9999 -9999 -9999 -9999 -9999 -9999 -9999 -9999 -9999 -9999 -9999 -9999 -9999 -9999 -9999 -9999 -9999 -9999 -9999 -9999 -9999 -9999 -9999 -9999 -9999 -9999 -9999 -9999 -9999 -9999 -9999 -9999 -9999 -9999 -9999 -9999 -9999 -9999 -9999 -9999 -9999 -9999 -9999 -9999 -9999 -9999 -9999 -9999 -9999 -9999 -9999 -9999 -9999 -9999 -9999
-9999 -9999 -9999 -9999 -9999 -9999 -9999 -9999 -9999 -9999 -9999 -9999 -9999 -9999 -9999 -9999 -9999 -9999 -9999 -9999 -9999 -9999 -9999 -9999 -9999 -9999 -9999 -9999 -9999 -9999 -9999 -9999 -9999 -9999 -9999 -9999 -9999 -9999 -9999 -9999 -9999 -9999 -9999 -9999 -9999 -9999 -9999 -9999 -9999 -9999 -9999 -9999 -9999 -9999 -9999 -9999 -9999 -9999 -9999 -9999 -9999 -9999 -9999 -9999 -9999 -9999 -9999 -9999 -9999 -9999 -9999 -9999 -9999 -9999 -9999 -9999 -9999 -9999 -9999 -9999 -9999 -9999 -9999 -9999 -9999 -9999 -9999 -9999 -9999 -9999
-9999 -9999 -9999 -9999 -9999 -9999 -9999 -9999 -9999 -9999 -9999 -9999 -9999 -9999 -9999 -9999 -9999 -9999 -9999 -9999 -9999 -9999 -9999 -9999 194 195 195 -9999 -9999 -9999 -9999 -9999 -9999 -9999 -9999 -9999 -9999 -9999 -9999 -9999 -9999 -9999 -9999 -9999 -9999 -9999 -9999 -9999 -9999 -9999 -9999 -9999 -9999 -9999 -9999 -9999 -9999 -9999 -9999 -9999 -9999 -9999 -9999 -9999 -9999 -9999 -9999 -9999 -9999 -9999 -9999 -9999 -9999 -9999 -9999 -9999 -9999 -9999 -9999 -9999 -9999 -9999 -9999 -9999 -9999 -9999 -9999 -9999 -9999 -9999
-9999 -9999 -9999 -9999 -9999 -9999 151 -9999 -9999 -9999 161 151 152 158 155 153 -9999 -9999 -9999 -9999 -9999 -9999 -9999 -9999 200 201 200 198 196 193 191 -9999 -9999 -9999 -9999 -9999 -9999 -9999 -9999 -9999 -9999 -9999 -9999 -9999 -9999 -9999 -9999 -9999 -9999 -9999 -9999 -9999 -9999 -9999 -9999 -9999 -9999 -9999 -9999 -9999 -9999 -9999 -9999 -9999 -9999 -9999 -9999 -9999 -9999 -9999 -9999 -9999 -9999 -9999 -9999 -9999 -9999 -9999 -9999 -9999 -9999 -9999 -9999 -9999 -9999 -9999 -9999 -9999 -9999 -9999
-9999 -9999 -9999 -9999 -9999 -9999 -9999 -9999 -9999 161 167 154 145 156 169 162 168 168 183 195 200 201 203 204 205 206 205 203 200 197 194 191 188 -9999 -9999 -9999 -9999 -9999 -9999 -9999 -9999 -9999 -9999 -9999 -9999 -9999 -9999 -9999 -9999 -9999 -9999 -9999 -9999 -9999 -9999 -9999 -9999 -9999 -9999 -9999 -9999 -9999 -9999 -9999 -9999 -9999 -9999 -9999 -9999 -9999 -9999 -9999 -9999 -9999 -9999 -9999 -9999 -9999 -9999 -9999 -9999 -9999 -9999 -9999 -9999 -9999 -9999 -9999 -9999 -9999
-9999 -9999 -9999 -9999 -9999 -9999 -9999 147 152 155 153 152 144 142 152 171 192 201 202 204 206 207 208 209 210 212 211 207 204 200 197 194 190 187 -9999 -9999 -9999 -9999 -9999 -9999 -9999 -9999 -9999 -9999 -9999 -9999 -9999 -9999 -9999 -9999 -9999 -9999 -9999 -9999 -9999 -9999 -9999 -9999 -9999 -9999 -9999 -9999 -9999 -9999 -9999 -9999 -9999 -9999 -9999 -9999 -9999 -9999 -9999 -9999 -9999 -9999 -9999 -9999 -9999 -9999 -9999 -9999 -9999 -9999 -9999 -9999 -9999 -9999 -9999 -9999
-9999 -9999 -9999 -9999 -9999 -9999 -9999 143 136 127 124 119 122 134 145 153 174 204 209 210 211 212 213 215 216 217 216 212 208 204 200 196 192 188 184 180 177 173 170 169 -9999 -9999 -9999 -9999 -9999 -9999 -9999 -9999 -9999 -9999 -9999 -9999 -9999 -9999 -9999 -9999 -9999 -9999 -9999 -9999 -9999 -9999 -9999 -9999 -9999 -9999 -9999 -9999 -9999 -9999 -9999 -9999 -9999 -9999 -9999 -9999 -9999 -9999 -9999 -9999 -9999 -9999 -9999 -9999 -9999 -9999 -9999 -9999 -9999 -9999
-9999 103 107 116 119 123 129 -9999 111 109 105 99 93 96 98 101 115 147 165 186 209 218 219 220 221 222 221 216 212 207 203 198 194 190 185 181 176 172 169 168 167 -9999 -9999 -9999 -9999 -9999 -9999 -9999 -9999 -9999 -9999 -9999 -9999 -9999 -9999 -9999 -9999 -9999 -9999 -9999 -9999 -9999 -9999 -9999 -9999 -9999 -9999 -9999 -9999 -9999 -9999 -9999 -9999 -9999 -9999 -9999 -9999 -9999 -9999 -9999 -9999 -9999 -9999 -9999 -9999 -9999 -9999 -9999 -9999 -9999
-9999 96 101 111 115 120 126 106 94 89 88 86 85 83 85 79 89 108 116 132 149 169 201 225 227 228 226 221 216 211 206 201 196 191 186 181 176 171 168 167 166 164 163 -9999 -9999 -9999 -9999 -9999 157 156 155 155 -9999 -9999 -9999 -9999 -9999 -9999 -9999 -9999 -9999 -9999 -9999 -9999 -9999 -9999 -9999 -9999 -9999 -9999 -9999 -9999 -9999 -9999 -9999 -9999 -9999 -9999 -9999 -9999 -9999 -9999 -9999 -9999 -9999 -9999 -9999 -9999 -9999 -9999
-9999 90 94 105 111 115 123 120 104 100 97 92 90 79 79 77 75 82 87 94 103 118 138 158 186 223 231 225 220 214 209 203 198 192 187 181 176 170 167 166 165 164 162 161 160 159 -9999 157 156 155 154 154 154 -9999 -9999 -9999 -9999 -9999 -9999 -9999 -9999 -9999 -9999 -9999 -9999 -9999 -9999 -9999 -9999 -9999 -9999 -9999 -9999 -9999 -9999 -9999 -9999 -9999 -9999 -9999 -9999 -9999 -9999 -9999 -9999 -9999 -9999 -9999 -9999 -9999
-9999 84 88 100 110 112 120 128 139 128 137 123 115 100 91 87 71 113 89 76 78 84 95 108 130 147 186 230 224 218 212 206 200 194 187 181 175 169 166 165 164 163 161 160 159 158 157 156 155 154 153 153 153 -9999 -9999 -9999 -9999 -9999 -9999 -9999 -9999 -9999 -9999 -9999 -9999 -9999 -9999 -9999 -9999 -9999 -9999 -9999 -9999 -9999 -9999 -9999 -9999 -9999 -9999 -9999 -9999 -9999 -9999 -9999 -9999 -9999 -9999 -9999 -9999 -9999
-9999 77 82 95 102 110 117 126 137 144 155 156 125 129 136 96 82 100 141 117 90 79 78 83 91 105 131 163 202 221 215 208 201 195 188 182 175 168 165 164 163 162 161 160 158 157 156 155 154 153 153 153 152 -9999 -9999 -9999 -9999 -9999 -9999 -9999 -9999 -9999 -9999 -9999 -9999 -9999 -9999 -9999 -9999 -9999 -9999 -9999 -9999 -9999 -9999 -9999 -9999 -9999 -9999 -9999 -9999 -9999 -9999 -9999 -9999 -9999 -9999 -9999 -9999 -9999
-9999 71 76 90 98 106 117 127 138 145 167 177 169 168 135 106 91 100 114 118 142 114 107 73 78 89 100 123 142 164 194 210 203 196 189 182 175 168 164 163 162 161 160 159 158 157 156 155 154 153 152 152 152 152 -9999 -9999 -9999 -9999 -9999 -9999 -9999 -9999 -9999 -9999 -9999 -9999 -9999 -9999 -9999 -9999 -9999 -9999 -9999 -9999 -9999 -9999 -9999 -9999 -9999 -9999 -9999 -9999 -9999 -9999 -9999 -9999 -9999 -9999 -9999 -9999
-9999 68 74 88 101 114 118 130 139 149 165 186 196 183 170 138 112 102 105 101 113 119 127 82 80 79 87 105 135 141 146 160 178 193 186 179 172 165 161 160 160 159 158 157 156 155 155 154 153 152 152 151 151 -9999 -9999 -9999 -9999 -9999 -9999 -9999 -9999 -9999 -9999 -9999 -9999 -9999 -9999 -9999 -9999 -9999 -9999 -9999 -9999 -9999 -9999 -9999 -9999 -9999 -9999 -9999 -9999 -9999 -9999 -9999 -9999 -9999 -9999 -9999 -9999 -9999
-9999 70 73 87 99 112 126 131 137 147 157 178 193 201 172 153 158 144 118 110 129 128 132 76 89 95 92 109 150 165 149 128 132 145 163 174 167 161 158 157 156 156 155 155 154 154 153 153 152 152 151 151 151 151 -9999 -9999 -9999 -9999 -9999 -9999 -9999 -9999 -9999 -9999 -9999 -9999 -9999 -9999 -9999 -9999 -9999 -9999 -9999 -9999 -9999 -9999 -9999 -9999 -9999 -9999 -9999 -9999 -9999 -9999 -9999 -9999 -9999 -9999 -9999 -9999
-9999 64 68 82 95 109 121 132 142 150 158 170 182 183 167 156 159 174 175 151 171 146 122 99 122 128 110 96 118 144 143 117 105 112 126 140 158 157 154 154 153 153 153 153 152 152 152 152 151 151 151 151 151 150 -9999 -9999 -9999 -9999 -9999 -9999 -9999 -9999 -9999 -9999 -9999 -9999 -9999 -9999 -9999 -9999 -9999 -9999 -9999 -9999 -9999 -9999 -9999 -9999 -9999 -9999 -9999 -9999 -9999 -9999 -9999 -9999 -9999 -9999 -9999 -9999
-9999 64 69 80 91 103 115 125 135 148 157 169 180 189 163 169 170 180 190 181 168 182 145 125 143 118 113 121 128 130 121 124 106 119 112 120 132 141 150 150 150 150 150 150 150 150 150 150 150 150 150 150 150 150 150 -9999 -9999 -9999 -9999 -9999 -9999 -9999 -9999 -9999 -9999 -9999 -9999 148 148 -9999 -9999 -9999 -9999 -9999 -9999 -9999 -9999 -9999 -9999 -9999 -9999 -9999 -9999 -9999 -9999 -9999 -9999 -9999 -9999 -9999
-9999 62 67 77 88 98 108 119 128 137 147 156 168 180 186 179 180 183 182 174 170 183 181 177 157 155 118 106 114 111 99 93 91 103 108 109 119 132 138 147 147 148 148 148 148 149 149 149 150 150 150 150 150 150 149 149 -9999 -9999 -9999 149 148 148 148 148 148 148 148 148 148 148 148 -9999 -9999 -9999 -9999 -9999 -9999 -9999 -9999 -9999 -9999 -9999 -9999 -9999 -9999 -9999 -9999 -9999 -9999 -9999
-9999 54 65 73 85 92 101 110 114 117 125 135 147 166 172 178 178 175 172 171 173 175 174 174 175 177 174 120 103 102 101 105 94 95 105 110 117 131 130 132 139 145 145 146 146 147 148 148 149 149 150 149 149 149 149 149 149 149 148 148 148 148 148 148 148 148 148 147 147 147 147 -9999 -9999 -9999 -9999 -9999 -9999 -9999 -9999 -9999 -9999 -9999 -9999 -9999 -9999 -9999 -9999 -9999 -9999 -9999
-9999 32 42 57 68 76 78 85 98 99 98 105 132 156 159 160 165 166 163 163 162 162 162 163 164 164 165 148 125 114 127 118 121 119 119 105 114 130 127 125 127 140 143 144 145 145 146 147 148 149 149 149 149 149 149 148 148 148 148 148 148 147 147 147 147 147 147 147 147 147 -9999 -9999 -9999 -9999 -9999 -9999 -9999 -9999 -9999 -9999 -9999 -9999 -9999 -9999 -9999 -9999 -9999 -9999 -9999 -9999
-9999 24 26 40 53 61 56 64 81 93 90 90 104 121 122 119 129 147 151 151 150 150 150 152 152 153 151 149 148 148 150 143 116 114 118 120 111 120 126 127 128 133 140 141 143 144 145 146 147 148 149 149 148 148 148 148 148 148 147 -9999 -9999 -9999 147 147 147 147 147 147 147 -9999 -9999 -9999 -9999 -9999 -9999 -9999 -9999 -9999 -9999 -9999 -9999 -9999 -9999 -9999 -9999 -9999 -9999 -9999 -9999 -9999
-9999 23 24 28 32 38 43 44 52 62 64 73 80 82 95 111 109 112 105 103 110 126 136 136 135 136 137 138 138 137 141 137 111 102 102 108 119 131 132 134 135 136 138 139 141 142 143 145 146 148 148 148 148 148 148 148 147 147 147 -9999 -9999 -9999 -9999 -9999 -9999 -9999 -9999 -9999 -9999 -9999 -9999 -9999 -9999 -9999 -9999 -9999 -9999 -9999 -9999 -9999 -9999 -9999 -9999 -9999 -9999 -9999 -9999 -9999 -9999 -9999
-9999 24 24 27 30 33 35 37 39 44 49 60 69 74 85 93 89 91 83 78 87 97 103 119 115 111 123 128 130 131 131 131 127 111 114 118 130 128 129 130 132 134 135 137 139 140 142 144 146 147 148 148 148 147 147 147 147 147 147 -9999 146 146 146 146 146 -9999 -9999 -9999 -9999 -9999 -9999 -9999 -9999 -9999 -9999 -9999 -9999 -9999 -9999 -9999 -9999 -9999 -9999 -9999 -9999 -9999 -9999 -9999 -9999 -9999
-9999 28 26 28 29 31 33 34 36 37 39 47 56 68 71 73 71 67 61 61 71 85 89 97 102 102 106 117 116 116 114 115 118 124 122 125 124 124 125 127 129 131 133 135 137 139 141 143 145 147 148 147 147 147 147 147 146 146 146 146 146 146 146 146 146 146 146 -9999 -9999 -9999 -9999 -9999 -9999 -9999 -9999 -9999 -9999 -9999 -9999 -9999 -9999 -9999 -9999 -9999 -9999 -9999 -9999 -9999 -9999 -9999
-9999 28 27 28 30 31 32 32 34 35 35 36 38 39 45 55 55 58 48 41 49 57 63 68 72 76 79 93 108 108 108 110 112 115 114 114 119 120 121 124 126 128 130 133 135 137 139 142 144 146 147 147 147 147 146 146 146 146 146 146 145 145 145 145 145 145 145 145 145 145 141 139 -9999 141 127 109 98 -9999 -9999 -9999 -9999 -9999 -9999 -9999 -9999 -9999 -9999 -9999 -9999 -9999
-9999 29 29 30 30 31 32 33 34 34 34 34 34 34 35 34 35 37 34 34 48 56 56 58 56 58 64 71 97 103 103 105 107 108 97 97 113 121 122 124 127 129 131 133 135 137 139 141 144 146 147 146 146 146 146 145 145 145 144 144 144 144 144 144 144 144 144 145 145 145 145 145 146 146 146 135 123 102 80 70 -9999 -9999 -9999 -9999 -9999 -9999 -9999 -9999 -9999 -9999
-9999 30 30 31 31 32 33 33 34 34 34 33 32 32 31 30 32 33 32 30 34 49 56 57 52 37 46 60 64 53 67 85 87 86 94 114 123 127 128 130 131 133 134 136 137 139 141 142 144 145 146 145 145 145 144 144 143 143 142 142 142 141 141 142 142 143 143 144 144 145 145 146 146 147 147 147 147 147 117 88 64 57 -9999 -9999 -9999 -9999 -9999 -9999 -9999 -9999
-9999 31 31 32 33 33 34 35 35 35 34 33 31 30 30 29 30 30 30 28 29 32 35 37 38 33 42 41 41 34 39 54 50 71 102 125 132 133 134 135 136 137 138 139 140 141 142 143 144 145 145 145 144 143 143 142 137 134 128 123 130 138 139 140 141 141 142 139 131 132 146 146 147 148 149 149 148 148 148 128 91 60 50 -9999 -9999 -9999 -9999 -9999 -9999 -9999
-9999 31 32 33 34 34 35 35 36 35 34 33 32 32 31 30 29 28 27 26 26 26 27 25 29 29 32 31 33 37 68 85 91 94 120 132 136 139 140 140 140 141 141 142 142 143 143 144 144 145 145 144 143 134 125 110 104 112 106 98 97 97 104 113 117 117 111 115 97 77 85 80 78 104 103 103 116 143 149 146 112 73 54 45 -9999 -9999 -9999 -9999 -9999 -9999
-9999 33 33 34 35 35 36 38 38 38 37 36 35 36 37 35 32 28 27 26 25 24 23 23 22 23 21 21 26 38 60 73 85 97 104 132 139 143 145 145 145 145 145 145 145 145 145 145 144 144 144 143 132 119 102 88 85 83 82 81 80 84 83 86 91 86 78 72 58 47 41 39 36 46 52 60 73 93 150 150 149 90 64 48 39 -9999 -9999 -9999 -9999 -9999
-9999 33 33 34 35 38 42 49 54 51 43 39 38 39 42 44 40 36 30 27 25 23 22 22 21 21 18 21 23 26 38 48 77 90 104 134 143 137 147 150 150 149 148 148 147 147 146 145 145 144 143 142 128 111 93 80 77 75 69 66 66 65 66 67 64 56 48 43 38 32 31 30 29 28 40 42 46 76 117 140 139 110 83 61 45 40 -9999 -9999 -9999 -9999
-9999 34 34 35 37 38 39 42 45 49 48 42 40 40 42 45 45 44 38 30 26 24 21 19 19 17 17 18 29 40 39 52 67 80 92 114 142 131 139 156 154 153 152 151 150 148 147 146 145 144 142 130 117 100 83 73 67 65 60 58 55 54 53 42 38 34 32 29 28 27 26 26 23 24 30 29 38 48 68 88 118 132 99 75 64 49 44 37 -9999 -9999
-9999 34 35 36 37 43 53 56 55 55 55 53 51 50 46 41 38 37 38 33 29 26 24 21 17 17 16 18 28 53 52 48 55 65 82 112 142 121 131 161 159 157 156 154 152 150 149 147 145 143 142 122 104 90 77 68 61 60 56 51 47 44 33 28 27 25 24 24 23 22 21 21 21 23 26 23 31 35 40 53 70 92 90 80 76 65 54 46 42 -9999
-9999 32 35 35 36 38 48 59 66 66 68 67 68 70 62 53 44 37 33 31 29 29 28 25 18 14 17 18 19 46 55 55 67 78 93 123 123 107 118 139 160 161 159 157 146 152 150 148 145 139 127 112 91 79 71 64 59 55 52 47 36 27 24 23 23 22 22 21 21 21 20 21 21 22 22 22 23 25 28 39 53 65 74 76 75 76 65 52 38 30
-9999 19 23 30 33 36 36 37 40 44 40 57 61 70 70 65 62 53 39 34 26 25 26 24 19 14 15 15 17 27 39 38 55 62 67 86 87 65 88 120 140 157 163 160 134 147 151 147 134 117 109 95 82 74 68 61 55 51 45 31 25 22 21 20 20 20 20 20 20 19 19 20 21 21 22 21 21 22 24 35 42 55 60 67 68 68 67 60 49 29
-9999 17 17 17 15 19 30 30 16 24 24 33 38 51 51 47 39 38 42 41 29 23 25 26 23 18 12 14 13 15 20 23 35 64 44 40 47 33 50 129 129 141 141 140 122 121 142 139 120 105 91 79 73 65 59 55 51 39 30 24 21 19 18 18 18 17 17 18 18 17 18 19 20 20 21 21 21 21 21 26 33 46 57 60 58 58 63 59 44 29
-9999 24 17 15 16 13 11 12 11 10 10 11 17 25 24 22 23 16 16 22 19 16 15 15 12 12 12 12 11 13 13 14 22 34 33 28 27 28 80 151 144 125 123 125 107 105 119 115 105 93 79 66 60 57 53 44 34 29 24 20 18 16 16 16 16 15 15 15 15 16 17 17 18 19 19 20 19 20 22 25 34 43 50 54 55 61 61 47 31 30
-9999 36 32 29 32 17 17 12 9 9 8 8 7 8 9 9 10 10 10 10 11 13 12 12 11 11 11 11 10 10 10 11 13 16 16 18 28 27 37 139 166 155 137 130 103 91 96 98 89 73 71 66 61 46 37 35 29 24 21 18 16 14 14 14 14 14 13 14 14 15 16 16 17 17 17 18 18 19 22 25 34 46 49 53 56 55 54 37 27 -9999
-9999 42 43 38 38 36 18 13 11 8 8 7 7 6 6 7 8 9 10 10 10 11 11 12 13 14 12 10 10 10 10 10 10 11 13 15 20 23 26 65 126 130 128 83 73 77 75 72 70 67 60 54 -9999 -9999 -9999 -9999 -9999 20 18 16 14 13 13 13 13 13 13 13 14 14 14 15 15 15 15 16 16 18 20 22 30 42 48 52 53 49 35 25 -9999 -9999
-9999 50 56 58 55 47 38 26 19 13 18 22 16 7 7 8 8 9 10 10 10 11 12 17 30 34 24 14 10 10 10 10 11 -9999 -9999 -9999 17 20 23 27 54 54 51 53 59 64 63 60 55 54 -9999 -9999 -9999 -9999 -9999 -9999 -9999 17 16 -9999 13 13 13 -9999 -9999 -9999 -9999 -9999 -9999 -9999 14 14 14 14 14 15 15 16 18 20 30 40 44 41 39 36 27 19 -9999 -9999
