Humedad_Suelo_ASC/terraclimate_soil_2006.txt
ncols         92
nrows         62
xllcorner     -72.083333333358
yllcorner     17.458333333309
cellsize      0.041666666666657
NODATA_value  -9999
[rows 0 to 39 of 62, columns 0 to 88 of 92]
-9999 -9999 -9999 -9999 -9999 -9999 -9999 -9999 -9999 -9999 -9999 -9999 -9999 -9999 -9999 -9999 -9999 -9999 -9999 -9999 -9999 -9999 -9999 -9999 -9999 -9999 -9999 -9999 -9999 -9999 -9999 -9999 -9999 -9999 -9999 -9999 -9999 -9999 -9999 -9999 -9999 -9999 -9999 -9999 -9999 -9999 -9999 -9999 -9999 -9999 -9999 -9999 -9999 -9999 -9999 -9999 -9999 -9999 -9999 -9999 -9999 -9999 -9999 -9999 -9999 -9999 -9999 -9999 -9999 -9999 -9999 -9999 -9999 -9999 -9999 -9999 -9999 -9999 -9999 -9999 -9999 -9999 -9999 -9999 -9999 -9999 -9999 -9999 -9999
-9999 -9999 -9999 -9999 -9999 -9999 -9999 -9999 -9999 -9999 -9999 -9999 -9999 -9999 -9999 -9999 -9999 -9999 -9999 -9999 -9999 -9999 -9999 -9999 -9999 -9999 -9999 -9999 -9999 -9999 -9999 -9999 -9999 -9999 -9999 -9999 -9999 -9999 -9999 -9999 -9999 -9999 -9999 -9999 -9999 -9999 -9999 -9999 -9999 -9999 -9999 -9999 -9999 -9999 -9999 -9999 -9999 -9999 -9999 -9999 -9999 -9999 -9999 -9999 -9999 -9999 -9999 -9999 -9999 -9999 -9999 -9999 -9999 -9999 -9999 -9999 -9999 -9999 -9999 -9999 -9999 -9999 -9999 -9999 -9999 -9999 -9999 -9999 -9999
-9999 -9999 -9999 -9999 -9999 -9999 -9999 -9999 -9999 -9999 -9999 -9999 -9999 -9999 -9999 -9999 -9999 -9999 -9999 -9999 -9999 -9999 -9999 -9999 155 159 159 -9999 -9999 -9999 -9999 -9999 -9999 -9999 -9999 -9999 -9999 -9999 -9999 -9999 -9999 -9999 -9999 -9999 -9999 -9999 -9999 -9999 -9999 -9999 -9999 -9999 -9999 -9999 -9999 -9999 -9999 -9999 -9999 -9999 -9999 -9999 -9999 -9999 -9999 -9999 -9999 -9999 -9999 -9999 -9999 -9999 -9999 -9999 -9999 -9999 -9999 -9999 -9999 -9999 -9999 -9999 -9999 -9999 -9999 -9999 -9999 -9999 -9999
-9999 -9999 -9999 -9999 -9999 -9999 106 -9999 -9999 -9999 95 76 81 92 83 77 -9999 -9999 -9999 -9999 -9999 -9999 -9999 -9999 161 165 167 166 165 164 162 -9999 -9999 -9999 -9999 -9999 -9999 -9999 -9999 -9999 -9999 -9999 -9999 -9999 -9999 -9999 -9999 -9999 -9999 -9999 -9999 -9999 -9999 -9999 -9999 -9999 -9999 -9999 -9999 -9999 -9999 -9999 -9999 -9999 -9999 -9999 -9999 -9999 -9999 -9999 -9999 -9999 -9999 -9999 -9999 -9999 -9999 -9999 -9999 -9999 -9999 -9999 -9999 -9999 -9999 -9999 -9999 -9999 -9999
-9999 -9999 -9999 -9999 -9999 -9999 -9999 -9999 -9999 96 96 91 91 111 144 125 118 98 104 102 139 154 157 161 165 169 171 170 170 170 167 163 162 -9999 -9999 -9999 -9999 -9999 -9999 -9999 -9999 -9999 -9999 -9999 -9999 -9999 -9999 -9999 -9999 -9999 -9999 -9999 -9999 -9999 -9999 -9999 -9999 -9999 -9999 -9999 -9999 -9999 -9999 -9999 -9999 -9999 -9999 -9999 -9999 -9999 -9999 -9999 -9999 -9999 -9999 -9999 -9999 -9999 -9999 -9999 -9999 -9999 -9999 -9999 -9999 -9999 -9999 -9999 -9999
-9999 -9999 -9999 -9999 -9999 -9999 -9999 102 100 94 93 89 89 96 128 149 152 154 156 157 157 160 163 165 168 172 174 174 175 175 172 169 166 164 -9999 -9999 -9999 -9999 -9999 -9999 -9999 -9999 -9999 -9999 -9999 -9999 -9999 -9999 -9999 -9999 -9999 -9999 -9999 -9999 -9999 -9999 -9999 -9999 -9999 -9999 -9999 -9999 -9999 -9999 -9999 -9999 -9999 -9999 -9999 -9999 -9999 -9999 -9999 -9999 -9999 -9999 -9999 -9999 -9999 -9999 -9999 -9999 -9999 -9999 -9999 -9999 -9999 -9999 -9999
-9999 -9999 -9999 -9999 -9999 -9999 -9999 98 99 91 91 86 87 93 113 123 150 159 161 163 166 172 175 173 175 178 178 177 176 176 174 171 169 166 163 160 156 153 149 146 -9999 -9999 -9999 -9999 -9999 -9999 -9999 -9999 -9999 -9999 -9999 -9999 -9999 -9999 -9999 -9999 -9999 -9999 -9999 -9999 -9999 -9999 -9999 -9999 -9999 -9999 -9999 -9999 -9999 -9999 -9999 -9999 -9999 -9999 -9999 -9999 -9999 -9999 -9999 -9999 -9999 -9999 -9999 -9999 -9999 -9999 -9999 -9999 -9999
-9999 61 63 69 74 78 83 -9999 85 88 89 91 92 96 85 83 97 137 147 163 165 168 175 181 185 184 183 180 177 176 173 168 166 165 163 159 154 151 146 144 142 -9999 -9999 -9999 -9999 -9999 -9999 -9999 -9999 -9999 -9999 -9999 -9999 -9999 -9999 -9999 -9999 -9999 -9999 -9999 -9999 -9999 -9999 -9999 -9999 -9999 -9999 -9999 -9999 -9999 -9999 -9999 -9999 -9999 -9999 -9999 -9999 -9999 -9999 -9999 -9999 -9999 -9999 -9999 -9999 -9999 -9999 -9999 -9999
-9999 55 57 64 71 76 80 84 91 89 92 98 103 105 102 96 101 116 114 123 136 166 171 176 182 189 191 186 180 176 172 168 165 162 158 155 150 145 143 143 140 137 136 -9999 -9999 -9999 -9999 -9999 157 156 155 155 -9999 -9999 -9999 -9999 -9999 -9999 -9999 -9999 -9999 -9999 -9999 -9999 -9999 -9999 -9999 -9999 -9999 -9999 -9999 -9999 -9999 -9999 -9999 -9999 -9999 -9999 -9999 -9999 -9999 -9999 -9999 -9999 -9999 -9999 -9999 -9999 -9999
-9999 49 51 59 68 72 77 84 92 101 111 121 132 126 129 126 117 126 121 116 112 117 120 137 163 181 185 186 184 178 173 168 163 160 154 149 145 141 140 140 138 137 135 134 137 148 -9999 157 156 155 154 154 154 -9999 -9999 -9999 -9999 -9999 -9999 -9999 -9999 -9999 -9999 -9999 -9999 -9999 -9999 -9999 -9999 -9999 -9999 -9999 -9999 -9999 -9999 -9999 -9999 -9999 -9999 -9999 -9999 -9999 -9999 -9999 -9999 -9999 -9999 -9999 -9999
-9999 44 48 56 66 71 77 82 93 103 115 125 135 144 150 150 147 157 157 145 130 118 112 108 114 136 181 179 178 177 174 169 165 161 154 148 142 136 134 135 133 134 132 132 135 146 155 156 155 154 153 153 153 -9999 -9999 -9999 -9999 -9999 -9999 -9999 -9999 -9999 -9999 -9999 -9999 -9999 -9999 -9999 -9999 -9999 -9999 -9999 -9999 -9999 -9999 -9999 -9999 -9999 -9999 -9999 -9999 -9999 -9999 -9999 -9999 -9999 -9999 -9999 -9999
-9999 40 41 51 61 68 74 81 91 102 115 126 135 148 155 152 153 156 163 164 164 164 140 119 101 108 137 178 175 173 172 169 166 161 157 150 142 134 130 129 128 128 129 128 132 142 155 155 154 153 153 153 152 -9999 -9999 -9999 -9999 -9999 -9999 -9999 -9999 -9999 -9999 -9999 -9999 -9999 -9999 -9999 -9999 -9999 -9999 -9999 -9999 -9999 -9999 -9999 -9999 -9999 -9999 -9999 -9999 -9999 -9999 -9999 -9999 -9999 -9999 -9999 -9999
-9999 31 37 48 57 66 75 84 92 102 118 131 141 153 157 156 155 157 161 165 170 172 175 155 126 127 130 162 176 172 167 163 158 155 152 147 142 137 130 126 125 127 126 124 129 142 154 155 154 153 152 152 152 152 -9999 -9999 -9999 -9999 -9999 -9999 -9999 -9999 -9999 -9999 -9999 -9999 -9999 -9999 -9999 -9999 -9999 -9999 -9999 -9999 -9999 -9999 -9999 -9999 -9999 -9999 -9999 -9999 -9999 -9999 -9999 -9999 -9999 -9999 -9999
-9999 27 33 47 58 72 77 88 93 101 116 137 145 152 155 153 151 151 153 156 160 165 171 168 170 161 142 172 173 169 162 156 149 144 141 137 133 130 128 126 125 128 125 122 127 139 149 154 153 152 152 151 151 -9999 -9999 -9999 -9999 -9999 -9999 -9999 -9999 -9999 -9999 -9999 -9999 -9999 -9999 -9999 -9999 -9999 -9999 -9999 -9999 -9999 -9999 -9999 -9999 -9999 -9999 -9999 -9999 -9999 -9999 -9999 -9999 -9999 -9999 -9999 -9999
-9999 29 33 46 59 70 84 88 92 100 110 129 143 150 148 144 145 143 143 144 150 154 159 155 160 164 162 162 167 164 156 147 140 134 130 127 123 118 117 120 122 123 120 119 123 133 145 153 152 152 151 151 151 151 -9999 -9999 -9999 -9999 -9999 -9999 -9999 -9999 -9999 -9999 -9999 -9999 -9999 -9999 -9999 -9999 -9999 -9999 -9999 -9999 -9999 -9999 -9999 -9999 -9999 -9999 -9999 -9999 -9999 -9999 -9999 -9999 -9999 -9999 -9999
-9999 27 29 40 52 65 76 88 97 104 109 120 131 139 140 137 138 142 143 139 145 146 146 146 154 158 155 148 150 153 148 140 132 128 123 118 114 110 109 110 112 115 116 116 121 133 143 151 151 151 151 151 151 150 -9999 -9999 -9999 -9999 -9999 -9999 -9999 -9999 -9999 -9999 -9999 -9999 -9999 -9999 -9999 -9999 -9999 -9999 -9999 -9999 -9999 -9999 -9999 -9999 -9999 -9999 -9999 -9999 -9999 -9999 -9999 -9999 -9999 -9999 -9999
-9999 28 30 38 46 58 70 78 90 101 108 119 130 137 132 134 134 136 139 137 134 139 138 139 146 146 145 145 144 141 136 133 125 123 118 113 109 105 103 104 105 107 108 110 115 127 141 150 150 150 150 150 150 150 150 -9999 -9999 -9999 -9999 -9999 -9999 -9999 -9999 -9999 -9999 -9999 -9999 148 148 -9999 -9999 -9999 -9999 -9999 -9999 -9999 -9999 -9999 -9999 -9999 -9999 -9999 -9999 -9999 -9999 -9999 -9999 -9999 -9999
-9999 29 30 34 43 53 62 72 81 88 97 107 119 132 135 131 131 133 133 130 129 136 134 134 135 138 135 132 131 127 121 117 113 114 111 108 104 101 98 98 100 101 102 103 110 120 132 144 150 150 150 150 150 150 149 149 -9999 -9999 -9999 149 148 148 148 148 148 148 148 148 148 148 148 -9999 -9999 -9999 -9999 -9999 -9999 -9999 -9999 -9999 -9999 -9999 -9999 -9999 -9999 -9999 -9999 -9999 -9999
-9999 29 31 34 40 47 55 64 71 79 87 96 105 120 129 133 133 129 124 124 129 134 132 130 130 133 133 122 119 117 115 114 108 105 104 103 100 97 94 93 94 95 97 99 104 114 126 136 149 149 150 149 149 149 149 149 149 149 148 148 148 148 148 148 148 148 148 147 147 147 147 -9999 -9999 -9999 -9999 -9999 -9999 -9999 -9999 -9999 -9999 -9999 -9999 -9999 -9999 -9999 -9999 -9999 -9999
-9999 29 31 34 37 43 48 55 65 71 76 84 95 109 115 116 121 122 118 120 121 123 124 124 122 123 123 117 112 110 110 110 108 105 101 96 95 94 91 90 89 91 93 94 99 109 119 130 144 149 149 149 149 149 149 148 148 148 148 148 148 147 147 147 147 147 147 147 147 147 -9999 -9999 -9999 -9999 -9999 -9999 -9999 -9999 -9999 -9999 -9999 -9999 -9999 -9999 -9999 -9999 -9999 -9999 -9999
-9999 29 31 34 37 40 42 48 57 64 69 74 82 91 94 94 98 105 108 110 112 113 115 114 115 114 110 108 106 104 106 105 100 97 95 93 89 88 88 88 87 87 89 90 95 104 113 123 136 148 149 149 148 148 148 148 148 148 147 -9999 -9999 -9999 147 147 147 147 147 147 147 -9999 -9999 -9999 -9999 -9999 -9999 -9999 -9999 -9999 -9999 -9999 -9999 -9999 -9999 -9999 -9999 -9999 -9999 -9999 -9999
-9999 29 30 33 36 39 41 43 45 52 57 64 71 74 81 86 86 87 85 84 88 93 98 99 97 96 99 99 97 97 99 98 92 88 86 86 87 86 86 86 86 86 88 89 93 101 110 120 130 144 148 148 148 148 148 148 147 147 147 -9999 -9999 -9999 -9999 -9999 -9999 -9999 -9999 -9999 -9999 -9999 -9999 -9999 -9999 -9999 -9999 -9999 -9999 -9999 -9999 -9999 -9999 -9999 -9999 -9999 -9999 -9999 -9999 -9999 -9999
-9999 30 30 33 35 38 40 42 43 45 47 55 62 66 72 75 74 73 71 69 73 78 80 85 83 82 86 92 92 92 90 88 88 85 85 85 85 86 82 83 85 85 87 88 91 100 109 120 131 142 148 148 148 147 147 147 147 147 147 -9999 146 146 146 146 146 -9999 -9999 -9999 -9999 -9999 -9999 -9999 -9999 -9999 -9999 -9999 -9999 -9999 -9999 -9999 -9999 -9999 -9999 -9999 -9999 -9999 -9999 -9999 -9999
-9999 32 32 34 35 37 38 40 41 43 44 46 52 58 61 62 61 60 55 54 60 66 68 70 72 73 74 81 80 77 76 76 78 81 79 80 82 82 80 81 83 84 86 88 92 101 110 118 129 140 148 147 147 147 147 147 146 146 146 146 146 146 146 146 146 146 146 -9999 -9999 -9999 -9999 -9999 -9999 -9999 -9999 -9999 -9999 -9999 -9999 -9999 -9999 -9999 -9999 -9999 -9999 -9999 -9999 -9999 -9999
-9999 33 33 34 36 37 38 38 40 41 41 42 44 45 46 48 48 49 45 44 45 50 53 55 56 56 57 61 71 72 70 71 71 75 74 73 77 78 77 77 80 82 84 86 90 102 110 119 129 139 147 147 147 147 146 146 146 146 146 146 145 145 145 145 145 145 145 145 145 145 145 145 -9999 145 146 146 146 -9999 -9999 -9999 -9999 -9999 -9999 -9999 -9999 -9999 -9999 -9999 -9999
-9999 34 35 35 36 37 38 39 40 40 41 41 41 42 43 42 43 43 42 42 42 45 47 48 47 47 49 52 60 65 65 67 69 69 68 69 74 79 78 79 81 83 84 87 93 102 110 118 129 140 144 146 146 146 146 145 145 145 144 144 144 144 144 144 144 144 144 145 145 145 145 145 146 146 146 146 146 147 147 147 -9999 -9999 -9999 -9999 -9999 -9999 -9999 -9999 -9999
-9999 35 36 36 37 38 38 39 40 40 41 41 41 41 41 41 41 42 41 40 42 43 47 48 44 41 43 49 51 49 54 62 64 66 70 76 84 86 84 83 86 89 88 89 95 104 112 120 130 139 143 145 145 145 144 144 143 143 142 142 142 141 141 142 142 143 143 144 144 145 145 146 146 147 147 147 147 147 147 148 148 148 -9999 -9999 -9999 -9999 -9999 -9999 -9999
-9999 36 36 37 38 39 39 40 41 41 41 41 41 41 41 40 41 40 41 39 40 42 42 42 42 41 42 43 44 44 47 56 57 64 75 86 91 91 88 87 88 91 91 91 97 107 114 122 130 137 142 145 144 143 143 142 142 141 141 140 139 139 139 140 141 141 142 143 144 145 146 146 147 148 149 149 148 148 148 148 148 148 148 -9999 -9999 -9999 -9999 -9999 -9999
-9999 36 37 38 39 39 40 40 41 41 41 41 41 42 42 41 40 39 39 38 38 39 39 39 40 41 42 42 43 44 59 66 70 72 83 94 94 94 92 92 90 92 95 95 100 108 116 122 129 135 138 139 137 139 141 141 140 139 139 133 129 131 137 138 139 140 141 142 144 145 146 147 148 149 150 150 149 149 149 149 149 149 148 148 -9999 -9999 -9999 -9999 -9999
-9999 37 38 38 39 40 41 41 42 42 43 43 43 44 45 44 42 40 39 38 38 37 37 38 38 39 40 41 43 46 58 65 72 78 83 95 101 103 102 101 98 95 97 99 103 110 117 125 130 130 132 134 133 132 129 125 124 121 117 115 109 115 112 118 122 127 127 130 132 132 132 143 146 151 151 151 151 150 150 150 149 149 149 148 148 -9999 -9999 -9999 -9999
-9999 38 38 39 40 40 41 42 45 44 44 44 44 45 46 46 45 44 41 39 38 37 37 37 38 38 38 41 43 45 48 57 69 79 88 100 104 102 107 108 106 102 100 100 105 113 117 125 129 130 129 130 130 127 123 117 116 112 103 100 98 97 99 101 104 106 107 109 112 118 122 128 130 135 150 152 152 151 151 150 150 150 149 149 148 148 -9999 -9999 -9999
-9999 38 39 40 40 41 42 43 45 47 46 45 45 45 46 46 46 46 45 42 39 38 37 37 37 37 38 41 45 50 51 58 67 75 83 94 106 106 108 113 113 111 111 105 105 112 116 125 127 126 126 125 123 120 114 108 104 102 96 93 90 89 90 93 93 95 98 98 102 105 115 120 118 120 129 140 153 152 152 151 151 150 149 149 148 148 147 147 -9999
-9999 39 40 40 41 42 45 48 50 51 51 50 51 51 48 46 46 45 46 44 41 41 40 38 37 37 38 41 47 59 62 62 67 73 82 97 109 105 109 118 118 117 118 113 106 113 116 120 124 126 125 121 118 114 111 106 100 98 94 86 82 82 81 84 87 86 86 90 94 98 103 108 108 114 121 123 139 152 152 152 151 150 150 149 149 148 147 147 147
-9999 39 40 41 41 42 43 48 52 53 55 56 58 61 57 53 48 46 44 43 42 42 43 42 39 37 39 42 46 58 63 65 72 80 87 103 107 103 108 115 121 122 121 119 106 111 117 115 118 118 118 116 112 109 106 103 100 96 92 85 79 78 76 77 79 77 80 82 86 90 92 99 105 108 112 119 127 135 145 152 152 151 150 149 149 148 147 147 147
-9999 37 39 41 41 42 43 43 44 45 45 50 53 59 59 57 56 52 47 44 42 42 43 42 40 38 39 41 44 51 61 63 69 76 81 91 96 94 102 112 117 123 123 121 106 108 114 115 113 111 111 109 107 107 104 102 100 94 88 80 75 70 70 71 72 73 76 77 78 83 90 95 99 104 108 115 121 126 138 153 152 151 151 150 149 148 147 147 147
-9999 36 38 39 39 39 40 41 39 40 41 44 46 51 52 50 47 47 49 48 44 41 43 44 43 40 38 42 43 46 50 53 68 78 76 78 84 84 98 119 118 120 118 116 106 104 112 114 110 107 104 102 104 103 100 98 97 90 86 77 72 66 64 65 66 66 67 71 74 81 85 91 97 101 108 113 121 126 133 149 153 152 151 150 149 148 147 147 147
-9999 39 39 38 39 38 33 34 31 29 29 29 36 41 42 42 42 33 36 43 42 39 39 40 36 37 37 40 41 46 48 50 58 74 72 70 73 80 111 131 127 118 114 113 103 101 107 107 106 102 100 98 96 98 103 98 93 87 81 72 65 61 60 59 61 62 62 65 69 74 81 88 93 98 103 110 115 122 134 147 153 152 151 150 149 148 147 147 147
-9999 42 42 41 42 40 39 34 30 29 28 26 26 25 24 24 25 27 29 30 32 35 35 35 34 36 38 39 40 42 45 46 51 54 55 57 71 79 93 128 137 131 122 117 105 97 100 102 101 96 98 97 98 94 97 98 92 83 74 68 62 58 55 56 56 55 59 61 64 68 77 83 88 94 99 104 111 121 132 145 153 152 151 150 149 148 147 147 146
-9999 42 43 44 44 44 41 36 31 29 28 26 25 24 24 25 26 27 30 30 31 32 33 35 40 41 40 38 38 40 42 43 45 47 51 54 59 65 72 96 120 120 117 93 84 88 91 93 94 93 93 91 -9999 -9999 -9999 -9999 -9999 77 70 67 61 56 53 54 53 50 56 57 59 66 71 76 79 85 90 97 108 118 126 135 150 152 151 150 149 148 147 143 -9999
-9999 46 51 53 51 47 46 43 42 33 43 44 33 24 25 27 27 28 30 31 32 33 36 46 49 48 46 44 39 39 41 43 44 -9999 -9999 -9999 55 59 61 68 84 80 73 68 71 77 82 83 81 83 -9999 -9999 -9999 -9999 -9999 -9999 -9999 57 54 -9999 54 48 45 -9999 -9999 -9999 -9999 -9999 -9999 -9999 67 71 71 74 79 89 105 111 119 128 147 151 151 150 149 148 146 128 -9999
