Humedad_Suelo_ASC/terraclimate_soil_2011.txt
ncols         92
nrows         62
xllcorner     -72.083333333358
yllcorner     17.458333333309
cellsize      0.041666666666657
NODATA_value  -9999
[rows 0 to 39 of 62, columns 0 to 90 of 92]
-9999 -9999 -9999 -9999 -9999 -9999 -9999 -9999 -9999 -9999 -9999 -9999 -9999 -9999 -9999 -9999 -9999 -9999 -9999 -9999 -9999 -9999 -9999 -9999 -9999 -9999 -9999 -9999 -9999 -9999 -9999 -9999 -9999 -9999 -9999 -9999 -9999 -9999 -9999 -9999 -9999 -9999 -9999 -9999 -9999 -9999 -9999 -9999 -9999 -9999 -9999 -9999 -9999 -9999 -9999 -9999 -9999 -9999 -9999 -9999 -9999 -9999 -9999 -9999 -9999 -9999 -9999 -9999 -9999 -9999 -9999 -9999 -9999 -9999 -9999 -9999 -9999 -9999 -9999 -9999 -9999 -9999 -9999 -9999 -9999 -9999 -9999 -9999 -9999 -9999 -9999
-9999 -9999 -9999 -9999 -9999 -9999 -9999 -9999 -9999 -9999 -9999 -9999 -9999 -9999 -9999 -9999 -9999 -9999 -9999 -9999 -9999 -9999 -9999 -9999 -9999 -9999 -9999 -9999 -9999 -9999 -9999 -9999 -9999 -9999 -9999 -9999 -9999 -9999 -9999 -9999 -9999 -9999 -9999 -9999 -9999 -9999 -9999 -9999 -9999 -9999 -9999 -9999 -9999 -9999 -9999 -9999 -9999 -9999 -9999 -9999 -9999 -9999 -9999 -9999 -9999 -9999 -9999 -9999 -9999 -9999 -9999 -9999 -9999 -9999 -9999 -9999 -9999 -9999 -9999 -9999 -9999 -9999 -9999 -9999 -9999 -9999 -9999 -9999 -9999 -9999 -9999
-9999 -9999 -9999 -9999 -9999 -9999 -9999 -9999 -9999 -9999 -9999 -9999 -9999 -9999 -9999 -9999 -9999 -9999 -9999 -9999 -9999 -9999 -9999 -9999 194 195 195 -9999 -9999 -9999 -9999 -9999 -9999 -9999 -9999 -9999 -9999 -9999 -9999 -9999 -9999 -9999 -9999 -9999 -9999 -9999 -9999 -9999 -9999 -9999 -9999 -9999 -9999 -9999 -9999 -9999 -9999 -9999 -9999 -9999 -9999 -9999 -9999 -9999 -9999 -9999 -9999 -9999 -9999 -9999 -9999 -9999 -9999 -9999 -9999 -9999 -9999 -9999 -9999 -9999 -9999 -9999 -9999 -9999 -9999 -9999 -9999 -9999 -9999 -9999 -9999
-9999 -9999 -9999 -9999 -9999 -9999 148 -9999 -9999 -9999 82 73 75 78 74 68 -9999 -9999 -9999 -9999 -9999 -9999 -9999 -9999 199 201 200 198 196 193 191 -9999 -9999 -9999 -9999 -9999 -9999 -9999 -9999 -9999 -9999 -9999 -9999 -9999 -9999 -9999 -9999 -9999 -9999 -9999 -9999 -9999 -9999 -9999 -9999 -9999 -9999 -9999 -9999 -9999 -9999 -9999 -9999 -9999 -9999 -9999 -9999 -9999 -9999 -9999 -9999 -9999 -9999 -9999 -9999 -9999 -9999 -9999 -9999 -9999 -9999 -9999 -9999 -9999 -9999 -9999 -9999 -9999 -9999 -9999 -9999
-9999 -9999 -9999 -9999 -9999 -9999 -9999 -9999 -9999 78 80 77 73 78 87 81 81 77 85 87 119 139 168 195 201 206 205 203 200 197 194 191 188 -9999 -9999 -9999 -9999 -9999 -9999 -9999 -9999 -9999 -9999 -9999 -9999 -9999 -9999 -9999 -9999 -9999 -9999 -9999 -9999 -9999 -9999 -9999 -9999 -9999 -9999 -9999 -9999 -9999 -9999 -9999 -9999 -9999 -9999 -9999 -9999 -9999 -9999 -9999 -9999 -9999 -9999 -9999 -9999 -9999 -9999 -9999 -9999 -9999 -9999 -9999 -9999 -9999 -9999 -9999 -9999 -9999 -9999
-9999 -9999 -9999 -9999 -9999 -9999 -9999 82 74 71 70 69 68 69 76 84 98 113 119 115 121 148 168 195 202 208 211 207 204 200 197 194 190 187 -9999 -9999 -9999 -9999 -9999 -9999 -9999 -9999 -9999 -9999 -9999 -9999 -9999 -9999 -9999 -9999 -9999 -9999 -9999 -9999 -9999 -9999 -9999 -9999 -9999 -9999 -9999 -9999 -9999 -9999 -9999 -9999 -9999 -9999 -9999 -9999 -9999 -9999 -9999 -9999 -9999 -9999 -9999 -9999 -9999 -9999 -9999 -9999 -9999 -9999 -9999 -9999 -9999 -9999 -9999 -9999 -9999
-9999 -9999 -9999 -9999 -9999 -9999 -9999 78 65 60 57 51 53 58 65 69 77 105 115 132 152 203 207 205 208 212 215 212 208 204 200 196 192 188 184 180 177 173 170 169 -9999 -9999 -9999 -9999 -9999 -9999 -9999 -9999 -9999 -9999 -9999 -9999 -9999 -9999 -9999 -9999 -9999 -9999 -9999 -9999 -9999 -9999 -9999 -9999 -9999 -9999 -9999 -9999 -9999 -9999 -9999 -9999 -9999 -9999 -9999 -9999 -9999 -9999 -9999 -9999 -9999 -9999 -9999 -9999 -9999 -9999 -9999 -9999 -9999 -9999 -9999
-9999 96 97 102 101 102 81 -9999 45 46 44 41 39 41 41 45 53 67 76 91 107 132 175 214 219 218 219 216 212 207 203 198 194 190 185 181 176 172 169 168 167 -9999 -9999 -9999 -9999 -9999 -9999 -9999 -9999 -9999 -9999 -9999 -9999 -9999 -9999 -9999 -9999 -9999 -9999 -9999 -9999 -9999 -9999 -9999 -9999 -9999 -9999 -9999 -9999 -9999 -9999 -9999 -9999 -9999 -9999 -9999 -9999 -9999 -9999 -9999 -9999 -9999 -9999 -9999 -9999 -9999 -9999 -9999 -9999 -9999 -9999
-9999 89 90 97 99 100 79 51 37 34 34 35 36 36 37 36 40 48 54 62 71 87 109 142 191 222 226 220 215 211 206 201 196 191 186 181 176 171 168 167 166 164 163 -9999 -9999 -9999 -9999 -9999 157 156 155 155 -9999 -9999 -9999 -9999 -9999 -9999 -9999 -9999 -9999 -9999 -9999 -9999 -9999 -9999 -9999 -9999 -9999 -9999 -9999 -9999 -9999 -9999 -9999 -9999 -9999 -9999 -9999 -9999 -9999 -9999 -9999 -9999 -9999 -9999 -9999 -9999 -9999 -9999 -9999
-9999 83 84 91 95 93 83 59 43 40 38 35 37 35 37 39 36 40 43 47 51 59 68 80 100 130 183 218 218 212 207 203 198 192 187 181 176 170 167 166 165 164 162 161 160 159 -9999 157 156 155 154 154 154 -9999 -9999 -9999 -9999 -9999 -9999 -9999 -9999 -9999 -9999 -9999 -9999 -9999 -9999 -9999 -9999 -9999 -9999 -9999 -9999 -9999 -9999 -9999 -9999 -9999 -9999 -9999 -9999 -9999 -9999 -9999 -9999 -9999 -9999 -9999 -9999 -9999 -9999
-9999 78 81 86 95 92 97 73 61 51 56 47 44 40 39 40 38 50 45 44 45 47 51 54 63 77 108 143 195 208 206 200 197 194 187 181 175 169 166 165 164 163 161 160 159 158 157 156 155 154 153 153 153 -9999 -9999 -9999 -9999 -9999 -9999 -9999 -9999 -9999 -9999 -9999 -9999 -9999 -9999 -9999 -9999 -9999 -9999 -9999 -9999 -9999 -9999 -9999 -9999 -9999 -9999 -9999 -9999 -9999 -9999 -9999 -9999 -9999 -9999 -9999 -9999 -9999 -9999
-9999 74 73 81 85 89 93 99 82 76 79 66 50 52 55 40 38 45 61 53 49 47 46 47 48 54 72 96 127 163 200 201 199 195 188 182 175 168 165 164 163 162 161 160 158 157 156 155 154 153 153 153 152 -9999 -9999 -9999 -9999 -9999 -9999 -9999 -9999 -9999 -9999 -9999 -9999 -9999 -9999 -9999 -9999 -9999 -9999 -9999 -9999 -9999 -9999 -9999 -9999 -9999 -9999 -9999 -9999 -9999 -9999 -9999 -9999 -9999 -9999 -9999 -9999 -9999 -9999
-9999 60 66 77 81 86 94 102 109 102 126 116 83 72 52 42 38 44 49 54 67 60 57 45 45 50 58 73 87 105 129 154 182 185 185 180 175 168 163 160 159 161 160 159 158 157 156 155 154 153 152 152 152 151 -9999 -9999 -9999 -9999 -9999 -9999 -9999 -9999 -9999 -9999 -9999 -9999 -9999 -9999 -9999 -9999 -9999 -9999 -9999 -9999 -9999 -9999 -9999 -9999 -9999 -9999 -9999 -9999 -9999 -9999 -9999 -9999 -9999 -9999 -9999 -9999 -9999
-9999 53 60 75 85 98 96 106 111 118 133 155 163 102 76 54 44 45 46 46 51 56 63 46 47 49 52 69 94 98 100 111 130 144 167 166 165 164 161 159 158 159 158 157 156 155 155 154 153 152 152 151 151 -9999 -9999 -9999 -9999 -9999 -9999 -9999 -9999 -9999 -9999 -9999 -9999 -9999 -9999 -9999 -9999 -9999 -9999 -9999 -9999 -9999 -9999 -9999 -9999 -9999 -9999 -9999 -9999 -9999 -9999 -9999 -9999 -9999 -9999 -9999 -9999 -9999 -9999
-9999 55 55 68 79 90 105 107 109 116 127 146 161 168 105 70 73 58 48 46 51 57 64 45 51 57 56 71 103 112 100 89 92 102 117 133 149 147 147 152 154 156 154 152 153 153 153 153 152 152 151 151 151 150 -9999 -9999 -9999 -9999 -9999 -9999 -9999 -9999 -9999 -9999 -9999 -9999 -9999 -9999 -9999 -9999 -9999 -9999 -9999 -9999 -9999 -9999 -9999 -9999 -9999 -9999 -9999 -9999 -9999 -9999 -9999 -9999 -9999 -9999 -9999 -9999 -9999
-9999 42 44 58 70 85 95 107 116 121 126 136 148 156 136 108 98 114 97 62 80 66 58 50 69 82 65 64 80 99 98 83 78 85 90 103 121 136 134 137 141 147 149 148 149 152 152 151 151 151 151 151 151 149 -9999 -9999 -9999 -9999 -9999 -9999 -9999 -9999 -9999 -9999 -9999 -9999 -9999 -9999 -9999 -9999 -9999 -9999 -9999 -9999 -9999 -9999 -9999 -9999 -9999 -9999 -9999 -9999 -9999 -9999 -9999 -9999 -9999 -9999 -9999 -9999 -9999
-9999 42 44 55 63 74 87 96 107 118 125 137 148 154 147 149 146 145 146 117 87 93 71 62 85 75 73 80 83 85 82 87 78 88 86 94 104 115 128 129 132 134 137 140 142 145 150 150 149 149 150 150 150 148 147 -9999 -9999 -9999 -9999 -9999 -9999 -9999 -9999 -9999 -9999 -9999 -9999 148 147 -9999 -9999 -9999 -9999 -9999 -9999 -9999 -9999 -9999 -9999 -9999 -9999 -9999 -9999 -9999 -9999 -9999 -9999 -9999 -9999 -9999 -9999
-9999 34 40 47 59 68 78 88 97 104 113 122 134 147 151 147 146 148 147 142 125 149 114 102 94 98 74 69 74 73 70 68 68 82 86 91 101 106 120 124 125 128 128 130 134 137 141 144 144 145 148 149 149 147 145 143 -9999 -9999 -9999 149 148 148 148 147 148 148 148 148 148 144 142 -9999 -9999 -9999 -9999 -9999 -9999 -9999 -9999 -9999 -9999 -9999 -9999 -9999 -9999 -9999 -9999 -9999 -9999 -9999 -9999
-9999 30 36 45 54 61 70 78 86 93 101 110 119 133 141 146 146 141 137 136 140 144 142 141 141 143 116 79 67 68 70 75 70 75 87 93 99 108 117 117 119 121 123 125 126 131 134 137 140 143 143 146 145 146 145 145 149 149 147 148 148 148 148 148 148 148 148 147 147 145 142 -9999 -9999 -9999 -9999 -9999 -9999 -9999 -9999 -9999 -9999 -9999 -9999 -9999 -9999 -9999 -9999 -9999 -9999 -9999 -9999
-9999 30 31 40 48 56 62 69 78 84 89 96 108 122 126 126 133 134 130 130 130 132 132 132 131 132 133 98 86 77 87 84 83 85 90 92 99 111 112 110 110 115 118 119 122 125 127 130 135 139 143 143 142 142 141 143 146 146 146 147 147 147 147 147 147 147 147 147 147 147 -9999 -9999 -9999 -9999 -9999 -9999 -9999 -9999 -9999 -9999 -9999 -9999 -9999 -9999 -9999 -9999 -9999 -9999 -9999 -9999 -9999
-9999 30 31 36 44 50 53 60 69 76 81 86 94 102 105 105 108 114 117 119 120 120 121 121 122 122 119 113 103 99 106 100 81 82 89 98 103 106 107 107 106 108 111 115 117 119 121 124 129 133 136 137 139 138 138 137 136 137 137 -9999 -9999 -9999 141 143 145 147 147 147 145 -9999 -9999 -9999 -9999 -9999 -9999 -9999 -9999 -9999 -9999 -9999 -9999 -9999 -9999 -9999 -9999 -9999 -9999 -9999 -9999 -9999 -9999
-9999 30 31 34 37 42 47 49 56 64 68 75 81 85 91 95 95 95 92 91 94 99 103 105 104 103 106 107 106 106 109 96 81 75 78 89 102 103 105 106 107 108 112 113 115 115 117 121 123 128 130 132 132 131 132 130 130 131 131 -9999 -9999 -9999 -9999 -9999 -9999 -9999 -9999 -9999 -9999 -9999 -9999 -9999 -9999 -9999 -9999 -9999 -9999 -9999 -9999 -9999 -9999 -9999 -9999 -9999 -9999 -9999 -9999 -9999 -9999 -9999 -9999
-9999 31 32 34 36 38 40 43 47 52 57 65 71 76 81 83 81 80 77 75 79 83 85 90 88 87 92 98 99 100 99 91 85 82 86 97 96 103 102 104 110 110 113 113 112 114 116 120 123 127 129 130 130 130 129 128 129 128 128 -9999 129 131 133 137 137 -9999 -9999 -9999 -9999 -9999 -9999 -9999 -9999 -9999 -9999 -9999 -9999 -9999 -9999 -9999 -9999 -9999 -9999 -9999 -9999 -9999 -9999 -9999 -9999 -9999 -9999
-9999 33 33 35 36 38 39 41 42 45 48 54 60 66 69 69 68 66 62 61 66 71 73 75 77 77 78 87 86 84 74 73 74 86 88 90 91 98 102 106 109 110 112 114 113 115 117 118 122 125 128 129 131 130 129 129 128 127 129 128 129 132 134 136 136 133 131 -9999 -9999 -9999 -9999 -9999 -9999 -9999 -9999 -9999 -9999 -9999 -9999 -9999 -9999 -9999 -9999 -9999 -9999 -9999 -9999 -9999 -9999 -9999 -9999
-9999 33 34 35 36 37 38 39 41 41 42 44 45 49 52 55 55 55 50 46 50 54 57 59 59 61 62 67 77 78 77 78 79 83 82 80 86 92 98 102 107 108 111 112 112 117 117 119 121 124 125 126 128 127 125 126 126 126 127 128 129 131 133 134 133 130 130 128 126 127 127 128 -9999 130 128 126 125 -9999 -9999 -9999 -9999 -9999 -9999 -9999 -9999 -9999 -9999 -9999 -9999 -9999 -9999
-9999 34 35 36 37 37 38 39 40 41 41 42 42 43 44 43 43 43 42 42 46 50 51 52 51 51 53 56 65 71 71 73 75 75 72 66 82 94 97 102 108 110 110 112 115 116 116 118 121 125 123 123 124 125 123 123 123 123 123 122 124 126 128 130 129 130 128 128 129 129 130 131 133 134 133 131 132 128 124 124 -9999 -9999 -9999 -9999 -9999 -9999 -9999 -9999 -9999 -9999 -9999
-9999 35 36 37 37 38 39 40 40 41 42 42 42 43 43 42 42 42 40 33 41 48 52 53 49 44 47 53 55 48 59 67 69 69 71 83 92 99 102 104 113 118 114 114 116 118 118 119 122 124 122 120 121 121 119 119 117 117 117 115 116 118 121 123 124 123 124 123 124 127 131 134 135 135 135 138 138 137 131 128 124 122 -9999 -9999 -9999 -9999 -9999 -9999 -9999 -9999 -9999
-9999 36 36 37 38 39 40 40 41 41 42 42 42 42 42 39 41 39 38 29 28 35 41 44 44 31 45 46 43 25 30 37 32 64 80 92 102 107 105 104 111 117 113 115 118 120 120 120 121 122 121 119 116 116 117 115 112 111 111 108 109 111 113 114 115 117 116 117 118 119 124 129 130 133 134 135 139 146 140 135 129 123 120 -9999 -9999 -9999 -9999 -9999 -9999 -9999 -9999
-9999 36 37 38 39 39 40 41 41 42 42 43 43 43 43 40 37 31 28 26 24 23 23 21 23 22 27 23 27 34 62 70 75 76 88 101 102 104 104 105 102 110 117 117 120 122 121 121 120 120 119 117 113 111 110 108 106 107 106 103 101 102 104 107 108 108 110 112 112 111 115 118 120 124 125 128 130 137 143 140 134 128 122 119 -9999 -9999 -9999 -9999 -9999 -9999 -9999
-9999 37 38 39 39 40 41 42 42 43 43 44 44 45 45 44 41 33 27 24 22 18 17 17 14 16 13 14 19 33 62 68 76 82 86 100 107 110 115 118 112 106 112 119 122 123 123 123 121 117 116 114 112 109 106 103 101 100 98 97 94 96 96 98 100 103 103 105 106 107 108 112 113 117 120 122 125 130 139 143 142 132 126 120 117 -9999 -9999 -9999 -9999 -9999 -9999
-9999 38 38 39 40 41 44 48 51 49 46 44 45 45 48 49 46 44 32 24 19 16 14 14 13 12 9 12 16 20 28 49 73 82 91 104 110 108 114 122 120 116 114 114 123 125 122 123 121 118 115 112 110 107 104 100 98 97 93 90 89 88 90 91 94 96 97 98 101 104 106 109 110 112 118 119 121 126 134 140 140 136 132 125 119 117 -9999 -9999 -9999 -9999 -9999
-9999 38 39 40 41 42 44 47 49 51 51 47 46 46 48 49 49 48 45 30 20 16 13 10 10 7 7 9 21 37 27 52 69 79 87 99 111 111 115 124 124 127 129 118 117 123 120 123 121 116 114 110 107 104 100 93 86 81 76 75 74 77 76 79 80 84 86 85 89 99 104 106 106 109 113 116 118 121 126 131 135 139 135 130 126 121 119 116 -9999 -9999 -9999
-9999 39 40 40 41 45 50 54 55 55 56 55 55 55 52 49 46 45 45 35 23 20 16 10 5 5 5 7 21 55 50 34 48 65 82 100 114 98 106 128 129 128 131 127 115 121 122 121 119 117 113 108 105 101 96 83 74 74 70 64 63 60 60 66 68 66 66 71 76 83 94 102 105 109 112 112 117 118 120 123 128 133 134 131 130 126 122 119 117 -9999 -9999
-9999 40 40 41 41 43 49 55 59 60 61 62 63 65 62 57 52 45 36 29 22 22 21 19 5 5 5 5 8 32 55 53 65 78 91 107 110 74 83 109 125 129 131 133 114 119 123 118 117 113 110 107 102 93 85 79 69 65 65 59 52 50 48 51 54 52 55 59 64 70 75 86 94 98 108 112 115 116 117 120 124 127 130 131 130 129 126 121 116 113 -9999
-9999 20 24 32 42 42 43 45 49 52 52 57 60 65 65 63 61 57 47 31 17 16 19 14 5 5 5 5 5 20 28 28 36 39 39 73 53 37 45 76 108 122 126 123 107 115 119 118 112 104 103 96 90 84 82 73 66 62 59 50 45 41 40 42 43 45 47 50 54 60 69 77 83 89 95 109 113 115 117 120 121 125 126 128 127 127 126 123 120 113 110
-9999 16 14 14 10 7 36 33 4 5 5 26 53 58 59 57 47 36 49 46 20 7 16 19 13 5 5 5 5 5 7 15 27 42 29 28 29 23 30 77 78 99 108 104 92 94 107 106 97 91 85 79 78 72 66 65 63 58 50 42 40 38 38 39 41 42 43 44 46 55 62 67 75 82 91 99 111 115 116 118 119 123 125 126 124 123 125 124 118 113 -9999
-9999 26 14 8 7 4 4 4 4 4 4 4 5 7 5 5 5 5 5 5 5 5 5 5 5 5 5 5 5 5 5 6 11 26 24 18 15 14 35 91 81 64 71 90 79 80 90 89 85 81 74 68 68 68 68 61 56 51 43 38 37 36 36 37 38 40 40 43 44 47 55 62 68 74 82 92 102 115 117 119 120 122 124 124 124 124 124 120 114 113 -9999
-9999 43 41 29 40 5 4 4 4 4 4 4 4 4 4 4 4 4 4 4 4 5 5 5 5 5 5 5 5 5 5 6 6 6 6 6 15 11 21 92 123 104 78 76 74 66 71 73 70 65 72 72 73 64 58 57 51 44 39 38 36 34 34 35 36 37 39 40 42 44 49 55 60 66 71 81 91 108 117 119 121 123 123 124 124 123 122 116 112 -9999 -9999
-9999 47 49 46 46 47 5 4 4 4 4 4 4 4 4 4 4 4 4 4 5 5 5 5 5 5 5 5 5 5 5 6 6 6 6 6 6 8 10 27 71 68 68 33 42 53 54 55 55 56 58 57 -9999 -9999 -9999 -9999 -9999 40 38 38 36 34 34 35 36 36 38 40 41 43 46 48 50 55 60 67 82 98 114 116 119 121 123 123 123 120 116 112 -9999 -9999 -9999
-9999 52 57 58 58 54 52 12 5 4 5 5 5 4 4 4 4 4 5 5 5 5 5 5 21 24 14 5 5 5 5 6 6 -9999 -9999 -9999 6 6 6 11 23 23 22 23 29 45 45 44 43 44 -9999 -9999 -9999 -9999 -9999 -9999 -9999 35 34 -9999 35 33 33 -9999 -9999 -9999 -9999 -9999 -9999 -9999 45 47 48 49 50 61 75 85 106 115 118 120 121 119 118 116 112 108 -9999 -9999 -9999
