Humedad_Suelo_ASC/terraclimate_soil_1994.txt
ncols         92
nrows         62
xllcorner     -72.083333333358
yllcorner     17.458333333309
cellsize      0.041666666666657
NODATA_value  -9999
[rows 0 to 40 of 62, columns 0 to 90 of 92]
-9999 -9999 -9999 -9999 -9999 -9999 -9999 -9999 -9999 -9999 -9999 -9999 -9999 -9999 -9999 -9999 -9999 -9999 -9999 -9999 -9999 -9999 -9999 -9999 -9999 -9999 -9999 -9999 -9999 -9999 -9999 -9999 -9999 -9999 -9999 -9999 -9999 -9999 -9999 -9999 -9999 -9999 -9999 -9999 -9999 -9999 -9999 -9999 -9999 -9999 -9999 -9999 -9999 -9999 -9999 -9999 -9999 -9999 -9999 -9999 -9999 -9999 -9999 -9999 -9999 -9999 -9999 -9999 -9999 -9999 -9999 -9999 -9999 -9999 -9999 -9999 -9999 -9999 -9999 -9999 -9999 -9999 -9999 -9999 -9999 -9999 -9999 -9999 -9999 -9999 -9999
-9999 -9999 -9999 -9999 -9999 -9999 -9999 -9999 -9999 -9999 -9999 -9999 -9999 -9999 -9999 -9999 -9999 -9999 -9999 -9999 -9999 -9999 -9999 -9999 -9999 -9999 -9999 -9999 -9999 -9999 -9999 -9999 -9999 -9999 -9999 -9999 -9999 -9999 -9999 -9999 -9999 -9999 -9999 -9999 -9999 -9999 -9999 -9999 -9999 -9999 -9999 -9999 -9999 -9999 -9999 -9999 -9999 -9999 -9999 -9999 -9999 -9999 -9999 -9999 -9999 -9999 -9999 -9999 -9999 -9999 -9999 -9999 -9999 -9999 -9999 -9999 -9999 -9999 -9999 -9999 -9999 -9999 -9999 -9999 -9999 -9999 -9999 -9999 -9999 -9999 -9999
-9999 -9999 -9999 -9999 -9999 -9999 -9999 -9999 -9999 -9999 -9999 -9999 -9999 -9999 -9999 -9999 -9999 -9999 -9999 -9999 -9999 -9999 -9999 -9999 194 195 195 -9999 -9999 -9999 -9999 -9999 -9999 -9999 -9999 -9999 -9999 -9999 -9999 -9999 -9999 -9999 -9999 -9999 -9999 -9999 -9999 -9999 -9999 -9999 -9999 -9999 -9999 -9999 -9999 -9999 -9999 -9999 -9999 -9999 -9999 -9999 -9999 -9999 -9999 -9999 -9999 -9999 -9999 -9999 -9999 -9999 -9999 -9999 -9999 -9999 -9999 -9999 -9999 -9999 -9999 -9999 -9999 -9999 -9999 -9999 -9999 -9999 -9999 -9999 -9999
-9999 -9999 -9999 -9999 -9999 -9999 151 -9999 -9999 -9999 133 134 138 143 144 142 -9999 -9999 -9999 -9999 -9999 -9999 -9999 -9999 200 201 200 198 196 193 191 -9999 -9999 -9999 -9999 -9999 -9999 -9999 -9999 -9999 -9999 -9999 -9999 -9999 -9999 -9999 -9999 -9999 -9999 -9999 -9999 -9999 -9999 -9999 -9999 -9999 -9999 -9999 -9999 -9999 -9999 -9999 -9999 -9999 -9999 -9999 -9999 -9999 -9999 -9999 -9999 -9999 -9999 -9999 -9999 -9999 -9999 -9999 -9999 -9999 -9999 -9999 -9999 -9999 -9999 -9999 -9999 -9999 -9999 -9999 -9999
-9999 -9999 -9999 -9999 -9999 -9999 -9999 -9999 -9999 130 138 139 140 147 153 150 151 151 152 155 166 175 191 204 205 206 205 203 200 197 194 191 188 -9999 -9999 -9999 -9999 -9999 -9999 -9999 -9999 -9999 -9999 -9999 -9999 -9999 -9999 -9999 -9999 -9999 -9999 -9999 -9999 -9999 -9999 -9999 -9999 -9999 -9999 -9999 -9999 -9999 -9999 -9999 -9999 -9999 -9999 -9999 -9999 -9999 -9999 -9999 -9999 -9999 -9999 -9999 -9999 -9999 -9999 -9999 -9999 -9999 -9999 -9999 -9999 -9999 -9999 -9999 -9999 -9999 -9999
-9999 -9999 -9999 -9999 -9999 -9999 -9999 117 122 128 134 139 143 148 154 156 160 165 166 167 168 181 193 205 210 212 211 207 204 200 197 194 190 187 -9999 -9999 -9999 -9999 -9999 -9999 -9999 -9999 -9999 -9999 -9999 -9999 -9999 -9999 -9999 -9999 -9999 -9999 -9999 -9999 -9999 -9999 -9999 -9999 -9999 -9999 -9999 -9999 -9999 -9999 -9999 -9999 -9999 -9999 -9999 -9999 -9999 -9999 -9999 -9999 -9999 -9999 -9999 -9999 -9999 -9999 -9999 -9999 -9999 -9999 -9999 -9999 -9999 -9999 -9999 -9999 -9999
-9999 -9999 -9999 -9999 -9999 -9999 -9999 112 118 122 128 134 139 148 154 156 160 167 171 175 187 209 213 215 216 217 216 212 208 204 200 196 192 188 184 180 177 173 170 169 -9999 -9999 -9999 -9999 -9999 -9999 -9999 -9999 -9999 -9999 -9999 -9999 -9999 -9999 -9999 -9999 -9999 -9999 -9999 -9999 -9999 -9999 -9999 -9999 -9999 -9999 -9999 -9999 -9999 -9999 -9999 -9999 -9999 -9999 -9999 -9999 -9999 -9999 -9999 -9999 -9999 -9999 -9999 -9999 -9999 -9999 -9999 -9999 -9999 -9999 -9999
-9999 90 87 90 88 90 94 -9999 107 115 122 120 117 121 121 130 147 157 159 163 168 177 202 220 221 222 221 216 212 207 203 198 194 190 185 181 176 172 169 168 167 -9999 -9999 -9999 -9999 -9999 -9999 -9999 -9999 -9999 -9999 -9999 -9999 -9999 -9999 -9999 -9999 -9999 -9999 -9999 -9999 -9999 -9999 -9999 -9999 -9999 -9999 -9999 -9999 -9999 -9999 -9999 -9999 -9999 -9999 -9999 -9999 -9999 -9999 -9999 -9999 -9999 -9999 -9999 -9999 -9999 -9999 -9999 -9999 -9999 -9999
-9999 83 82 87 86 88 91 94 100 98 99 103 106 107 109 109 117 135 149 154 159 165 174 189 216 228 226 221 216 211 206 201 196 191 186 181 176 171 168 167 166 164 163 -9999 -9999 -9999 -9999 -9999 157 156 155 155 -9999 -9999 -9999 -9999 -9999 -9999 -9999 -9999 -9999 -9999 -9999 -9999 -9999 -9999 -9999 -9999 -9999 -9999 -9999 -9999 -9999 -9999 -9999 -9999 -9999 -9999 -9999 -9999 -9999 -9999 -9999 -9999 -9999 -9999 -9999 -9999 -9999 -9999 -9999
-9999 80 78 81 83 82 87 93 99 97 96 102 105 103 107 112 107 115 123 130 134 141 147 156 169 194 219 225 220 214 209 203 198 192 187 181 176 170 167 166 165 164 162 161 160 159 -9999 157 156 155 154 154 154 -9999 -9999 -9999 -9999 -9999 -9999 -9999 -9999 -9999 -9999 -9999 -9999 -9999 -9999 -9999 -9999 -9999 -9999 -9999 -9999 -9999 -9999 -9999 -9999 -9999 -9999 -9999 -9999 -9999 -9999 -9999 -9999 -9999 -9999 -9999 -9999 -9999 -9999
-9999 77 80 78 85 81 86 90 100 92 99 102 106 108 110 112 108 129 122 119 119 117 117 115 120 134 159 186 217 218 212 206 200 194 187 181 175 169 166 165 164 163 161 160 159 158 157 156 155 154 153 153 153 -9999 -9999 -9999 -9999 -9999 -9999 -9999 -9999 -9999 -9999 -9999 -9999 -9999 -9999 -9999 -9999 -9999 -9999 -9999 -9999 -9999 -9999 -9999 -9999 -9999 -9999 -9999 -9999 -9999 -9999 -9999 -9999 -9999 -9999 -9999 -9999 -9999 -9999
-9999 77 70 75 74 78 82 88 92 87 97 99 100 108 116 107 105 116 137 128 121 112 103 99 92 98 117 137 159 190 215 208 201 195 188 182 175 168 165 164 163 162 161 160 158 157 156 155 154 153 153 153 152 -9999 -9999 -9999 -9999 -9999 -9999 -9999 -9999 -9999 -9999 -9999 -9999 -9999 -9999 -9999 -9999 -9999 -9999 -9999 -9999 -9999 -9999 -9999 -9999 -9999 -9999 -9999 -9999 -9999 -9999 -9999 -9999 -9999 -9999 -9999 -9999 -9999 -9999
-9999 55 63 74 70 75 83 91 97 90 108 112 106 110 107 103 100 111 118 125 136 124 118 92 85 89 97 110 122 133 147 168 190 196 189 182 175 168 164 163 162 161 160 159 158 157 156 155 154 153 152 152 152 152 -9999 -9999 -9999 -9999 -9999 -9999 -9999 -9999 -9999 -9999 -9999 -9999 -9999 -9999 -9999 -9999 -9999 -9999 -9999 -9999 -9999 -9999 -9999 -9999 -9999 -9999 -9999 -9999 -9999 -9999 -9999 -9999 -9999 -9999 -9999 -9999 -9999
-9999 43 51 68 76 89 86 96 100 96 113 144 133 115 109 101 97 100 103 104 110 111 115 92 89 88 88 104 123 123 122 123 136 146 169 179 172 165 161 160 160 159 158 157 156 155 155 154 153 152 152 151 151 -9999 -9999 -9999 -9999 -9999 -9999 -9999 -9999 -9999 -9999 -9999 -9999 -9999 -9999 -9999 -9999 -9999 -9999 -9999 -9999 -9999 -9999 -9999 -9999 -9999 -9999 -9999 -9999 -9999 -9999 -9999 -9999 -9999 -9999 -9999 -9999 -9999 -9999
-9999 45 45 59 70 82 97 98 99 105 108 136 151 140 108 96 100 98 96 95 100 105 109 84 91 94 90 101 124 130 118 103 101 107 117 130 154 161 158 157 156 156 155 155 154 154 153 153 152 152 151 151 151 151 -9999 -9999 -9999 -9999 -9999 -9999 -9999 -9999 -9999 -9999 -9999 -9999 -9999 -9999 -9999 -9999 -9999 -9999 -9999 -9999 -9999 -9999 -9999 -9999 -9999 -9999 -9999 -9999 -9999 -9999 -9999 -9999 -9999 -9999 -9999 -9999 -9999
-9999 32 35 50 62 77 88 100 107 112 116 127 138 130 108 101 101 112 109 97 107 102 96 87 101 106 94 90 101 116 112 93 85 90 92 99 109 125 137 154 153 153 153 153 152 152 152 152 151 151 151 151 151 150 -9999 -9999 -9999 -9999 -9999 -9999 -9999 -9999 -9999 -9999 -9999 -9999 -9999 -9999 -9999 -9999 -9999 -9999 -9999 -9999 -9999 -9999 -9999 -9999 -9999 -9999 -9999 -9999 -9999 -9999 -9999 -9999 -9999 -9999 -9999 -9999 -9999
-9999 32 35 46 55 67 80 89 99 110 117 129 139 145 115 115 113 115 119 108 97 101 92 89 100 95 92 98 100 100 94 95 83 90 86 89 95 102 110 121 138 150 150 150 150 150 150 150 150 150 150 150 150 150 150 -9999 -9999 -9999 -9999 -9999 -9999 -9999 -9999 -9999 -9999 -9999 -9999 148 148 -9999 -9999 -9999 -9999 -9999 -9999 -9999 -9999 -9999 -9999 -9999 -9999 -9999 -9999 -9999 -9999 -9999 -9999 -9999 -9999 -9999 -9999
-9999 26 31 40 51 61 71 81 89 96 104 114 126 139 143 136 130 136 127 108 105 118 102 94 92 94 86 84 88 86 79 74 72 81 82 82 89 94 100 105 117 129 137 148 148 149 149 149 150 150 150 150 150 150 149 149 -9999 -9999 -9999 149 148 148 148 148 148 148 148 148 148 148 148 -9999 -9999 -9999 -9999 -9999 -9999 -9999 -9999 -9999 -9999 -9999 -9999 -9999 -9999 -9999 -9999 -9999 -9999 -9999 -9999
-9999 27 28 36 47 54 62 71 79 85 93 102 111 125 133 140 140 134 122 119 132 137 122 118 105 110 97 80 77 77 77 78 71 71 78 81 87 100 100 98 102 109 115 125 131 145 148 148 149 149 150 149 149 149 149 149 149 149 148 148 148 148 148 148 148 148 148 147 147 147 147 -9999 -9999 -9999 -9999 -9999 -9999 -9999 -9999 -9999 -9999 -9999 -9999 -9999 -9999 -9999 -9999 -9999 -9999 -9999 -9999
-9999 27 28 33 42 49 54 61 71 76 81 88 100 115 119 119 126 127 123 124 123 125 126 127 113 108 104 81 76 74 74 77 77 77 78 77 89 106 100 95 93 100 104 108 117 127 138 147 148 149 149 149 149 149 149 148 148 148 148 148 148 147 147 147 147 147 147 147 147 147 -9999 -9999 -9999 -9999 -9999 -9999 -9999 -9999 -9999 -9999 -9999 -9999 -9999 -9999 -9999 -9999 -9999 -9999 -9999 -9999 -9999
-9999 27 28 32 37 43 46 52 61 69 73 78 86 95 99 98 102 108 112 113 113 115 117 118 119 119 83 78 72 71 73 77 70 72 75 79 78 96 101 98 91 91 97 99 103 107 116 125 147 148 149 149 148 148 148 148 148 148 147 -9999 -9999 -9999 147 147 147 147 147 147 147 -9999 -9999 -9999 -9999 -9999 -9999 -9999 -9999 -9999 -9999 -9999 -9999 -9999 -9999 -9999 -9999 -9999 -9999 -9999 -9999 -9999 -9999
-9999 28 29 31 34 37 39 42 48 56 61 68 74 75 84 90 89 90 86 85 89 96 101 102 100 78 104 86 71 69 72 73 66 64 64 67 80 88 103 105 99 95 100 99 100 97 103 119 134 148 148 148 148 148 148 148 147 147 147 -9999 -9999 -9999 -9999 -9999 -9999 -9999 -9999 -9999 -9999 -9999 -9999 -9999 -9999 -9999 -9999 -9999 -9999 -9999 -9999 -9999 -9999 -9999 -9999 -9999 -9999 -9999 -9999 -9999 -9999 -9999 -9999
-9999 29 30 31 34 36 38 40 41 45 49 58 65 69 75 78 76 75 72 70 75 80 83 88 86 74 90 97 99 89 69 61 61 64 68 69 68 87 87 111 117 108 111 105 99 101 106 130 146 147 148 148 148 147 147 147 147 147 147 -9999 146 146 146 146 146 -9999 -9999 -9999 -9999 -9999 -9999 -9999 -9999 -9999 -9999 -9999 -9999 -9999 -9999 -9999 -9999 -9999 -9999 -9999 -9999 -9999 -9999 -9999 -9999 -9999 -9999
-9999 30 31 32 34 35 37 38 40 41 43 48 54 60 63 65 64 62 44 41 63 68 71 74 76 77 78 87 77 51 48 49 49 54 50 55 59 72 102 126 129 126 126 127 117 115 118 133 145 147 148 147 147 147 147 147 146 146 146 146 146 146 146 146 146 146 132 -9999 -9999 -9999 -9999 -9999 -9999 -9999 -9999 -9999 -9999 -9999 -9999 -9999 -9999 -9999 -9999 -9999 -9999 -9999 -9999 -9999 -9999 -9999 -9999
-9999 31 32 33 34 35 36 37 38 39 40 38 36 36 40 50 50 51 37 31 39 51 56 58 59 61 63 68 78 79 68 54 56 65 49 46 54 63 90 124 126 128 130 133 131 137 139 142 144 146 147 147 147 147 146 145 145 144 146 146 145 145 145 145 145 145 134 116 93 80 76 74 -9999 73 61 46 37 -9999 -9999 -9999 -9999 -9999 -9999 -9999 -9999 -9999 -9999 -9999 -9999 -9999 -9999
-9999 32 33 33 34 35 36 37 38 38 39 36 31 30 31 30 30 32 28 28 37 48 50 51 50 51 53 56 67 72 72 73 68 54 39 37 45 67 85 124 127 129 131 133 135 137 139 141 144 146 144 140 146 146 139 135 135 134 138 138 143 144 144 144 144 143 136 130 118 102 97 92 92 87 76 64 56 39 24 21 -9999 -9999 -9999 -9999 -9999 -9999 -9999 -9999 -9999 -9999 -9999
-9999 33 34 34 35 36 37 37 38 39 39 33 30 29 28 27 28 28 26 22 27 34 42 44 45 27 30 53 42 27 31 36 34 31 33 48 76 67 76 128 131 133 134 136 137 139 141 142 144 145 144 131 135 134 126 122 117 115 116 115 116 125 134 137 133 120 113 107 111 117 130 128 101 89 79 81 85 77 48 29 21 19 -9999 -9999 -9999 -9999 -9999 -9999 -9999 -9999 -9999
-9999 34 34 35 36 37 37 38 39 39 40 34 30 28 27 26 26 25 24 18 20 25 27 27 28 24 29 27 26 22 23 24 23 27 44 50 66 78 80 113 136 137 138 139 140 141 142 143 144 145 140 131 118 118 122 108 98 97 94 91 96 102 106 108 110 103 91 80 73 75 94 108 92 92 87 81 101 137 89 57 30 19 18 -9999 -9999 -9999 -9999 -9999 -9999 -9999 -9999
-9999 34 35 36 37 37 38 39 39 40 40 35 31 29 28 26 23 20 17 14 14 14 16 16 19 19 22 20 21 23 39 58 54 63 92 108 66 62 69 75 88 133 141 142 142 143 143 144 144 141 134 122 105 100 94 84 80 84 81 76 76 78 82 87 86 75 69 71 58 47 50 43 39 52 49 46 55 72 110 75 44 23 18 16 -9999 -9999 -9999 -9999 -9999 -9999 -9999
-9999 35 36 37 37 38 39 40 40 41 41 41 35 33 34 30 26 21 15 14 14 13 13 13 13 14 13 14 15 23 34 58 80 86 91 107 115 84 75 73 72 94 135 145 145 145 145 145 144 135 125 112 101 90 81 72 68 66 64 62 59 63 62 65 63 56 51 47 37 30 26 25 23 27 28 30 34 39 83 84 79 32 19 16 16 -9999 -9999 -9999 -9999 -9999 -9999
-9999 36 36 37 38 40 43 48 52 49 45 42 42 41 42 43 36 29 20 14 13 12 12 12 12 12 12 13 14 16 20 27 77 87 97 111 118 68 68 76 76 88 101 136 147 147 146 145 145 138 120 105 96 85 74 65 62 58 52 49 47 47 46 40 41 36 31 28 27 24 21 19 18 18 25 23 23 36 57 71 68 43 29 18 16 15 -9999 -9999 -9999 -9999 -9999
-9999 36 37 38 40 41 42 45 49 51 50 46 44 42 44 44 40 39 30 19 14 12 12 12 12 11 11 12 16 23 19 30 40 74 92 106 94 53 55 79 82 90 112 122 140 144 138 146 143 132 114 98 87 77 66 59 52 49 44 41 39 36 30 28 27 26 25 23 20 18 17 16 16 17 22 19 23 24 29 37 53 60 38 21 17 15 15 14 -9999 -9999 -9999
-9999 37 38 39 39 43 50 55 55 55 55 54 54 54 48 39 32 29 29 22 15 14 13 12 11 11 11 11 16 29 27 22 27 33 54 106 99 50 48 73 78 85 107 120 132 140 136 137 137 132 110 91 78 68 61 53 46 44 40 36 30 27 25 21 20 18 17 17 16 16 15 15 15 17 17 16 21 21 20 23 26 35 32 25 19 17 15 14 13 -9999 -9999
-9999 37 38 39 39 40 46 54 59 61 61 62 63 66 61 56 39 29 22 18 15 15 15 14 12 11 11 11 12 23 30 28 35 46 69 114 67 38 40 51 66 79 88 100 98 135 138 121 123 109 97 83 71 62 55 48 43 39 33 28 24 20 18 16 15 15 14 14 14 14 14 14 15 15 16 16 16 16 16 18 20 21 21 20 20 18 16 14 13 12 -9999
-9999 29 31 35 37 40 41 41 45 48 41 55 57 65 64 62 60 45 30 20 14 14 14 13 12 11 11 10 11 15 20 19 23 24 23 35 30 22 23 36 52 65 75 80 88 114 123 110 100 86 79 70 63 57 50 44 34 27 23 20 17 15 14 13 13 13 13 13 13 13 13 14 14 15 15 15 15 15 15 16 17 18 17 18 17 17 17 15 14 12 11
-9999 28 28 29 29 29 31 32 26 28 28 31 36 45 40 35 31 28 30 28 15 13 13 14 13 11 10 10 10 11 13 14 19 26 20 19 20 18 21 41 40 51 55 60 63 82 103 97 84 72 63 58 52 41 33 28 24 20 17 14 13 12 12 11 11 11 11 12 12 12 12 13 13 14 15 15 15 14 14 15 15 16 16 16 16 16 16 15 13 12 -9999
-9999 31 29 27 29 28 24 26 21 16 14 14 15 21 18 15 15 13 13 13 13 12 12 11 11 10 9 9 8 9 9 10 14 18 18 16 16 17 23 60 48 36 44 51 55 65 83 80 68 58 48 34 29 24 21 19 16 14 13 12 11 11 10 10 10 10 10 10 11 11 11 12 12 13 13 14 14 14 14 14 15 15 15 16 15 15 15 14 12 12 -9999
-9999 40 35 31 33 29 27 25 21 17 13 12 12 12 12 12 12 12 12 11 11 12 11 11 10 9 9 7 5 4 4 4 5 10 11 12 16 16 18 65 76 66 53 52 43 48 57 57 48 35 33 27 21 17 16 15 14 13 11 11 10 10 9 9 9 8 8 8 9 9 10 10 11 11 11 12 12 13 14 14 14 15 15 15 15 15 14 13 12 -9999 -9999
-9999 43 45 42 42 40 28 25 22 16 13 12 12 12 12 12 12 12 12 11 11 11 11 11 11 10 9 6 4 4 4 4 4 4 5 6 14 15 15 20 55 53 54 24 22 30 32 31 30 25 20 17 -9999 -9999 -9999 -9999 -9999 11 10 10 9 9 8 8 7 6 6 6 6 6 6 7 7 7 7 7 10 11 13 13 14 14 15 15 15 14 13 12 -9999 -9999 -9999
-9999 50 55 57 54 49 40 31 27 22 24 23 15 12 12 13 12 12 12 11 11 11 11 12 15 16 13 9 4 4 4 4 4 -9999 -9999 -9999 6 12 13 15 19 18 18 18 18 19 21 21 19 18 -9999 -9999 -9999 -9999 -9999 -9999 -9999 10 10 -9999 8 7 7 -9999 -9999 -9999 -9999 -9999 -9999 -9999 6 6 6 6 6 6 7 9 11 12 13 14 14 13 13 13 13 11 -9999 -9999 -9999
-9999 63 66 66 64 60 61 62 56 41 34 33 28 15 13 12 12 12 12 11 11 11 11 12 13 18 20 13 4 4 4 4 4 -9999 -9999 -9999 10 11 10 12 14 15 16 16 16 17 17 17 16 -9999 -9999 -9999 -9999 -9999 -9999 -9999 -9999 -9999 -9999 -9999 -9999 -9999 -9999 -9999 -9999 -9999 -9999 -9999 -9999 -9999 -9999 -9999 -9999 5 5 -9999 -9999 7 10 12 12 13 13 13 12 12 12 12 -9999 -9999 -9999
