Humedad_Suelo_ASC/terraclimate_soil_1973.txt
ncols         92
nrows         62
xllcorner     -72.083333333358
yllcorner     17.458333333309
cellsize      0.041666666666657
NODATA_value  -9999
[rows 0 to 39 of 62, columns 0 to 90 of 92]
-9999 -9999 -9999 -9999 -9999 -9999 -9999 -9999 -9999 -9999 -9999 -9999 -9999 -9999 -9999 -9999 -9999 -9999 -9999 -9999 -9999 -9999 -9999 -9999 -9999 -9999 -9999 -9999 -9999 -9999 -9999 -9999 -9999 -9999 -9999 -9999 -9999 -9999 -9999 -9999 -9999 -9999 -9999 -9999 -9999 -9999 -9999 -9999 -9999 -9999 -9999 -9999 -9999 -9999 -9999 -9999 -9999 -9999 -9999 -9999 -9999 -9999 -9999 -9999 -9999 -9999 -9999 -9999 -9999 -9999 -9999 -9999 -9999 -9999 -9999 -9999 -9999 -9999 -9999 -9999 -9999 -9999 -9999 -9999 -9999 -9999 -9999 -9999 -9999 -9999 -9999
-9999 -9999 -9999 -9999 -9999 -9999 -9999 -9999 -9999 -9999 -9999 -9999 -9999 -9999 -9999 -9999 -9999 -9999 -9999 -9999 -9999 -9999 -9999 -9999 -9999 -9999 -9999 -9999 -9999 -9999 -9999 -9999 -9999 -9999 -9999 -9999 -9999 -9999 -9999 -9999 -9999 -9999 -9999 -9999 -9999 -9999 -9999 -9999 -9999 -9999 -9999 -9999 -9999 -9999 -9999 -9999 -9999 -9999 -9999 -9999 -9999 -9999 -9999 -9999 -9999 -9999 -9999 -9999 -9999 -9999 -9999 -9999 -9999 -9999 -9999 -9999 -9999 -9999 -9999 -9999 -9999 -9999 -9999 -9999 -9999 -9999 -9999 -9999 -9999 -9999 -9999
-9999 -9999 -9999 -9999 -9999 -9999 -9999 -9999 -9999 -9999 -9999 -9999 -9999 -9999 -9999 -9999 -9999 -9999 -9999 -9999 -9999 -9999 -9999 -9999 140 167 186 -9999 -9999 -9999 -9999 -9999 -9999 -9999 -9999 -9999 -9999 -9999 -9999 -9999 -9999 -9999 -9999 -9999 -9999 -9999 -9999 -9999 -9999 -9999 -9999 -9999 -9999 -9999 -9999 -9999 -9999 -9999 -9999 -9999 -9999 -9999 -9999 -9999 -9999 -9999 -9999 -9999 -9999 -9999 -9999 -9999 -9999 -9999 -9999 -9999 -9999 -9999 -9999 -9999 -9999 -9999 -9999 -9999 -9999 -9999 -9999 -9999 -9999 -9999 -9999
-9999 -9999 -9999 -9999 -9999 -9999 52 -9999 -9999 -9999 8 6 7 11 10 11 -9999 -9999 -9999 -9999 -9999 -9999 -9999 -9999 141 188 200 198 196 193 191 -9999 -9999 -9999 -9999 -9999 -9999 -9999 -9999 -9999 -9999 -9999 -9999 -9999 -9999 -9999 -9999 -9999 -9999 -9999 -9999 -9999 -9999 -9999 -9999 -9999 -9999 -9999 -9999 -9999 -9999 -9999 -9999 -9999 -9999 -9999 -9999 -9999 -9999 -9999 -9999 -9999 -9999 -9999 -9999 -9999 -9999 -9999 -9999 -9999 -9999 -9999 -9999 -9999 -9999 -9999 -9999 -9999 -9999 -9999 -9999
-9999 -9999 -9999 -9999 -9999 -9999 -9999 -9999 -9999 10 11 6 6 9 14 13 17 18 24 29 49 63 83 103 129 170 205 203 200 197 194 191 188 -9999 -9999 -9999 -9999 -9999 -9999 -9999 -9999 -9999 -9999 -9999 -9999 -9999 -9999 -9999 -9999 -9999 -9999 -9999 -9999 -9999 -9999 -9999 -9999 -9999 -9999 -9999 -9999 -9999 -9999 -9999 -9999 -9999 -9999 -9999 -9999 -9999 -9999 -9999 -9999 -9999 -9999 -9999 -9999 -9999 -9999 -9999 -9999 -9999 -9999 -9999 -9999 -9999 -9999 -9999 -9999 -9999 -9999
-9999 -9999 -9999 -9999 -9999 -9999 -9999 5 5 5 6 7 6 6 8 15 29 46 49 42 43 65 81 104 124 151 189 207 204 200 197 194 190 187 -9999 -9999 -9999 -9999 -9999 -9999 -9999 -9999 -9999 -9999 -9999 -9999 -9999 -9999 -9999 -9999 -9999 -9999 -9999 -9999 -9999 -9999 -9999 -9999 -9999 -9999 -9999 -9999 -9999 -9999 -9999 -9999 -9999 -9999 -9999 -9999 -9999 -9999 -9999 -9999 -9999 -9999 -9999 -9999 -9999 -9999 -9999 -9999 -9999 -9999 -9999 -9999 -9999 -9999 -9999 -9999 -9999
-9999 -9999 -9999 -9999 -9999 -9999 -9999 7 5 5 5 5 5 6 6 8 16 42 49 64 84 161 189 140 144 159 191 212 208 204 200 196 192 188 184 180 177 173 170 169 -9999 -9999 -9999 -9999 -9999 -9999 -9999 -9999 -9999 -9999 -9999 -9999 -9999 -9999 -9999 -9999 -9999 -9999 -9999 -9999 -9999 -9999 -9999 -9999 -9999 -9999 -9999 -9999 -9999 -9999 -9999 -9999 -9999 -9999 -9999 -9999 -9999 -9999 -9999 -9999 -9999 -9999 -9999 -9999 -9999 -9999 -9999 -9999 -9999 -9999 -9999
-9999 61 47 38 26 20 17 -9999 6 6 5 5 6 6 6 6 6 7 15 29 41 65 115 206 221 195 202 216 212 207 203 198 194 190 185 181 176 172 169 168 167 -9999 -9999 -9999 -9999 -9999 -9999 -9999 -9999 -9999 -9999 -9999 -9999 -9999 -9999 -9999 -9999 -9999 -9999 -9999 -9999 -9999 -9999 -9999 -9999 -9999 -9999 -9999 -9999 -9999 -9999 -9999 -9999 -9999 -9999 -9999 -9999 -9999 -9999 -9999 -9999 -9999 -9999 -9999 -9999 -9999 -9999 -9999 -9999 -9999 -9999
-9999 59 50 46 30 22 20 16 14 12 11 10 9 7 6 6 6 7 7 7 13 27 43 76 131 212 226 221 216 211 206 201 196 191 186 181 176 171 168 167 166 164 163 -9999 -9999 -9999 -9999 -9999 157 156 155 155 -9999 -9999 -9999 -9999 -9999 -9999 -9999 -9999 -9999 -9999 -9999 -9999 -9999 -9999 -9999 -9999 -9999 -9999 -9999 -9999 -9999 -9999 -9999 -9999 -9999 -9999 -9999 -9999 -9999 -9999 -9999 -9999 -9999 -9999 -9999 -9999 -9999 -9999 -9999
-9999 71 65 49 38 26 25 23 21 23 24 23 22 17 16 14 11 13 10 8 8 9 11 24 38 60 112 223 220 214 209 203 198 192 187 181 176 170 167 166 165 164 162 161 160 159 -9999 157 156 155 154 154 154 -9999 -9999 -9999 -9999 -9999 -9999 -9999 -9999 -9999 -9999 -9999 -9999 -9999 -9999 -9999 -9999 -9999 -9999 -9999 -9999 -9999 -9999 -9999 -9999 -9999 -9999 -9999 -9999 -9999 -9999 -9999 -9999 -9999 -9999 -9999 -9999 -9999 -9999
-9999 84 87 75 78 39 37 30 31 31 35 33 33 32 30 29 25 38 31 23 17 14 11 11 13 25 46 76 134 212 210 204 200 194 187 181 175 169 166 165 164 163 161 160 159 158 157 156 155 154 153 153 153 -9999 -9999 -9999 -9999 -9999 -9999 -9999 -9999 -9999 -9999 -9999 -9999 -9999 -9999 -9999 -9999 -9999 -9999 -9999 -9999 -9999 -9999 -9999 -9999 -9999 -9999 -9999 -9999 -9999 -9999 -9999 -9999 -9999 -9999 -9999 -9999 -9999 -9999
-9999 77 76 75 60 59 51 47 51 59 64 53 42 47 53 36 32 39 62 45 36 30 23 17 10 12 23 40 63 96 146 203 201 195 188 182 175 168 165 164 163 162 161 160 158 157 156 155 154 153 153 153 152 -9999 -9999 -9999 -9999 -9999 -9999 -9999 -9999 -9999 -9999 -9999 -9999 -9999 -9999 -9999 -9999 -9999 -9999 -9999 -9999 -9999 -9999 -9999 -9999 -9999 -9999 -9999 -9999 -9999 -9999 -9999 -9999 -9999 -9999 -9999 -9999 -9999 -9999
-9999 60 70 79 57 57 62 68 70 75 98 110 87 79 60 45 39 46 54 56 72 51 45 29 22 22 22 30 39 49 66 84 110 152 186 182 175 168 164 161 160 161 160 159 158 157 156 155 154 153 152 152 152 152 -9999 -9999 -9999 -9999 -9999 -9999 -9999 -9999 -9999 -9999 -9999 -9999 -9999 -9999 -9999 -9999 -9999 -9999 -9999 -9999 -9999 -9999 -9999 -9999 -9999 -9999 -9999 -9999 -9999 -9999 -9999 -9999 -9999 -9999 -9999 -9999 -9999
-9999 37 48 65 67 79 67 76 77 82 97 122 127 126 98 74 59 59 63 58 66 66 67 39 36 31 27 36 51 49 48 53 63 76 102 129 165 165 161 160 158 159 158 157 156 155 155 154 153 152 152 151 151 -9999 -9999 -9999 -9999 -9999 -9999 -9999 -9999 -9999 -9999 -9999 -9999 -9999 -9999 -9999 -9999 -9999 -9999 -9999 -9999 -9999 -9999 -9999 -9999 -9999 -9999 -9999 -9999 -9999 -9999 -9999 -9999 -9999 -9999 -9999 -9999 -9999 -9999
-9999 40 35 46 56 67 80 77 76 82 91 113 127 132 126 106 115 98 80 75 90 87 92 44 48 47 39 48 79 91 64 42 43 48 61 74 97 124 148 153 155 156 154 153 153 154 153 153 152 152 151 151 151 151 -9999 -9999 -9999 -9999 -9999 -9999 -9999 -9999 -9999 -9999 -9999 -9999 -9999 -9999 -9999 -9999 -9999 -9999 -9999 -9999 -9999 -9999 -9999 -9999 -9999 -9999 -9999 -9999 -9999 -9999 -9999 -9999 -9999 -9999 -9999 -9999 -9999
-9999 21 23 35 47 60 70 81 88 90 93 103 114 121 119 116 117 123 124 115 127 122 101 71 94 92 59 48 60 83 72 45 35 41 45 55 65 80 94 118 141 147 149 148 149 152 152 152 151 151 151 151 151 150 -9999 -9999 -9999 -9999 -9999 -9999 -9999 -9999 -9999 -9999 -9999 -9999 -9999 -9999 -9999 -9999 -9999 -9999 -9999 -9999 -9999 -9999 -9999 -9999 -9999 -9999 -9999 -9999 -9999 -9999 -9999 -9999 -9999 -9999 -9999 -9999 -9999
-9999 22 23 32 39 51 62 69 79 90 95 107 119 124 112 115 115 119 122 120 117 122 119 110 118 95 77 84 81 74 60 60 42 55 45 48 53 59 69 84 103 125 138 141 143 146 150 150 150 150 150 150 150 150 150 -9999 -9999 -9999 -9999 -9999 -9999 -9999 -9999 -9999 -9999 -9999 -9999 148 148 -9999 -9999 -9999 -9999 -9999 -9999 -9999 -9999 -9999 -9999 -9999 -9999 -9999 -9999 -9999 -9999 -9999 -9999 -9999 -9999 -9999 -9999
-9999 20 22 27 35 44 52 61 69 74 82 93 106 120 122 116 116 119 119 114 114 124 120 119 118 117 92 76 76 64 52 45 41 50 50 48 52 56 62 68 79 92 108 131 135 138 142 145 145 147 150 150 150 150 149 146 -9999 -9999 -9999 149 148 148 148 148 148 148 148 148 148 148 148 -9999 -9999 -9999 -9999 -9999 -9999 -9999 -9999 -9999 -9999 -9999 -9999 -9999 -9999 -9999 -9999 -9999 -9999 -9999 -9999
-9999 19 22 26 30 37 44 51 58 63 71 79 90 106 117 125 124 117 111 112 118 126 121 120 119 123 123 91 73 66 61 59 49 48 53 53 54 57 61 63 69 78 88 112 127 131 135 138 142 145 145 149 148 148 148 148 149 149 148 148 148 148 148 148 148 148 148 147 147 147 147 -9999 -9999 -9999 -9999 -9999 -9999 -9999 -9999 -9999 -9999 -9999 -9999 -9999 -9999 -9999 -9999 -9999 -9999 -9999 -9999
-9999 19 20 25 29 33 36 42 50 55 58 65 80 96 104 104 112 112 108 111 111 116 115 116 113 114 114 104 93 79 86 77 69 62 63 54 55 62 63 64 67 78 92 109 122 125 128 132 137 141 145 146 145 145 144 146 148 148 148 148 148 147 147 147 147 147 147 147 147 147 -9999 -9999 -9999 -9999 -9999 -9999 -9999 -9999 -9999 -9999 -9999 -9999 -9999 -9999 -9999 -9999 -9999 -9999 -9999 -9999 -9999
-9999 20 21 24 28 31 33 36 42 50 53 57 65 75 79 79 84 93 98 102 104 106 108 108 109 107 100 98 96 95 98 92 67 59 63 67 62 65 68 69 75 86 99 114 118 120 122 125 130 135 138 139 141 141 140 140 140 141 141 -9999 -9999 -9999 147 147 147 147 147 147 147 -9999 -9999 -9999 -9999 -9999 -9999 -9999 -9999 -9999 -9999 -9999 -9999 -9999 -9999 -9999 -9999 -9999 -9999 -9999 -9999 -9999 -9999
-9999 20 21 23 25 28 30 32 36 39 41 47 53 56 64 72 71 74 70 70 75 84 90 91 88 85 91 91 89 89 92 85 66 55 52 61 79 95 98 102 106 111 113 114 116 117 119 122 125 130 132 134 135 134 135 133 133 135 136 -9999 -9999 -9999 -9999 -9999 -9999 -9999 -9999 -9999 -9999 -9999 -9999 -9999 -9999 -9999 -9999 -9999 -9999 -9999 -9999 -9999 -9999 -9999 -9999 -9999 -9999 -9999 -9999 -9999 -9999 -9999 -9999
-9999 21 22 23 25 26 28 30 32 35 37 41 45 49 56 60 59 59 56 54 61 67 71 77 73 70 77 87 87 86 83 79 73 63 64 75 88 102 101 105 112 110 113 114 114 116 118 122 125 129 132 133 132 133 132 131 132 132 132 -9999 134 137 139 143 143 -9999 -9999 -9999 -9999 -9999 -9999 -9999 -9999 -9999 -9999 -9999 -9999 -9999 -9999 -9999 -9999 -9999 -9999 -9999 -9999 -9999 -9999 -9999 -9999 -9999 -9999
-9999 23 23 24 25 26 27 28 30 31 34 37 40 43 45 48 47 45 42 41 48 55 59 62 64 65 67 76 72 67 65 63 64 73 74 76 84 98 103 108 110 111 113 115 115 117 118 120 124 127 131 132 134 133 132 132 132 131 133 133 134 137 140 143 142 140 138 -9999 -9999 -9999 -9999 -9999 -9999 -9999 -9999 -9999 -9999 -9999 -9999 -9999 -9999 -9999 -9999 -9999 -9999 -9999 -9999 -9999 -9999 -9999 -9999
-9999 23 24 24 25 26 27 27 28 29 30 31 33 35 37 38 38 39 37 35 37 38 42 45 47 50 51 55 67 66 64 64 65 72 69 65 78 91 100 104 108 109 112 113 113 118 119 121 124 127 128 128 131 130 128 129 129 129 131 132 134 136 139 140 139 137 137 135 133 134 134 135 -9999 138 136 127 117 -9999 -9999 -9999 -9999 -9999 -9999 -9999 -9999 -9999 -9999 -9999 -9999 -9999 -9999
-9999 24 24 25 25 26 27 27 28 28 29 30 30 31 32 31 32 33 31 31 35 37 37 38 37 38 40 42 54 59 59 61 63 63 58 55 70 93 98 105 109 111 112 114 116 118 119 120 124 127 126 126 127 128 126 126 126 126 127 127 129 131 133 135 135 136 134 135 136 136 138 139 141 142 141 139 136 116 98 85 -9999 -9999 -9999 -9999 -9999 -9999 -9999 -9999 -9999 -9999 -9999
-9999 25 25 25 26 26 27 28 28 29 29 30 30 31 31 31 30 31 31 30 32 36 37 37 36 34 35 39 40 38 43 52 54 56 61 71 87 98 102 109 114 119 115 116 118 120 121 122 124 126 125 123 124 124 122 122 121 120 120 119 120 123 126 128 130 130 130 129 130 134 138 141 143 143 143 145 146 145 132 103 77 65 -9999 -9999 -9999 -9999 -9999 -9999 -9999 -9999 -9999
-9999 25 25 26 26 27 28 29 29 29 30 30 30 31 31 31 31 30 30 29 29 31 33 34 34 30 36 36 37 27 33 38 35 53 66 82 98 109 105 108 115 119 117 118 120 123 123 123 124 125 124 122 119 120 120 118 115 115 113 112 113 115 117 119 120 122 122 123 124 125 130 136 137 140 141 142 147 148 148 143 105 67 56 -9999 -9999 -9999 -9999 -9999 -9999 -9999 -9999
-9999 26 26 26 27 28 29 30 31 30 30 30 31 31 31 31 31 30 29 27 24 25 26 24 26 26 28 26 30 36 47 56 61 64 78 95 94 97 100 103 103 118 121 121 122 124 124 124 123 123 122 120 115 112 108 98 95 100 96 91 91 92 97 104 109 112 114 117 118 116 120 101 97 130 125 121 135 144 149 147 122 81 52 45 -9999 -9999 -9999 -9999 -9999 -9999 -9999
-9999 27 27 28 29 30 31 32 33 33 32 32 32 34 34 34 32 31 28 24 23 23 22 22 22 22 21 22 23 36 46 55 64 73 79 95 102 105 117 122 112 107 120 124 125 126 125 126 124 121 120 116 105 100 90 82 80 79 78 76 75 77 77 80 85 87 89 93 82 66 61 58 60 66 72 78 86 103 146 150 149 95 59 41 34 -9999 -9999 -9999 -9999 -9999 -9999
-9999 27 28 29 30 32 33 35 36 36 35 34 34 36 37 37 36 34 31 26 23 22 21 21 21 21 20 22 22 24 34 44 61 72 83 98 104 98 108 123 123 119 118 121 127 128 125 126 124 122 116 112 103 95 83 75 74 72 67 64 64 63 64 67 69 71 71 61 55 46 42 42 41 45 55 55 59 85 123 145 147 112 84 56 40 32 -9999 -9999 -9999 -9999 -9999
-9999 28 29 30 32 32 33 35 36 37 37 36 36 36 37 38 38 37 36 31 24 22 21 20 20 19 19 19 25 39 32 45 55 65 75 90 102 98 104 123 125 131 132 124 124 126 123 126 124 116 109 102 96 87 76 70 65 63 59 57 56 55 55 58 54 46 45 41 39 37 36 36 35 36 39 39 50 54 72 93 124 134 97 73 57 36 27 23 -9999 -9999 -9999
-9999 29 30 31 32 34 36 37 38 38 39 39 39 39 39 37 36 35 36 32 26 24 23 21 18 17 18 19 25 45 47 41 52 59 69 89 103 96 101 124 127 129 135 132 113 121 117 118 117 113 104 95 86 78 72 65 60 59 56 52 49 48 48 39 38 36 36 35 33 33 32 31 32 34 35 31 37 42 46 55 68 92 89 79 72 54 32 23 21 -9999 -9999
-9999 28 29 30 31 33 35 37 39 40 41 42 44 47 42 40 38 36 33 30 26 26 25 24 19 16 18 19 21 38 48 50 58 66 76 95 97 89 87 106 120 124 132 136 104 111 115 106 105 99 94 86 77 71 66 62 57 55 53 49 45 40 36 34 33 31 29 28 28 28 27 28 29 29 29 28 28 30 31 41 49 61 70 69 72 68 48 27 21 18 -9999
-9999 22 25 28 29 31 31 32 34 35 36 38 40 44 44 42 41 40 37 32 24 23 24 22 19 15 17 17 19 24 31 31 44 48 47 76 70 44 54 86 108 119 127 124 99 100 105 100 92 84 82 76 71 67 64 59 55 52 49 44 37 33 30 29 27 25 24 24 24 24 24 26 26 25 25 25 25 27 29 32 43 53 57 59 59 63 60 43 27 19 17
-9999 22 22 23 23 23 30 30 19 23 23 29 36 39 39 38 38 34 38 38 26 21 23 24 22 18 14 16 17 19 21 24 31 51 37 34 38 30 42 104 105 109 108 107 94 90 96 95 85 79 73 68 65 61 57 55 53 49 45 35 31 28 25 24 23 22 22 23 23 23 23 24 24 23 23 23 24 25 27 31 38 45 53 54 53 55 53 41 25 19 -9999
-9999 25 23 22 22 21 15 15 9 8 7 9 15 23 21 20 21 13 14 21 19 16 16 15 13 14 14 15 15 17 19 20 24 30 30 28 28 29 58 118 114 104 100 100 88 84 88 84 79 73 67 61 58 57 57 52 49 41 35 30 27 24 23 22 22 21 21 21 21 22 22 23 23 23 23 23 24 25 28 31 38 44 45 48 48 51 48 31 21 19 -9999
-9999 31 30 29 30 23 22 15 7 6 5 4 3 4 4 5 5 4 3 4 7 12 11 11 11 13 14 14 14 15 16 14 18 22 24 26 29 29 37 113 125 118 108 102 87 77 77 76 72 65 65 62 60 54 52 51 40 35 31 27 24 23 22 21 21 20 18 18 19 20 21 22 22 22 22 22 23 25 28 31 35 42 45 47 46 47 43 25 21 -9999 -9999
-9999 33 34 33 33 33 22 17 9 5 3 3 3 3 3 3 3 3 3 3 6 9 11 12 16 17 16 14 13 13 14 14 14 18 21 24 25 28 30 52 104 104 101 78 68 68 67 66 64 62 59 55 -9999 -9999 -9999 -9999 -9999 29 26 25 23 22 21 20 20 18 16 16 17 18 19 20 21 20 20 21 22 24 26 30 34 41 42 47 45 40 29 24 -9999 -9999 -9999
-9999 36 38 39 38 37 35 25 20 11 18 21 11 3 3 3 3 3 3 6 7 9 12 19 27 30 23 18 14 14 14 15 16 -9999 -9999 -9999 25 27 29 30 47 48 49 55 58 61 61 59 55 54 -9999 -9999 -9999 -9999 -9999 -9999 -9999 24 23 -9999 22 21 21 -9999 -9999 -9999 -9999 -9999 -9999 -9999 18 19 19 19 19 20 21 23 25 28 32 37 39 36 33 32 28 22 -9999 -9999 -9999
