Humedad_Suelo_ASC/terraclimate_soil_1998.txt
ncols         92
nrows         62
xllcorner     -72.083333333358
yllcorner     17.458333333309
cellsize      0.041666666666657
NODATA_value  -9999
[rows 0 to 39 of 62, columns 0 to 89 of 92]
-9999 -9999 -9999 -9999 -9999 -9999 -9999 -9999 -9999 -9999 -9999 -9999 -9999 -9999 -9999 -9999 -9999 -9999 -9999 -9999 -9999 -9999 -9999 -9999 -9999 -9999 -9999 -9999 -9999 -9999 -9999 -9999 -9999 -9999 -9999 -9999 -9999 -9999 -9999 -9999 -9999 -9999 -9999 -9999 -9999 -9999 -9999 -9999 -9999 -9999 -9999 -9999 -9999 -9999 -9999 -9999 -9999 -9999 -9999 -9999 -9999 -9999 -9999 -9999 -9999 -9999 -9999 -9999 -9999 -9999 -9999 -9999 -9999 -9999 -9999 -9999 -9999 -9999 -9999 -9999 -9999 -9999 -9999 -9999 -9999 -9999 -9999 -9999 -9999 -9999
-9999 -9999 -9999 -9999 -9999 -9999 -9999 -9999 -9999 -9999 -9999 -9999 -9999 -9999 -9999 -9999 -9999 -9999 -9999 -9999 -9999 -9999 -9999 -9999 -9999 -9999 -9999 -9999 -9999 -9999 -9999 -9999 -9999 -9999 -9999 -9999 -9999 -9999 -9999 -9999 -9999 -9999 -9999 -9999 -9999 -9999 -9999 -9999 -9999 -9999 -9999 -9999 -9999 -9999 -9999 -9999 -9999 -9999 -9999 -9999 -9999 -9999 -9999 -9999 -9999 -9999 -9999 -9999 -9999 -9999 -9999 -9999 -9999 -9999 -9999 -9999 -9999 -9999 -9999 -9999 -9999 -9999 -9999 -9999 -9999 -9999 -9999 -9999 -9999 -9999
-9999 -9999 -9999 -9999 -9999 -9999 -9999 -9999 -9999 -9999 -9999 -9999 -9999 -9999 -9999 -9999 -9999 -9999 -9999 -9999 -9999 -9999 -9999 -9999 176 183 183 -9999 -9999 -9999 -9999 -9999 -9999 -9999 -9999 -9999 -9999 -9999 -9999 -9999 -9999 -9999 -9999 -9999 -9999 -9999 -9999 -9999 -9999 -9999 -9999 -9999 -9999 -9999 -9999 -9999 -9999 -9999 -9999 -9999 -9999 -9999 -9999 -9999 -9999 -9999 -9999 -9999 -9999 -9999 -9999 -9999 -9999 -9999 -9999 -9999 -9999 -9999 -9999 -9999 -9999 -9999 -9999 -9999 -9999 -9999 -9999 -9999 -9999 -9999
-9999 -9999 -9999 -9999 -9999 -9999 85 -9999 -9999 -9999 38 36 38 41 40 38 -9999 -9999 -9999 -9999 -9999 -9999 -9999 -9999 181 188 192 192 193 193 191 -9999 -9999 -9999 -9999 -9999 -9999 -9999 -9999 -9999 -9999 -9999 -9999 -9999 -9999 -9999 -9999 -9999 -9999 -9999 -9999 -9999 -9999 -9999 -9999 -9999 -9999 -9999 -9999 -9999 -9999 -9999 -9999 -9999 -9999 -9999 -9999 -9999 -9999 -9999 -9999 -9999 -9999 -9999 -9999 -9999 -9999 -9999 -9999 -9999 -9999 -9999 -9999 -9999 -9999 -9999 -9999 -9999 -9999 -9999
-9999 -9999 -9999 -9999 -9999 -9999 -9999 -9999 -9999 35 37 38 38 42 59 52 53 47 51 53 75 92 114 141 174 192 196 196 198 197 194 191 188 -9999 -9999 -9999 -9999 -9999 -9999 -9999 -9999 -9999 -9999 -9999 -9999 -9999 -9999 -9999 -9999 -9999 -9999 -9999 -9999 -9999 -9999 -9999 -9999 -9999 -9999 -9999 -9999 -9999 -9999 -9999 -9999 -9999 -9999 -9999 -9999 -9999 -9999 -9999 -9999 -9999 -9999 -9999 -9999 -9999 -9999 -9999 -9999 -9999 -9999 -9999 -9999 -9999 -9999 -9999 -9999 -9999
-9999 -9999 -9999 -9999 -9999 -9999 -9999 36 33 32 33 34 36 37 46 59 77 93 98 86 90 112 124 149 173 193 197 199 202 200 197 194 190 187 -9999 -9999 -9999 -9999 -9999 -9999 -9999 -9999 -9999 -9999 -9999 -9999 -9999 -9999 -9999 -9999 -9999 -9999 -9999 -9999 -9999 -9999 -9999 -9999 -9999 -9999 -9999 -9999 -9999 -9999 -9999 -9999 -9999 -9999 -9999 -9999 -9999 -9999 -9999 -9999 -9999 -9999 -9999 -9999 -9999 -9999 -9999 -9999 -9999 -9999 -9999 -9999 -9999 -9999 -9999 -9999
-9999 -9999 -9999 -9999 -9999 -9999 -9999 36 31 28 28 27 29 33 38 42 55 86 97 116 139 176 184 184 189 196 200 200 202 204 200 196 192 188 184 180 177 173 170 169 -9999 -9999 -9999 -9999 -9999 -9999 -9999 -9999 -9999 -9999 -9999 -9999 -9999 -9999 -9999 -9999 -9999 -9999 -9999 -9999 -9999 -9999 -9999 -9999 -9999 -9999 -9999 -9999 -9999 -9999 -9999 -9999 -9999 -9999 -9999 -9999 -9999 -9999 -9999 -9999 -9999 -9999 -9999 -9999 -9999 -9999 -9999 -9999 -9999 -9999
-9999 64 64 68 61 45 37 -9999 25 26 25 25 24 26 26 30 35 49 60 79 91 122 173 190 198 200 203 202 201 201 199 193 193 190 185 181 176 172 169 168 167 -9999 -9999 -9999 -9999 -9999 -9999 -9999 -9999 -9999 -9999 -9999 -9999 -9999 -9999 -9999 -9999 -9999 -9999 -9999 -9999 -9999 -9999 -9999 -9999 -9999 -9999 -9999 -9999 -9999 -9999 -9999 -9999 -9999 -9999 -9999 -9999 -9999 -9999 -9999 -9999 -9999 -9999 -9999 -9999 -9999 -9999 -9999 -9999 -9999
-9999 59 59 65 67 49 37 30 26 25 25 26 26 26 25 26 31 39 44 51 63 81 98 130 187 204 209 203 201 198 196 192 190 189 186 181 176 171 168 167 166 164 163 -9999 -9999 -9999 -9999 -9999 155 155 153 153 -9999 -9999 -9999 -9999 -9999 -9999 -9999 -9999 -9999 -9999 -9999 -9999 -9999 -9999 -9999 -9999 -9999 -9999 -9999 -9999 -9999 -9999 -9999 -9999 -9999 -9999 -9999 -9999 -9999 -9999 -9999 -9999 -9999 -9999 -9999 -9999 -9999 -9999
-9999 55 56 60 64 47 39 34 30 31 32 33 34 32 34 36 34 39 42 45 49 54 61 73 90 118 175 200 200 197 194 190 186 183 179 176 172 169 167 166 165 164 162 161 160 159 -9999 154 156 155 154 154 152 -9999 -9999 -9999 -9999 -9999 -9999 -9999 -9999 -9999 -9999 -9999 -9999 -9999 -9999 -9999 -9999 -9999 -9999 -9999 -9999 -9999 -9999 -9999 -9999 -9999 -9999 -9999 -9999 -9999 -9999 -9999 -9999 -9999 -9999 -9999 -9999 -9999
-9999 51 55 57 66 58 48 39 38 36 42 42 44 45 45 46 44 68 57 51 49 50 52 54 60 76 105 140 187 193 192 184 183 183 176 171 167 162 159 162 160 161 161 160 158 158 155 154 154 154 153 153 153 -9999 -9999 -9999 -9999 -9999 -9999 -9999 -9999 -9999 -9999 -9999 -9999 -9999 -9999 -9999 -9999 -9999 -9999 -9999 -9999 -9999 -9999 -9999 -9999 -9999 -9999 -9999 -9999 -9999 -9999 -9999 -9999 -9999 -9999 -9999 -9999 -9999
-9999 51 47 55 57 63 55 43 42 44 49 49 48 53 62 53 50 64 92 81 71 60 54 52 49 56 75 100 129 173 182 185 185 183 179 172 163 157 153 153 152 153 156 155 153 152 155 155 153 152 153 153 151 -9999 -9999 -9999 -9999 -9999 -9999 -9999 -9999 -9999 -9999 -9999 -9999 -9999 -9999 -9999 -9999 -9999 -9999 -9999 -9999 -9999 -9999 -9999 -9999 -9999 -9999 -9999 -9999 -9999 -9999 -9999 -9999 -9999 -9999 -9999 -9999 -9999
-9999 36 42 54 54 61 70 62 53 51 72 74 65 66 60 55 55 67 79 88 107 94 88 57 53 57 65 85 102 118 141 166 166 168 172 169 164 158 152 149 148 150 151 149 149 152 154 153 151 151 150 149 145 147 -9999 -9999 -9999 -9999 -9999 -9999 -9999 -9999 -9999 -9999 -9999 -9999 -9999 -9999 -9999 -9999 -9999 -9999 -9999 -9999 -9999 -9999 -9999 -9999 -9999 -9999 -9999 -9999 -9999 -9999 -9999 -9999 -9999 -9999 -9999 -9999
-9999 27 34 49 58 71 72 83 81 68 90 132 107 82 76 68 65 69 77 80 93 99 106 72 68 63 64 90 123 123 123 130 147 145 147 148 150 151 150 148 147 151 149 146 147 149 150 151 150 149 148 149 146 -9999 -9999 -9999 -9999 -9999 -9999 -9999 -9999 -9999 -9999 -9999 -9999 -9999 -9999 -9999 -9999 -9999 -9999 -9999 -9999 -9999 -9999 -9999 -9999 -9999 -9999 -9999 -9999 -9999 -9999 -9999 -9999 -9999 -9999 -9999 -9999 -9999
-9999 29 31 43 54 66 79 83 88 96 97 124 138 127 90 78 89 87 84 88 103 109 117 77 88 91 83 104 143 154 135 114 117 125 128 127 129 129 133 141 144 146 143 142 142 143 145 147 148 148 148 147 146 145 -9999 -9999 -9999 -9999 -9999 -9999 -9999 -9999 -9999 -9999 -9999 -9999 -9999 -9999 -9999 -9999 -9999 -9999 -9999 -9999 -9999 -9999 -9999 -9999 -9999 -9999 -9999 -9999 -9999 -9999 -9999 -9999 -9999 -9999 -9999 -9999
-9999 25 27 37 48 62 72 84 93 99 105 116 127 132 104 98 103 123 123 110 130 125 116 101 120 125 107 101 120 142 138 114 103 115 116 113 112 113 114 119 126 135 138 137 139 142 143 142 143 146 146 146 146 143 -9999 -9999 -9999 -9999 -9999 -9999 -9999 -9999 -9999 -9999 -9999 -9999 -9999 -9999 -9999 -9999 -9999 -9999 -9999 -9999 -9999 -9999 -9999 -9999 -9999 -9999 -9999 -9999 -9999 -9999 -9999 -9999 -9999 -9999 -9999 -9999
-9999 26 28 35 44 54 66 75 85 96 103 115 125 132 125 128 128 130 132 130 127 131 122 118 128 122 117 127 131 130 125 122 111 113 108 105 103 101 102 107 112 116 121 126 130 136 141 144 141 141 143 145 144 143 143 -9999 -9999 -9999 -9999 -9999 -9999 -9999 -9999 -9999 -9999 -9999 -9999 148 148 -9999 -9999 -9999 -9999 -9999 -9999 -9999 -9999 -9999 -9999 -9999 -9999 -9999 -9999 -9999 -9999 -9999 -9999 -9999 -9999 -9999
-9999 26 28 32 41 50 59 69 77 85 93 103 114 126 129 126 126 127 126 123 123 128 126 126 126 127 118 115 121 118 112 106 104 104 101 98 97 95 94 96 100 103 106 111 117 123 130 136 136 138 141 143 143 141 141 139 -9999 -9999 -9999 148 148 148 147 147 148 148 148 148 148 144 142 -9999 -9999 -9999 -9999 -9999 -9999 -9999 -9999 -9999 -9999 -9999 -9999 -9999 -9999 -9999 -9999 -9999 -9999 -9999
-9999 26 28 32 37 45 53 61 69 76 84 92 101 114 122 126 126 121 117 117 121 124 123 122 121 123 123 114 110 108 106 104 99 96 95 93 92 91 89 89 90 93 97 101 105 113 120 127 132 135 137 140 139 140 140 141 145 147 144 146 148 148 148 148 148 148 148 147 147 147 142 -9999 -9999 -9999 -9999 -9999 -9999 -9999 -9999 -9999 -9999 -9999 -9999 -9999 -9999 -9999 -9999 -9999 -9999 -9999
-9999 27 28 32 35 41 46 53 62 68 73 80 91 104 109 109 114 114 111 112 112 114 115 115 114 114 113 108 103 101 100 100 98 95 92 87 87 87 85 83 83 87 90 94 99 106 112 119 127 133 136 137 136 137 136 138 141 143 143 145 145 147 146 146 147 147 147 147 147 147 -9999 -9999 -9999 -9999 -9999 -9999 -9999 -9999 -9999 -9999 -9999 -9999 -9999 -9999 -9999 -9999 -9999 -9999 -9999 -9999
-9999 24 27 32 35 38 40 46 54 61 66 71 78 86 89 90 93 98 100 101 102 104 105 105 105 104 101 98 96 95 96 96 91 88 86 84 80 81 81 80 80 81 84 88 92 97 104 109 116 124 129 131 133 133 132 132 132 130 129 -9999 -9999 -9999 140 142 144 147 147 147 147 -9999 -9999 -9999 -9999 -9999 -9999 -9999 -9999 -9999 -9999 -9999 -9999 -9999 -9999 -9999 -9999 -9999 -9999 -9999 -9999 -9999
-9999 24 25 29 33 36 39 41 44 50 55 61 68 71 77 81 81 81 79 78 81 86 89 91 89 88 90 90 89 88 90 89 84 80 78 77 79 79 79 80 80 81 84 86 89 92 98 104 108 114 118 120 122 123 122 120 120 119 120 -9999 -9999 -9999 -9999 -9999 -9999 -9999 -9999 -9999 -9999 -9999 -9999 -9999 -9999 -9999 -9999 -9999 -9999 -9999 -9999 -9999 -9999 -9999 -9999 -9999 -9999 -9999 -9999 -9999 -9999 -9999
-9999 25 26 28 31 34 37 39 41 43 45 53 59 63 68 70 68 68 65 63 67 72 73 77 76 74 78 83 83 83 81 79 79 77 77 76 76 80 77 78 82 82 86 87 89 91 95 103 107 110 114 115 117 118 117 115 116 115 115 -9999 115 120 121 127 129 -9999 -9999 -9999 -9999 -9999 -9999 -9999 -9999 -9999 -9999 -9999 -9999 -9999 -9999 -9999 -9999 -9999 -9999 -9999 -9999 -9999 -9999 -9999 -9999 -9999
-9999 29 27 29 31 33 35 37 39 40 42 45 49 54 56 58 57 55 51 50 55 60 62 63 65 66 66 73 71 69 68 69 70 72 71 72 73 77 76 78 81 83 87 89 89 93 96 99 104 107 111 113 116 116 115 114 112 111 113 113 115 118 122 126 125 120 118 -9999 -9999 -9999 -9999 -9999 -9999 -9999 -9999 -9999 -9999 -9999 -9999 -9999 -9999 -9999 -9999 -9999 -9999 -9999 -9999 -9999 -9999 -9999
-9999 29 29 30 32 33 34 35 37 38 39 41 42 43 44 44 44 44 42 41 42 45 48 49 50 51 52 55 63 64 63 63 64 67 66 65 68 72 74 75 80 82 85 86 86 92 94 97 100 103 104 105 111 111 108 108 109 108 110 110 112 117 120 121 120 117 117 114 113 110 113 115 -9999 122 119 115 113 -9999 -9999 -9999 -9999 -9999 -9999 -9999 -9999 -9999 -9999 -9999 -9999 -9999
-9999 30 30 31 32 33 35 36 37 38 38 39 39 40 41 41 41 40 40 39 40 40 42 43 42 43 44 46 54 58 58 60 62 62 61 62 66 74 74 76 80 83 85 87 90 91 94 96 99 101 99 101 104 106 104 102 102 102 104 104 105 109 111 113 114 116 115 116 118 117 119 122 127 129 127 124 123 117 111 109 -9999 -9999 -9999 -9999 -9999 -9999 -9999 -9999 -9999 -9999
-9999 32 32 33 33 34 36 36 37 38 38 38 39 39 39 39 40 40 40 36 40 40 42 43 40 39 39 44 46 44 49 56 57 59 62 68 75 80 79 79 86 92 87 87 91 92 93 95 98 100 96 95 98 98 97 95 94 93 93 93 93 96 100 103 106 106 107 107 110 115 120 126 129 129 128 132 135 133 125 116 107 104 -9999 -9999 -9999 -9999 -9999 -9999 -9999 -9999
-9999 32 33 34 34 35 37 37 38 39 39 39 39 39 37 36 38 37 37 33 34 40 40 40 40 38 40 40 41 36 39 44 40 58 68 78 84 87 83 80 85 90 87 89 93 95 96 94 94 96 93 92 89 90 93 88 84 84 82 81 83 86 87 90 93 96 94 96 98 99 106 115 119 123 125 126 135 148 140 131 119 106 102 -9999 -9999 -9999 -9999 -9999 -9999 -9999
-9999 33 34 35 36 36 37 38 39 39 39 39 39 40 39 37 35 32 31 31 30 31 31 30 32 32 36 34 36 41 54 61 65 67 76 87 87 86 84 83 81 86 91 91 92 95 95 93 93 92 90 88 83 82 79 76 75 77 75 72 71 72 75 78 81 82 84 88 88 86 91 95 98 105 109 112 117 129 145 138 127 114 103 99 -9999 -9999 -9999 -9999 -9999 -9999
-9999 34 35 36 37 37 38 39 40 40 40 41 41 42 43 42 39 33 31 30 30 29 29 29 29 29 28 29 31 40 55 61 68 74 78 89 93 94 96 96 90 85 89 95 95 96 96 96 93 89 86 84 80 77 73 69 68 67 66 65 63 64 64 67 70 72 74 76 77 78 80 84 87 91 97 101 106 115 133 143 143 121 108 99 95 -9999 -9999 -9999 -9999 -9999
-9999 35 35 36 37 38 39 40 41 41 41 41 42 43 43 43 43 42 34 31 29 28 28 28 28 28 27 28 30 32 38 55 67 76 84 95 98 95 98 102 100 94 92 92 96 99 95 95 91 88 84 81 78 74 70 65 64 62 59 57 56 55 56 58 61 63 64 66 68 72 75 79 81 85 91 95 97 107 121 132 136 129 120 108 100 96 -9999 -9999 -9999 -9999
-9999 35 36 37 38 39 40 41 42 43 43 43 43 43 44 44 44 43 43 35 30 28 27 27 26 26 26 27 32 43 37 56 65 73 80 90 100 99 100 105 105 106 106 96 93 95 93 93 90 85 82 78 75 71 66 61 59 57 54 53 51 50 51 53 54 56 59 60 63 66 72 75 76 78 84 88 93 97 106 116 126 133 126 117 111 101 97 94 -9999 -9999
-9999 36 37 38 38 40 41 44 46 47 47 47 47 47 45 44 44 43 43 38 32 31 30 27 25 25 25 26 32 55 55 43 55 70 78 92 103 98 101 109 110 109 111 105 92 92 91 90 88 85 80 75 71 67 63 59 56 55 52 49 47 46 46 48 51 52 53 56 59 63 66 70 72 76 80 81 88 92 96 101 109 120 123 120 118 111 103 97 93 -9999
-9999 35 37 38 39 40 41 43 48 49 50 51 53 56 53 49 45 44 38 34 32 32 32 31 26 24 25 26 28 43 60 56 70 76 84 97 101 83 92 104 110 110 111 110 93 91 91 86 83 79 76 72 67 64 60 57 54 52 51 47 44 43 43 44 47 48 50 52 56 59 61 66 71 74 76 79 83 86 89 95 102 109 115 116 117 117 110 101 88 74
-9999 29 33 36 38 39 40 41 42 43 43 45 48 54 54 52 51 48 45 37 31 31 31 30 26 23 24 25 27 34 40 41 46 48 52 82 70 55 68 97 106 109 110 107 92 89 89 84 80 74 71 67 64 62 59 56 53 51 48 44 41 40 41 42 43 45 48 50 52 56 61 65 68 72 74 78 81 82 87 93 98 105 108 111 112 113 113 108 101 74
-9999 28 29 30 30 30 37 38 26 30 30 35 44 46 47 46 45 42 46 46 32 28 31 32 30 26 23 24 25 27 29 32 41 50 44 43 45 42 52 98 104 107 105 102 92 86 87 84 77 71 66 62 60 58 55 53 52 49 46 42 40 39 39 41 42 43 45 46 47 52 55 58 61 63 67 72 78 83 86 91 95 100 106 108 107 109 110 108 96 73
-9999 34 29 28 29 27 22 23 19 16 14 14 20 30 28 26 27 18 19 28 25 22 23 23 22 22 23 24 24 26 27 29 32 40 38 36 36 37 63 111 111 104 102 100 89 84 84 80 74 68 63 58 54 53 54 51 49 46 43 40 39 38 39 40 41 42 41 43 43 45 47 50 53 56 59 65 71 77 87 91 96 100 101 104 105 108 108 101 80 73
-9999 39 38 37 38 30 29 23 17 14 11 8 4 2 2 2 2 2 5 10 14 20 20 21 21 22 23 23 24 24 26 26 28 30 32 34 36 37 45 117 123 117 108 102 90 81 79 76 71 64 61 57 55 52 52 51 48 45 41 40 39 38 39 39 39 37 37 38 39 41 45 46 47 48 49 56 62 71 86 90 94 99 100 103 104 105 104 89 75 -9999
-9999 40 41 41 42 42 29 24 19 14 11 5 2 2 2 2 2 2 6 10 12 16 18 21 24 24 24 23 23 24 25 25 26 27 30 32 31 35 38 56 108 107 103 85 77 76 73 69 67 63 59 54 -9999 -9999 -9999 -9999 -9999 43 42 41 40 39 38 38 36 34 34 35 35 37 39 41 42 42 44 46 55 65 76 86 91 96 98 102 102 101 90 77 -9999 -9999
-9999 42 47 49 47 44 44 33 28 20 26 28 17 2 2 2 2 4 8 11 14 16 20 27 34 35 31 26 23 24 24 25 25 -9999 -9999 -9999 32 35 36 39 51 51 50 55 66 71 69 66 61 59 -9999 -9999 -9999 -9999 -9999 -9999 -9999 42 41 -9999 40 38 36 -9999 -9999 -9999 -9999 -9999 -9999 -9999 37 38 37 37 39 43 47 57 71 83 88 93 96 95 95 94 82 63 -9999 -9999
