Humedad_Suelo_ASC/terraclimate_soil_1958.txt
ncols         92
nrows         62
xllcorner     -72.083333333358
yllcorner     17.458333333309
cellsize      0.041666666666657
NODATA_value  -9999
[rows 0 to 39 of 62, columns 0 to 89 of 92]
-9999 -9999 -9999 -9999 -9999 -9999 -9999 -9999 -9999 -9999 -9999 -9999 -9999 -9999 -9999 -9999 -9999 -9999 -9999 -9999 -9999 -9999 -9999 -9999 -9999 -9999 -9999 -9999 -9999 -9999 -9999 -9999 -9999 -9999 -9999 -9999 -9999 -9999 -9999 -9999 -9999 -9999 -9999 -9999 -9999 -9999 -9999 -9999 -9999 -9999 -9999 -9999 -9999 -9999 -9999 -9999 -9999 -9999 -9999 -9999 -9999 -9999 -9999 -9999 -9999 -9999 -9999 -9999 -9999 -9999 -9999 -9999 -9999 -9999 -9999 -9999 -9999 -9999 -9999 -9999 -9999 -9999 -9999 -9999 -9999 -9999 -9999 -9999 -9999 -9999
-9999 -9999 -9999 -9999 -9999 -9999 -9999 -9999 -9999 -9999 -9999 -9999 -9999 -9999 -9999 -9999 -9999 -9999 -9999 -9999 -9999 -9999 -9999 -9999 -9999 -9999 -9999 -9999 -9999 -9999 -9999 -9999 -9999 -9999 -9999 -9999 -9999 -9999 -9999 -9999 -9999 -9999 -9999 -9999 -9999 -9999 -9999 -9999 -9999 -9999 -9999 -9999 -9999 -9999 -9999 -9999 -9999 -9999 -9999 -9999 -9999 -9999 -9999 -9999 -9999 -9999 -9999 -9999 -9999 -9999 -9999 -9999 -9999 -9999 -9999 -9999 -9999 -9999 -9999 -9999 -9999 -9999 -9999 -9999 -9999 -9999 -9999 -9999 -9999 -9999
-9999 -9999 -9999 -9999 -9999 -9999 -9999 -9999 -9999 -9999 -9999 -9999 -9999 -9999 -9999 -9999 -9999 -9999 -9999 -9999 -9999 -9999 -9999 -9999 114 139 155 -9999 -9999 -9999 -9999 -9999 -9999 -9999 -9999 -9999 -9999 -9999 -9999 -9999 -9999 -9999 -9999 -9999 -9999 -9999 -9999 -9999 -9999 -9999 -9999 -9999 -9999 -9999 -9999 -9999 -9999 -9999 -9999 -9999 -9999 -9999 -9999 -9999 -9999 -9999 -9999 -9999 -9999 -9999 -9999 -9999 -9999 -9999 -9999 -9999 -9999 -9999 -9999 -9999 -9999 -9999 -9999 -9999 -9999 -9999 -9999 -9999 -9999 -9999
-9999 -9999 -9999 -9999 -9999 -9999 81 -9999 -9999 -9999 11 8 8 10 10 10 -9999 -9999 -9999 -9999 -9999 -9999 -9999 -9999 116 155 180 192 196 193 191 -9999 -9999 -9999 -9999 -9999 -9999 -9999 -9999 -9999 -9999 -9999 -9999 -9999 -9999 -9999 -9999 -9999 -9999 -9999 -9999 -9999 -9999 -9999 -9999 -9999 -9999 -9999 -9999 -9999 -9999 -9999 -9999 -9999 -9999 -9999 -9999 -9999 -9999 -9999 -9999 -9999 -9999 -9999 -9999 -9999 -9999 -9999 -9999 -9999 -9999 -9999 -9999 -9999 -9999 -9999 -9999 -9999 -9999 -9999
-9999 -9999 -9999 -9999 -9999 -9999 -9999 -9999 -9999 15 15 14 15 19 23 21 21 17 18 17 24 36 51 77 107 142 177 196 200 197 194 191 188 -9999 -9999 -9999 -9999 -9999 -9999 -9999 -9999 -9999 -9999 -9999 -9999 -9999 -9999 -9999 -9999 -9999 -9999 -9999 -9999 -9999 -9999 -9999 -9999 -9999 -9999 -9999 -9999 -9999 -9999 -9999 -9999 -9999 -9999 -9999 -9999 -9999 -9999 -9999 -9999 -9999 -9999 -9999 -9999 -9999 -9999 -9999 -9999 -9999 -9999 -9999 -9999 -9999 -9999 -9999 -9999 -9999
-9999 -9999 -9999 -9999 -9999 -9999 -9999 18 17 17 17 16 17 19 22 24 28 32 32 27 27 39 51 70 95 122 156 187 204 200 197 194 190 187 -9999 -9999 -9999 -9999 -9999 -9999 -9999 -9999 -9999 -9999 -9999 -9999 -9999 -9999 -9999 -9999 -9999 -9999 -9999 -9999 -9999 -9999 -9999 -9999 -9999 -9999 -9999 -9999 -9999 -9999 -9999 -9999 -9999 -9999 -9999 -9999 -9999 -9999 -9999 -9999 -9999 -9999 -9999 -9999 -9999 -9999 -9999 -9999 -9999 -9999 -9999 -9999 -9999 -9999 -9999 -9999
-9999 -9999 -9999 -9999 -9999 -9999 -9999 17 17 18 18 18 18 19 21 22 25 33 34 44 58 116 139 112 118 131 156 188 208 204 200 196 192 188 184 180 177 173 170 169 -9999 -9999 -9999 -9999 -9999 -9999 -9999 -9999 -9999 -9999 -9999 -9999 -9999 -9999 -9999 -9999 -9999 -9999 -9999 -9999 -9999 -9999 -9999 -9999 -9999 -9999 -9999 -9999 -9999 -9999 -9999 -9999 -9999 -9999 -9999 -9999 -9999 -9999 -9999 -9999 -9999 -9999 -9999 -9999 -9999 -9999 -9999 -9999 -9999 -9999
-9999 103 71 46 20 17 17 -9999 17 18 19 19 20 21 21 21 22 24 25 29 31 49 83 147 175 155 162 179 200 207 203 198 194 190 185 181 176 172 169 168 167 -9999 -9999 -9999 -9999 -9999 -9999 -9999 -9999 -9999 -9999 -9999 -9999 -9999 -9999 -9999 -9999 -9999 -9999 -9999 -9999 -9999 -9999 -9999 -9999 -9999 -9999 -9999 -9999 -9999 -9999 -9999 -9999 -9999 -9999 -9999 -9999 -9999 -9999 -9999 -9999 -9999 -9999 -9999 -9999 -9999 -9999 -9999 -9999 -9999
-9999 95 70 56 22 17 16 18 19 20 21 22 22 23 23 23 23 24 24 24 26 29 32 56 102 162 212 207 197 206 206 201 196 191 186 181 176 171 168 167 166 164 163 -9999 -9999 -9999 -9999 -9999 157 156 155 155 -9999 -9999 -9999 -9999 -9999 -9999 -9999 -9999 -9999 -9999 -9999 -9999 -9999 -9999 -9999 -9999 -9999 -9999 -9999 -9999 -9999 -9999 -9999 -9999 -9999 -9999 -9999 -9999 -9999 -9999 -9999 -9999 -9999 -9999 -9999 -9999 -9999 -9999
-9999 90 76 50 23 17 17 18 20 22 25 28 31 31 31 29 27 28 26 26 25 26 26 28 30 38 91 167 204 194 191 189 194 192 187 181 176 170 167 166 165 164 162 161 160 159 -9999 157 156 155 154 154 154 -9999 -9999 -9999 -9999 -9999 -9999 -9999 -9999 -9999 -9999 -9999 -9999 -9999 -9999 -9999 -9999 -9999 -9999 -9999 -9999 -9999 -9999 -9999 -9999 -9999 -9999 -9999 -9999 -9999 -9999 -9999 -9999 -9999 -9999 -9999 -9999 -9999
-9999 84 88 58 49 20 20 21 24 27 34 36 42 46 45 44 40 54 45 38 31 28 27 27 27 29 36 57 103 152 173 183 194 194 187 181 175 169 166 165 164 163 161 160 159 158 157 156 155 154 153 153 153 -9999 -9999 -9999 -9999 -9999 -9999 -9999 -9999 -9999 -9999 -9999 -9999 -9999 -9999 -9999 -9999 -9999 -9999 -9999 -9999 -9999 -9999 -9999 -9999 -9999 -9999 -9999 -9999 -9999 -9999 -9999 -9999 -9999 -9999 -9999 -9999 -9999
-9999 77 82 95 44 31 27 27 30 35 44 47 49 58 65 54 48 56 69 61 52 45 39 32 28 28 32 37 48 70 107 143 177 188 188 182 175 168 165 164 163 162 161 160 158 157 156 155 154 153 153 153 152 -9999 -9999 -9999 -9999 -9999 -9999 -9999 -9999 -9999 -9999 -9999 -9999 -9999 -9999 -9999 -9999 -9999 -9999 -9999 -9999 -9999 -9999 -9999 -9999 -9999 -9999 -9999 -9999 -9999 -9999 -9999 -9999 -9999 -9999 -9999 -9999 -9999
-9999 71 76 90 68 58 50 45 43 47 69 76 69 74 70 62 57 62 66 68 76 66 61 46 39 38 36 41 44 47 51 57 77 107 150 169 175 168 164 163 162 161 160 159 158 157 156 155 154 153 152 152 152 152 -9999 -9999 -9999 -9999 -9999 -9999 -9999 -9999 -9999 -9999 -9999 -9999 -9999 -9999 -9999 -9999 -9999 -9999 -9999 -9999 -9999 -9999 -9999 -9999 -9999 -9999 -9999 -9999 -9999 -9999 -9999 -9999 -9999 -9999 -9999 -9999
-9999 69 74 88 101 113 95 101 73 65 92 140 116 93 83 72 66 64 65 65 68 69 71 52 49 47 42 48 57 51 46 43 45 49 64 86 118 153 161 160 160 159 158 157 156 155 155 154 153 152 152 151 151 -9999 -9999 -9999 -9999 -9999 -9999 -9999 -9999 -9999 -9999 -9999 -9999 -9999 -9999 -9999 -9999 -9999 -9999 -9999 -9999 -9999 -9999 -9999 -9999 -9999 -9999 -9999 -9999 -9999 -9999 -9999 -9999 -9999 -9999 -9999 -9999 -9999
-9999 72 69 81 91 102 115 106 98 94 100 134 149 143 100 81 84 76 67 65 71 70 73 51 54 54 47 52 68 69 52 36 34 34 37 42 59 80 106 144 156 156 155 155 154 154 153 153 152 152 151 151 151 151 -9999 -9999 -9999 -9999 -9999 -9999 -9999 -9999 -9999 -9999 -9999 -9999 -9999 -9999 -9999 -9999 -9999 -9999 -9999 -9999 -9999 -9999 -9999 -9999 -9999 -9999 -9999 -9999 -9999 -9999 -9999 -9999 -9999 -9999 -9999 -9999
-9999 51 52 67 79 94 103 114 117 114 113 124 135 140 120 105 103 118 110 87 101 88 72 59 69 71 55 47 53 62 54 37 31 32 31 32 36 45 58 80 105 141 153 153 152 152 152 152 151 151 151 151 151 150 -9999 -9999 -9999 -9999 -9999 -9999 -9999 -9999 -9999 -9999 -9999 -9999 -9999 -9999 -9999 -9999 -9999 -9999 -9999 -9999 -9999 -9999 -9999 -9999 -9999 -9999 -9999 -9999 -9999 -9999 -9999 -9999 -9999 -9999 -9999 -9999
-9999 48 49 60 67 80 92 98 107 116 119 132 144 147 130 132 133 136 140 126 106 107 88 76 81 65 58 58 57 54 45 43 33 37 32 31 32 34 41 55 72 93 115 140 150 150 150 150 150 150 150 150 150 150 150 -9999 -9999 -9999 -9999 -9999 -9999 -9999 -9999 -9999 -9999 -9999 -9999 148 148 -9999 -9999 -9999 -9999 -9999 -9999 -9999 -9999 -9999 -9999 -9999 -9999 -9999 -9999 -9999 -9999 -9999 -9999 -9999 -9999 -9999
-9999 34 40 49 60 69 78 86 93 97 105 115 130 145 145 136 136 139 138 131 131 141 114 103 90 85 62 53 52 46 38 33 30 34 33 31 33 31 35 43 57 72 87 107 133 144 148 149 150 150 150 150 150 150 149 148 -9999 -9999 -9999 149 148 148 148 148 148 148 148 148 148 148 148 -9999 -9999 -9999 -9999 -9999 -9999 -9999 -9999 -9999 -9999 -9999 -9999 -9999 -9999 -9999 -9999 -9999 -9999 -9999
-9999 27 33 41 52 60 66 74 79 83 91 99 110 128 140 150 147 137 130 130 137 145 139 136 126 133 95 63 49 45 41 39 32 32 34 33 33 31 33 39 50 61 73 90 108 135 140 142 146 149 149 149 149 149 149 149 149 149 148 148 148 148 148 148 148 148 148 147 147 147 147 -9999 -9999 -9999 -9999 -9999 -9999 -9999 -9999 -9999 -9999 -9999 -9999 -9999 -9999 -9999 -9999 -9999 -9999 -9999
-9999 25 27 36 45 50 54 61 70 73 75 82 100 119 128 128 136 135 128 132 131 133 133 133 129 129 128 79 65 54 58 48 42 40 40 35 34 34 36 43 52 63 74 87 105 125 132 135 140 145 148 148 147 147 145 147 148 148 148 148 148 147 147 147 147 147 147 147 147 147 -9999 -9999 -9999 -9999 -9999 -9999 -9999 -9999 -9999 -9999 -9999 -9999 -9999 -9999 -9999 -9999 -9999 -9999 -9999 -9999
-9999 22 25 30 38 43 42 48 60 69 70 73 83 95 99 97 103 115 119 121 122 122 123 123 123 123 114 99 87 78 79 65 45 39 41 42 41 43 46 52 59 68 81 89 101 116 125 128 133 137 140 141 142 142 141 140 140 141 141 -9999 -9999 -9999 147 147 147 147 147 147 147 -9999 -9999 -9999 -9999 -9999 -9999 -9999 -9999 -9999 -9999 -9999 -9999 -9999 -9999 -9999 -9999 -9999 -9999 -9999 -9999 -9999
-9999 22 23 27 31 34 36 38 41 50 52 61 67 71 80 91 90 94 88 87 93 101 106 107 105 99 106 105 101 100 94 65 48 38 36 41 49 61 64 70 75 83 92 98 108 112 118 124 127 131 133 135 135 134 134 133 133 134 135 -9999 -9999 -9999 -9999 -9999 -9999 -9999 -9999 -9999 -9999 -9999 -9999 -9999 -9999 -9999 -9999 -9999 -9999 -9999 -9999 -9999 -9999 -9999 -9999 -9999 -9999 -9999 -9999 -9999 -9999 -9999
-9999 23 24 26 29 31 34 36 38 40 42 51 59 64 73 78 77 77 71 69 79 84 86 92 90 84 93 100 100 100 95 71 59 48 46 53 71 89 80 98 103 103 107 107 109 111 116 123 126 130 132 132 132 132 131 130 131 130 129 -9999 128 134 134 140 142 -9999 -9999 -9999 -9999 -9999 -9999 -9999 -9999 -9999 -9999 -9999 -9999 -9999 -9999 -9999 -9999 -9999 -9999 -9999 -9999 -9999 -9999 -9999 -9999 -9999
-9999 28 26 27 29 30 32 34 36 37 39 42 48 58 61 65 62 59 52 52 65 72 74 77 79 79 80 89 87 79 67 61 61 68 72 68 88 95 97 100 103 105 110 111 110 113 116 119 123 125 130 131 133 131 131 129 126 124 126 125 127 130 134 139 136 131 128 -9999 -9999 -9999 -9999 -9999 -9999 -9999 -9999 -9999 -9999 -9999 -9999 -9999 -9999 -9999 -9999 -9999 -9999 -9999 -9999 -9999 -9999 -9999
-9999 28 27 29 30 31 32 32 34 35 36 37 38 40 42 47 46 50 42 40 43 51 58 60 61 62 64 68 79 79 77 77 77 83 78 66 76 90 94 97 103 104 107 107 107 113 114 117 119 121 121 121 128 126 122 121 121 120 122 122 123 128 131 132 130 126 125 122 120 117 120 121 -9999 127 124 119 117 -9999 -9999 -9999 -9999 -9999 -9999 -9999 -9999 -9999 -9999 -9999 -9999 -9999
-9999 29 29 30 31 31 32 33 34 35 35 35 35 36 37 36 37 38 37 37 40 50 52 53 51 52 54 55 67 72 72 74 76 75 68 61 76 93 94 98 103 106 107 109 112 110 113 115 117 118 114 116 119 120 117 114 114 112 114 113 115 118 120 122 123 125 122 123 125 123 125 128 133 135 132 129 127 118 102 88 -9999 -9999 -9999 -9999 -9999 -9999 -9999 -9999 -9999 -9999
-9999 31 31 32 32 33 34 34 35 35 35 35 35 35 35 35 36 37 36 34 37 43 49 50 46 38 42 52 52 47 54 63 65 65 69 82 92 98 100 101 110 117 109 109 112 112 112 113 116 116 111 109 111 111 108 105 103 102 102 101 101 104 108 111 113 113 114 113 116 121 126 132 135 134 133 137 140 138 128 102 84 75 -9999 -9999 -9999 -9999 -9999 -9999 -9999 -9999
-9999 32 32 33 33 34 35 36 36 36 36 36 35 35 35 35 35 35 35 33 34 37 38 39 39 37 40 40 41 36 40 48 45 62 78 93 102 107 103 101 107 113 108 110 114 115 114 111 111 111 106 105 101 101 103 97 92 91 89 88 90 93 94 96 99 102 100 101 103 104 111 120 123 128 129 130 140 148 146 134 105 74 65 -9999 -9999 -9999 -9999 -9999 -9999 -9999
-9999 33 33 34 35 35 36 37 38 37 37 36 36 37 37 36 35 34 33 31 31 32 33 31 34 34 37 34 38 41 59 70 75 77 89 103 103 104 103 103 100 107 113 111 112 114 113 110 108 106 103 99 94 91 88 83 81 83 81 78 77 77 80 84 86 87 89 92 92 90 95 99 102 109 113 116 120 133 149 144 118 88 64 58 -9999 -9999 -9999 -9999 -9999 -9999
-9999 34 35 35 37 37 38 39 40 40 39 39 39 39 40 39 37 35 33 31 31 29 29 29 28 29 27 28 32 42 58 69 78 84 88 102 109 111 115 117 110 103 108 115 114 115 115 112 108 102 98 95 89 86 80 75 74 72 71 70 68 69 68 71 74 76 78 80 81 82 83 83 80 89 92 98 107 117 137 148 148 95 69 57 51 -9999 -9999 -9999 -9999 -9999
-9999 35 35 36 37 39 42 48 53 50 42 41 41 42 43 43 42 40 36 32 31 29 28 27 27 27 24 28 30 36 43 54 75 84 94 107 112 110 114 122 119 114 110 110 115 118 112 111 106 101 96 92 88 82 76 70 68 66 62 60 59 58 60 62 64 66 68 69 71 71 64 60 56 57 78 73 77 108 123 137 140 109 87 64 51 45 -9999 -9999 -9999 -9999
-9999 36 37 37 39 39 40 43 46 50 48 43 42 43 43 44 44 43 42 37 33 30 27 25 25 23 23 26 39 45 44 55 68 80 89 101 114 113 116 125 124 125 126 114 110 113 109 109 104 98 93 88 84 78 71 65 61 59 55 53 52 52 52 54 55 57 59 60 61 55 51 47 42 44 60 57 72 79 94 111 129 137 100 78 64 51 44 38 -9999 -9999
-9999 36 38 39 39 42 52 57 56 56 55 53 51 50 45 43 42 41 42 40 35 35 31 27 22 22 23 26 41 57 59 55 63 71 83 103 117 110 114 128 128 126 129 123 109 110 106 105 102 98 92 85 80 75 68 61 56 55 53 49 47 45 45 48 51 50 51 52 46 43 41 40 40 44 50 42 61 63 64 77 90 104 95 85 78 63 48 39 35 -9999
-9999 35 37 38 39 40 46 56 63 64 65 65 67 69 62 53 45 42 40 38 36 37 37 35 25 21 24 26 30 51 61 62 71 81 92 110 113 104 109 119 127 127 129 129 108 107 107 100 97 92 87 82 76 70 64 59 54 52 50 47 43 41 40 42 44 42 42 41 40 39 37 39 39 40 41 40 41 46 50 61 68 77 80 79 79 73 57 43 33 28
-9999 17 20 30 37 38 39 40 41 43 42 53 56 67 65 62 59 52 43 40 34 34 37 31 26 21 23 24 27 42 52 54 63 70 75 91 93 84 95 113 122 127 128 124 107 104 104 99 93 86 82 77 72 68 63 57 53 50 47 42 40 39 39 39 39 38 37 36 36 35 35 37 38 38 39 39 37 39 44 53 60 68 70 68 68 68 64 50 38 28
-9999 16 16 17 17 18 35 36 15 24 24 38 43 50 50 47 44 44 45 45 38 30 34 38 32 25 21 23 24 27 33 40 59 73 68 68 73 64 87 120 119 123 121 118 105 100 102 98 90 83 77 71 68 63 58 54 51 48 44 40 39 37 35 35 35 34 32 32 32 33 33 34 35 36 37 38 37 36 37 45 52 61 63 62 60 59 58 50 36 28
-9999 24 17 15 17 14 12 13 11 11 12 13 17 28 26 23 26 18 19 27 24 21 21 22 19 20 21 22 22 25 27 29 42 64 62 53 53 57 102 134 130 117 112 112 99 95 98 93 87 79 72 66 62 59 58 52 49 45 40 38 36 33 32 31 31 30 30 30 31 31 32 33 34 35 35 35 35 35 38 42 48 54 56 58 55 53 54 41 30 28
-9999 38 37 31 37 18 17 13 9 10 10 11 12 13 13 14 14 14 15 15 17 19 19 19 19 19 21 21 21 22 23 23 28 33 35 38 54 57 83 130 141 133 121 114 98 88 88 86 80 73 72 67 64 58 54 51 47 42 40 36 32 30 28 28 28 27 27 27 29 30 31 32 33 33 33 33 33 33 36 39 45 49 52 53 51 50 48 34 29 -9999
-9999 42 42 40 40 40 18 14 12 9 10 11 12 12 13 14 14 15 15 16 16 17 18 19 22 23 22 21 20 20 21 22 23 25 30 33 40 48 54 90 120 119 116 89 78 79 77 75 72 69 66 61 -9999 -9999 -9999 -9999 -9999 40 37 34 30 28 27 27 27 26 25 26 27 28 29 29 29 29 29 30 31 32 32 34 41 49 51 55 50 42 33 29 -9999 -9999
-9999 51 58 60 55 45 42 29 18 14 18 24 16 13 14 14 15 15 16 16 17 18 19 25 44 44 36 26 21 21 22 23 25 -9999 -9999 -9999 36 41 47 57 78 75 69 66 67 70 70 68 63 61 -9999 -9999 -9999 -9999 -9999 -9999 -9999 35 33 -9999 29 27 27 -9999 -9999 -9999 -9999 -9999 -9999 -9999 28 27 27 27 24 27 28 30 31 32 36 44 45 41 38 36 32 28 -9999 -9999
