Humedad_Suelo_ASC/terraclimate_soil_1991.txt
ncols         92
nrows         62
xllcorner     -72.083333333358
yllcorner     17.458333333309
cellsize      0.041666666666657
NODATA_value  -9999
[rows 0 to 39 of 62, columns 0 to 89 of 92]
-9999 -9999 -9999 -9999 -9999 -9999 -9999 -9999 -9999 -9999 -9999 -9999 -9999 -9999 -9999 -9999 -9999 -9999 -9999 -9999 -9999 -9999 -9999 -9999 -9999 -9999 -9999 -9999 -9999 -9999 -9999 -9999 -9999 -9999 -9999 -9999 -9999 -9999 -9999 -9999 -9999 -9999 -9999 -9999 -9999 -9999 -9999 -9999 -9999 -9999 -9999 -9999 -9999 -9999 -9999 -9999 -9999 -9999 -9999 -9999 -9999 -9999 -9999 -9999 -9999 -9999 -9999 -9999 -9999 -9999 -9999 -9999 -9999 -9999 -9999 -9999 -9999 -9999 -9999 -9999 -9999 -9999 -9999 -9999 -9999 -9999 -9999 -9999 -9999 -9999
-9999 -9999 -9999 -9999 -9999 -9999 -9999 -9999 -9999 -9999 -9999 -9999 -9999 -9999 -9999 -9999 -9999 -9999 -9999 -9999 -9999 -9999 -9999 -9999 -9999 -9999 -9999 -9999 -9999 -9999 -9999 -9999 -9999 -9999 -9999 -9999 -9999 -9999 -9999 -9999 -9999 -9999 -9999 -9999 -9999 -9999 -9999 -9999 -9999 -9999 -9999 -9999 -9999 -9999 -9999 -9999 -9999 -9999 -9999 -9999 -9999 -9999 -9999 -9999 -9999 -9999 -9999 -9999 -9999 -9999 -9999 -9999 -9999 -9999 -9999 -9999 -9999 -9999 -9999 -9999 -9999 -9999 -9999 -9999 -9999 -9999 -9999 -9999 -9999 -9999
-9999 -9999 -9999 -9999 -9999 -9999 -9999 -9999 -9999 -9999 -9999 -9999 -9999 -9999 -9999 -9999 -9999 -9999 -9999 -9999 -9999 -9999 -9999 -9999 130 134 134 -9999 -9999 -9999 -9999 -9999 -9999 -9999 -9999 -9999 -9999 -9999 -9999 -9999 -9999 -9999 -9999 -9999 -9999 -9999 -9999 -9999 -9999 -9999 -9999 -9999 -9999 -9999 -9999 -9999 -9999 -9999 -9999 -9999 -9999 -9999 -9999 -9999 -9999 -9999 -9999 -9999 -9999 -9999 -9999 -9999 -9999 -9999 -9999 -9999 -9999 -9999 -9999 -9999 -9999 -9999 -9999 -9999 -9999 -9999 -9999 -9999 -9999 -9999
-9999 -9999 -9999 -9999 -9999 -9999 83 -9999 -9999 -9999 57 52 55 58 56 54 -9999 -9999 -9999 -9999 -9999 -9999 -9999 -9999 136 140 141 139 138 136 135 -9999 -9999 -9999 -9999 -9999 -9999 -9999 -9999 -9999 -9999 -9999 -9999 -9999 -9999 -9999 -9999 -9999 -9999 -9999 -9999 -9999 -9999 -9999 -9999 -9999 -9999 -9999 -9999 -9999 -9999 -9999 -9999 -9999 -9999 -9999 -9999 -9999 -9999 -9999 -9999 -9999 -9999 -9999 -9999 -9999 -9999 -9999 -9999 -9999 -9999 -9999 -9999 -9999 -9999 -9999 -9999 -9999 -9999 -9999
-9999 -9999 -9999 -9999 -9999 -9999 -9999 -9999 -9999 56 57 57 57 66 84 75 74 62 65 64 96 118 136 139 141 144 145 143 143 142 139 137 136 -9999 -9999 -9999 -9999 -9999 -9999 -9999 -9999 -9999 -9999 -9999 -9999 -9999 -9999 -9999 -9999 -9999 -9999 -9999 -9999 -9999 -9999 -9999 -9999 -9999 -9999 -9999 -9999 -9999 -9999 -9999 -9999 -9999 -9999 -9999 -9999 -9999 -9999 -9999 -9999 -9999 -9999 -9999 -9999 -9999 -9999 -9999 -9999 -9999 -9999 -9999 -9999 -9999 -9999 -9999 -9999 -9999
-9999 -9999 -9999 -9999 -9999 -9999 -9999 67 59 56 56 56 56 58 70 84 102 120 124 109 111 138 143 144 147 149 150 148 148 146 144 142 139 137 -9999 -9999 -9999 -9999 -9999 -9999 -9999 -9999 -9999 -9999 -9999 -9999 -9999 -9999 -9999 -9999 -9999 -9999 -9999 -9999 -9999 -9999 -9999 -9999 -9999 -9999 -9999 -9999 -9999 -9999 -9999 -9999 -9999 -9999 -9999 -9999 -9999 -9999 -9999 -9999 -9999 -9999 -9999 -9999 -9999 -9999 -9999 -9999 -9999 -9999 -9999 -9999 -9999 -9999 -9999 -9999
-9999 -9999 -9999 -9999 -9999 -9999 -9999 65 56 54 54 52 53 55 60 63 78 111 122 142 145 149 152 152 154 155 155 153 151 149 148 145 143 140 136 132 129 126 123 122 -9999 -9999 -9999 -9999 -9999 -9999 -9999 -9999 -9999 -9999 -9999 -9999 -9999 -9999 -9999 -9999 -9999 -9999 -9999 -9999 -9999 -9999 -9999 -9999 -9999 -9999 -9999 -9999 -9999 -9999 -9999 -9999 -9999 -9999 -9999 -9999 -9999 -9999 -9999 -9999 -9999 -9999 -9999 -9999 -9999 -9999 -9999 -9999 -9999 -9999
-9999 38 39 43 47 53 59 -9999 52 53 53 52 50 51 48 49 56 70 80 98 113 147 155 160 162 162 161 157 154 152 149 146 143 140 137 133 129 126 123 122 119 -9999 -9999 -9999 -9999 -9999 -9999 -9999 -9999 -9999 -9999 -9999 -9999 -9999 -9999 -9999 -9999 -9999 -9999 -9999 -9999 -9999 -9999 -9999 -9999 -9999 -9999 -9999 -9999 -9999 -9999 -9999 -9999 -9999 -9999 -9999 -9999 -9999 -9999 -9999 -9999 -9999 -9999 -9999 -9999 -9999 -9999 -9999 -9999 -9999
-9999 35 37 41 44 51 57 54 52 52 52 53 53 52 50 48 53 61 64 68 81 100 121 159 164 168 169 165 159 155 151 148 144 140 136 132 128 123 121 121 119 117 116 -9999 -9999 -9999 -9999 -9999 114 115 115 116 -9999 -9999 -9999 -9999 -9999 -9999 -9999 -9999 -9999 -9999 -9999 -9999 -9999 -9999 -9999 -9999 -9999 -9999 -9999 -9999 -9999 -9999 -9999 -9999 -9999 -9999 -9999 -9999 -9999 -9999 -9999 -9999 -9999 -9999 -9999 -9999 -9999 -9999
-9999 33 35 39 43 48 55 63 55 57 59 60 61 59 60 60 57 61 62 63 66 71 80 93 114 146 168 168 165 159 154 150 146 141 136 130 125 121 119 119 118 117 116 115 114 114 -9999 113 114 117 118 118 116 -9999 -9999 -9999 -9999 -9999 -9999 -9999 -9999 -9999 -9999 -9999 -9999 -9999 -9999 -9999 -9999 -9999 -9999 -9999 -9999 -9999 -9999 -9999 -9999 -9999 -9999 -9999 -9999 -9999 -9999 -9999 -9999 -9999 -9999 -9999 -9999 -9999
-9999 31 32 37 44 47 55 62 72 67 76 74 76 74 72 71 67 98 83 69 67 67 69 72 80 96 130 165 163 160 157 153 149 144 138 131 124 118 116 116 116 116 115 114 113 114 113 113 114 115 118 121 117 -9999 -9999 -9999 -9999 -9999 -9999 -9999 -9999 -9999 -9999 -9999 -9999 -9999 -9999 -9999 -9999 -9999 -9999 -9999 -9999 -9999 -9999 -9999 -9999 -9999 -9999 -9999 -9999 -9999 -9999 -9999 -9999 -9999 -9999 -9999 -9999 -9999
-9999 28 30 35 39 44 52 61 72 82 91 88 83 91 99 84 76 95 128 113 99 84 74 70 67 75 97 125 159 159 157 153 149 144 140 133 126 119 114 113 112 113 113 112 112 112 114 114 113 113 116 116 115 -9999 -9999 -9999 -9999 -9999 -9999 -9999 -9999 -9999 -9999 -9999 -9999 -9999 -9999 -9999 -9999 -9999 -9999 -9999 -9999 -9999 -9999 -9999 -9999 -9999 -9999 -9999 -9999 -9999 -9999 -9999 -9999 -9999 -9999 -9999 -9999 -9999
-9999 26 28 33 38 43 53 63 73 84 98 112 110 109 100 91 87 101 113 123 143 127 119 81 73 78 86 110 127 145 155 150 145 141 136 131 127 121 115 112 111 112 111 110 111 113 113 112 112 112 113 113 112 114 -9999 -9999 -9999 -9999 -9999 -9999 -9999 -9999 -9999 -9999 -9999 -9999 -9999 -9999 -9999 -9999 -9999 -9999 -9999 -9999 -9999 -9999 -9999 -9999 -9999 -9999 -9999 -9999 -9999 -9999 -9999 -9999 -9999 -9999 -9999 -9999
-9999 25 27 32 37 50 54 65 73 83 98 117 126 131 122 110 104 107 114 117 131 138 146 104 97 90 89 117 153 151 149 145 138 132 128 124 119 115 113 111 111 113 110 108 109 110 111 111 111 111 112 113 112 -9999 -9999 -9999 -9999 -9999 -9999 -9999 -9999 -9999 -9999 -9999 -9999 -9999 -9999 -9999 -9999 -9999 -9999 -9999 -9999 -9999 -9999 -9999 -9999 -9999 -9999 -9999 -9999 -9999 -9999 -9999 -9999 -9999 -9999 -9999 -9999 -9999
-9999 26 28 32 37 46 58 65 71 80 92 109 122 131 131 126 129 128 127 130 135 140 144 114 125 127 115 137 151 151 145 136 130 124 119 116 111 106 104 106 108 109 107 105 106 107 108 109 110 111 112 112 113 114 -9999 -9999 -9999 -9999 -9999 -9999 -9999 -9999 -9999 -9999 -9999 -9999 -9999 -9999 -9999 -9999 -9999 -9999 -9999 -9999 -9999 -9999 -9999 -9999 -9999 -9999 -9999 -9999 -9999 -9999 -9999 -9999 -9999 -9999 -9999 -9999
-9999 26 28 32 37 42 52 64 74 82 90 101 112 121 123 121 123 126 127 125 130 131 132 132 139 143 141 135 136 138 135 127 119 116 114 108 104 100 98 99 100 102 103 103 104 107 108 107 108 110 111 112 113 113 -9999 -9999 -9999 -9999 -9999 -9999 -9999 -9999 -9999 -9999 -9999 -9999 -9999 -9999 -9999 -9999 -9999 -9999 -9999 -9999 -9999 -9999 -9999 -9999 -9999 -9999 -9999 -9999 -9999 -9999 -9999 -9999 -9999 -9999 -9999 -9999
-9999 27 28 33 37 41 48 57 68 79 87 98 110 118 115 117 118 120 123 121 120 124 123 125 131 132 131 130 129 126 122 120 113 111 106 104 99 95 93 94 95 96 97 98 100 102 107 109 107 108 110 112 113 112 113 -9999 -9999 -9999 -9999 -9999 -9999 -9999 -9999 -9999 -9999 -9999 -9999 119 117 -9999 -9999 -9999 -9999 -9999 -9999 -9999 -9999 -9999 -9999 -9999 -9999 -9999 -9999 -9999 -9999 -9999 -9999 -9999 -9999 -9999
-9999 26 28 32 36 40 44 53 61 69 78 89 101 113 116 114 115 117 118 115 116 122 120 120 121 124 121 118 117 114 109 105 102 101 99 95 93 90 88 88 89 91 92 93 96 98 101 104 105 107 110 112 112 111 112 112 -9999 -9999 -9999 118 118 118 117 116 117 120 124 123 121 114 113 -9999 -9999 -9999 -9999 -9999 -9999 -9999 -9999 -9999 -9999 -9999 -9999 -9999 -9999 -9999 -9999 -9999 -9999 -9999
-9999 27 29 32 36 39 43 46 54 62 70 79 89 104 113 117 117 113 110 111 116 121 120 119 118 121 120 110 106 104 103 101 96 93 92 90 88 85 83 83 84 86 87 89 91 94 97 100 103 106 108 110 110 111 112 113 116 118 117 118 119 120 119 118 119 121 123 125 120 114 113 -9999 -9999 -9999 -9999 -9999 -9999 -9999 -9999 -9999 -9999 -9999 -9999 -9999 -9999 -9999 -9999 -9999 -9999 -9999
-9999 26 28 32 36 39 42 45 48 55 61 69 80 94 101 101 106 107 105 107 109 112 113 113 112 113 112 105 101 99 99 98 96 92 88 83 81 80 79 79 80 82 84 85 87 90 93 96 100 104 107 108 108 109 109 112 114 115 115 116 117 117 117 116 118 119 120 121 118 116 -9999 -9999 -9999 -9999 -9999 -9999 -9999 -9999 -9999 -9999 -9999 -9999 -9999 -9999 -9999 -9999 -9999 -9999 -9999 -9999
-9999 26 28 32 35 38 40 43 46 50 55 61 68 76 81 82 86 93 95 98 100 103 105 104 105 104 100 98 95 94 95 93 88 85 83 81 76 75 75 75 77 79 80 82 84 86 89 93 97 100 103 104 106 106 107 108 108 109 109 -9999 -9999 -9999 111 112 114 116 118 117 115 -9999 -9999 -9999 -9999 -9999 -9999 -9999 -9999 -9999 -9999 -9999 -9999 -9999 -9999 -9999 -9999 -9999 -9999 -9999 -9999 -9999
-9999 27 28 31 34 37 39 41 44 46 49 52 58 63 69 74 75 77 75 76 80 85 89 91 89 87 90 90 88 88 89 86 81 76 74 74 75 75 73 74 76 77 79 81 82 84 87 91 94 98 100 101 102 103 104 104 105 105 106 -9999 -9999 -9999 -9999 -9999 -9999 -9999 -9999 -9999 -9999 -9999 -9999 -9999 -9999 -9999 -9999 -9999 -9999 -9999 -9999 -9999 -9999 -9999 -9999 -9999 -9999 -9999 -9999 -9999 -9999 -9999
-9999 28 29 31 33 35 38 39 41 44 46 48 50 55 61 64 63 64 62 60 66 71 73 77 76 75 79 83 83 82 80 78 77 74 73 74 75 78 74 74 76 76 79 80 81 83 86 90 94 98 100 102 102 103 104 104 105 105 105 -9999 105 106 106 108 108 -9999 -9999 -9999 -9999 -9999 -9999 -9999 -9999 -9999 -9999 -9999 -9999 -9999 -9999 -9999 -9999 -9999 -9999 -9999 -9999 -9999 -9999 -9999 -9999 -9999
-9999 30 30 32 33 35 36 38 40 41 43 45 47 49 50 53 52 51 48 48 53 59 61 63 65 66 67 73 71 68 67 68 69 71 70 71 73 76 71 71 73 75 77 80 81 84 86 89 93 97 100 101 103 104 104 105 105 105 106 106 106 107 108 109 108 106 105 -9999 -9999 -9999 -9999 -9999 -9999 -9999 -9999 -9999 -9999 -9999 -9999 -9999 -9999 -9999 -9999 -9999 -9999 -9999 -9999 -9999 -9999 -9999
-9999 31 31 32 33 35 36 37 38 39 40 41 43 44 45 45 45 45 44 43 43 43 47 49 50 51 52 55 63 63 62 63 63 67 66 65 69 72 69 68 71 73 76 78 80 84 86 89 93 96 98 99 101 102 102 104 104 104 105 106 106 107 108 108 107 105 105 104 103 103 103 104 -9999 105 104 103 102 -9999 -9999 -9999 -9999 -9999 -9999 -9999 -9999 -9999 -9999 -9999 -9999 -9999
-9999 32 32 33 34 35 36 37 38 39 39 40 41 42 42 42 42 42 41 41 41 42 42 42 41 42 43 46 53 57 57 59 62 61 60 62 66 73 71 70 72 74 77 79 82 85 87 89 93 97 97 98 99 101 101 102 102 102 103 102 103 105 105 105 104 105 105 105 105 105 106 106 107 108 107 106 107 105 102 102 -9999 -9999 -9999 -9999 -9999 -9999 -9999 -9999 -9999 -9999
-9999 33 33 34 35 36 36 37 38 39 40 40 41 41 41 41 42 42 41 41 41 42 42 42 41 40 41 43 45 43 48 55 58 60 63 69 77 81 78 74 77 80 80 81 84 87 89 91 94 97 97 96 97 98 98 98 98 98 98 97 98 99 101 101 101 101 102 102 103 106 109 110 110 110 110 111 112 111 107 105 102 101 -9999 -9999 -9999 -9999 -9999 -9999 -9999 -9999
-9999 33 34 35 36 37 37 38 39 39 40 41 41 41 41 41 42 41 41 40 41 41 41 42 41 40 41 42 43 43 44 51 53 59 68 78 84 85 82 77 81 84 84 85 87 90 91 92 94 96 96 95 95 95 96 95 93 91 89 88 91 93 94 96 96 97 98 98 99 101 105 108 109 110 111 111 114 119 114 110 106 102 100 -9999 -9999 -9999 -9999 -9999 -9999 -9999
-9999 34 35 36 37 37 38 39 39 40 40 41 42 42 42 42 41 40 40 39 39 40 41 40 41 41 41 42 43 44 54 61 65 68 77 87 87 85 83 82 80 86 88 89 90 92 93 94 94 94 95 94 90 89 87 83 81 84 81 78 78 78 80 84 87 88 90 94 94 91 95 99 102 105 106 107 109 113 117 113 109 105 101 98 -9999 -9999 -9999 -9999 -9999 -9999
-9999 35 36 37 37 38 39 40 40 41 41 42 42 43 44 43 43 41 40 40 39 39 39 39 39 41 41 42 43 45 55 61 68 74 79 90 94 95 96 96 91 86 89 93 94 95 95 95 95 94 92 90 86 83 79 75 74 73 72 70 69 69 69 71 75 76 78 81 82 82 84 87 91 95 101 103 106 108 114 116 115 108 103 97 93 -9999 -9999 -9999 -9999 -9999
-9999 36 36 37 38 39 40 41 42 42 42 43 43 44 45 45 44 44 43 41 39 39 39 39 39 40 40 42 44 46 47 55 67 76 84 95 99 96 100 104 102 95 94 94 96 98 96 96 95 94 90 88 85 81 76 71 69 68 64 62 61 60 60 62 64 66 69 70 71 75 78 82 85 89 94 98 100 106 111 115 114 111 108 103 98 94 -9999 -9999 -9999 -9999
-9999 37 37 38 39 40 40 41 42 43 43 44 44 44 45 45 45 45 44 43 41 40 39 39 39 38 39 42 46 47 49 55 64 73 81 90 100 99 100 106 107 107 106 99 96 98 97 97 94 90 87 84 81 77 72 67 64 62 59 57 55 54 54 56 58 59 62 63 65 69 75 78 79 82 87 90 95 98 106 109 111 113 110 107 104 97 93 90 -9999 -9999
-9999 37 38 39 39 40 42 42 43 44 44 45 45 46 46 45 45 44 45 44 43 43 42 40 39 39 40 43 47 54 58 58 64 70 79 92 102 98 101 109 112 112 113 108 95 95 94 94 91 89 85 81 76 72 68 64 60 59 57 53 50 49 49 52 54 55 56 59 62 65 69 72 74 79 83 83 89 94 97 101 106 109 109 108 107 104 97 91 87 -9999
-9999 37 38 39 40 41 42 43 44 44 45 45 47 51 49 46 46 45 44 44 44 44 44 43 40 39 41 43 47 52 59 62 69 76 83 97 100 96 99 105 111 113 115 113 95 93 93 89 87 83 80 77 71 68 64 62 59 56 55 51 48 46 46 47 50 51 53 55 59 62 64 69 73 75 78 81 83 86 89 96 101 106 107 107 107 106 104 95 88 84
-9999 37 38 39 40 40 41 42 43 43 44 45 46 47 47 47 47 46 46 45 43 44 45 44 42 40 41 43 45 51 56 59 65 71 76 85 88 87 94 102 107 112 113 111 94 90 90 87 82 77 75 71 68 65 63 60 57 55 53 48 45 43 43 45 46 48 51 53 55 59 64 67 70 74 76 80 82 83 87 93 98 104 104 105 105 104 104 102 96 85
-9999 36 37 38 39 39 41 41 39 40 41 44 45 46 47 46 46 46 47 47 45 43 45 46 44 42 41 43 45 47 51 54 65 73 75 77 82 84 93 109 107 108 106 105 94 88 89 86 79 74 69 65 63 61 58 57 56 53 50 45 43 42 42 44 45 46 47 50 53 58 62 65 70 73 76 79 81 83 87 91 96 99 104 104 103 102 103 102 93 84
-9999 39 38 37 39 38 36 38 37 33 33 33 39 42 42 43 43 39 41 44 43 42 42 42 41 41 41 43 45 47 49 51 60 72 73 74 77 84 103 120 116 108 103 101 90 85 85 81 76 70 65 60 56 56 57 55 53 50 47 43 42 41 42 43 44 45 46 48 50 54 60 65 68 72 75 78 80 83 87 91 96 99 99 101 101 103 103 97 87 84
-9999 40 40 41 41 40 39 38 35 33 32 32 31 31 30 30 31 32 33 34 37 42 42 42 42 41 42 43 45 46 48 49 52 55 57 59 75 83 94 117 124 118 110 104 91 81 79 77 73 65 62 59 57 53 54 55 52 48 45 43 42 41 41 42 43 44 46 47 48 50 57 61 65 68 71 75 78 82 88 91 94 98 98 100 100 101 100 91 85 -9999
-9999 41 42 42 42 43 41 39 38 34 33 32 31 30 30 31 32 33 35 35 35 39 42 43 43 43 43 43 45 46 47 48 49 52 54 57 60 68 76 92 108 107 104 85 77 75 73 70 68 65 60 55 -9999 -9999 -9999 -9999 -9999 46 44 44 43 42 42 43 44 44 46 47 48 50 53 56 58 61 64 67 74 80 83 85 90 94 95 99 99 98 92 86 -9999 -9999
-9999 42 44 44 45 44 45 44 42 40 43 44 38 31 32 33 33 34 35 36 37 40 45 47 49 49 47 45 44 46 46 47 48 -9999 -9999 -9999 57 60 64 72 82 80 75 70 70 70 69 66 63 61 -9999 -9999 -9999 -9999 -9999 -9999 -9999 44 43 -9999 43 42 41 -9999 -9999 -9999 -9999 -9999 -9999 -9999 51 53 53 55 57 63 70 73 80 82 87 91 94 93 93 92 88 80 -9999 -9999
