Humedad_Suelo_ASC/terraclimate_soil_2008.txt
ncols         92
nrows         62
xllcorner     -72.083333333358
yllcorner     17.458333333309
cellsize      0.041666666666657
NODATA_value  -9999
[rows 0 to 39 of 62, columns 0 to 88 of 92]
-9999 -9999 -9999 -9999 -9999 -9999 -9999 -9999 -9999 -9999 -9999 -9999 -9999 -9999 -9999 -9999 -9999 -9999 -9999 -9999 -9999 -9999 -9999 -9999 -9999 -9999 -9999 -9999 -9999 -9999 -9999 -9999 -9999 -9999 -9999 -9999 -9999 -9999 -9999 -9999 -9999 -9999 -9999 -9999 -9999 -9999 -9999 -9999 -9999 -9999 -9999 -9999 -9999 -9999 -9999 -9999 -9999 -9999 -9999 -9999 -9999 -9999 -9999 -9999 -9999 -9999 -9999 -9999 -9999 -9999 -9999 -9999 -9999 -9999 -9999 -9999 -9999 -9999 -9999 -9999 -9999 -9999 -9999 -9999 -9999 -9999 -9999 -9999 -9999
-9999 -9999 -9999 -9999 -9999 -9999 -9999 -9999 -9999 -9999 -9999 -9999 -9999 -9999 -9999 -9999 -9999 -9999 -9999 -9999 -9999 -9999 -9999 -9999 -9999 -9999 -9999 -9999 -9999 -9999 -9999 -9999 -9999 -9999 -9999 -9999 -9999 -9999 -9999 -9999 -9999 -9999 -9999 -9999 -9999 -9999 -9999 -9999 -9999 -9999 -9999 -9999 -9999 -9999 -9999 -9999 -9999 -9999 -9999 -9999 -9999 -9999 -9999 -9999 -9999 -9999 -9999 -9999 -9999 -9999 -9999 -9999 -9999 -9999 -9999 -9999 -9999 -9999 -9999 -9999 -9999 -9999 -9999 -9999 -9999 -9999 -9999 -9999 -9999
-9999 -9999 -9999 -9999 -9999 -9999 -9999 -9999 -9999 -9999 -9999 -9999 -9999 -9999 -9999 -9999 -9999 -9999 -9999 -9999 -9999 -9999 -9999 -9999 185 190 190 -9999 -9999 -9999 -9999 -9999 -9999 -9999 -9999 -9999 -9999 -9999 -9999 -9999 -9999 -9999 -9999 -9999 -9999 -9999 -9999 -9999 -9999 -9999 -9999 -9999 -9999 -9999 -9999 -9999 -9999 -9999 -9999 -9999 -9999 -9999 -9999 -9999 -9999 -9999 -9999 -9999 -9999 -9999 -9999 -9999 -9999 -9999 -9999 -9999 -9999 -9999 -9999 -9999 -9999 -9999 -9999 -9999 -9999 -9999 -9999 -9999 -9999
-9999 -9999 -9999 -9999 -9999 -9999 133 -9999 -9999 -9999 128 130 135 142 144 137 -9999 -9999 -9999 -9999 -9999 -9999 -9999 -9999 190 195 199 198 196 193 191 -9999 -9999 -9999 -9999 -9999 -9999 -9999 -9999 -9999 -9999 -9999 -9999 -9999 -9999 -9999 -9999 -9999 -9999 -9999 -9999 -9999 -9999 -9999 -9999 -9999 -9999 -9999 -9999 -9999 -9999 -9999 -9999 -9999 -9999 -9999 -9999 -9999 -9999 -9999 -9999 -9999 -9999 -9999 -9999 -9999 -9999 -9999 -9999 -9999 -9999 -9999 -9999 -9999 -9999 -9999 -9999 -9999 -9999
-9999 -9999 -9999 -9999 -9999 -9999 -9999 -9999 -9999 125 132 135 138 146 153 152 155 156 161 164 173 176 181 187 192 199 203 203 200 197 194 191 188 -9999 -9999 -9999 -9999 -9999 -9999 -9999 -9999 -9999 -9999 -9999 -9999 -9999 -9999 -9999 -9999 -9999 -9999 -9999 -9999 -9999 -9999 -9999 -9999 -9999 -9999 -9999 -9999 -9999 -9999 -9999 -9999 -9999 -9999 -9999 -9999 -9999 -9999 -9999 -9999 -9999 -9999 -9999 -9999 -9999 -9999 -9999 -9999 -9999 -9999 -9999 -9999 -9999 -9999 -9999 -9999
-9999 -9999 -9999 -9999 -9999 -9999 -9999 109 114 122 129 136 141 147 154 159 164 172 175 177 179 182 186 189 194 200 204 205 204 200 197 194 190 187 -9999 -9999 -9999 -9999 -9999 -9999 -9999 -9999 -9999 -9999 -9999 -9999 -9999 -9999 -9999 -9999 -9999 -9999 -9999 -9999 -9999 -9999 -9999 -9999 -9999 -9999 -9999 -9999 -9999 -9999 -9999 -9999 -9999 -9999 -9999 -9999 -9999 -9999 -9999 -9999 -9999 -9999 -9999 -9999 -9999 -9999 -9999 -9999 -9999 -9999 -9999 -9999 -9999 -9999 -9999
-9999 -9999 -9999 -9999 -9999 -9999 -9999 105 110 116 123 130 136 143 155 159 165 174 179 184 189 196 200 198 200 204 206 207 208 204 200 196 192 188 184 180 177 173 170 169 -9999 -9999 -9999 -9999 -9999 -9999 -9999 -9999 -9999 -9999 -9999 -9999 -9999 -9999 -9999 -9999 -9999 -9999 -9999 -9999 -9999 -9999 -9999 -9999 -9999 -9999 -9999 -9999 -9999 -9999 -9999 -9999 -9999 -9999 -9999 -9999 -9999 -9999 -9999 -9999 -9999 -9999 -9999 -9999 -9999 -9999 -9999 -9999 -9999
-9999 81 79 82 82 84 88 -9999 102 111 118 126 133 134 128 128 145 163 168 175 182 189 197 206 211 210 210 208 207 207 203 198 194 190 185 181 176 172 169 168 167 -9999 -9999 -9999 -9999 -9999 -9999 -9999 -9999 -9999 -9999 -9999 -9999 -9999 -9999 -9999 -9999 -9999 -9999 -9999 -9999 -9999 -9999 -9999 -9999 -9999 -9999 -9999 -9999 -9999 -9999 -9999 -9999 -9999 -9999 -9999 -9999 -9999 -9999 -9999 -9999 -9999 -9999 -9999 -9999 -9999 -9999 -9999 -9999
-9999 75 74 79 79 82 85 89 96 104 113 122 132 141 140 132 141 155 158 164 169 176 187 196 205 215 218 212 207 203 201 197 195 191 186 181 176 171 168 167 166 164 163 -9999 -9999 -9999 -9999 -9999 157 156 155 155 -9999 -9999 -9999 -9999 -9999 -9999 -9999 -9999 -9999 -9999 -9999 -9999 -9999 -9999 -9999 -9999 -9999 -9999 -9999 -9999 -9999 -9999 -9999 -9999 -9999 -9999 -9999 -9999 -9999 -9999 -9999 -9999 -9999 -9999 -9999 -9999 -9999
-9999 72 71 74 76 77 82 88 96 105 114 125 135 143 148 148 149 153 156 158 161 167 174 181 191 200 207 210 210 204 199 194 190 187 183 180 176 170 167 166 165 164 162 161 160 159 -9999 157 156 155 154 154 154 -9999 -9999 -9999 -9999 -9999 -9999 -9999 -9999 -9999 -9999 -9999 -9999 -9999 -9999 -9999 -9999 -9999 -9999 -9999 -9999 -9999 -9999 -9999 -9999 -9999 -9999 -9999 -9999 -9999 -9999 -9999 -9999 -9999 -9999 -9999 -9999
-9999 67 71 71 79 76 81 86 97 106 118 128 139 148 153 154 153 161 161 159 160 162 167 171 179 186 195 198 200 200 198 193 189 187 180 175 171 167 164 165 164 163 161 160 159 158 157 156 155 154 153 153 153 -9999 -9999 -9999 -9999 -9999 -9999 -9999 -9999 -9999 -9999 -9999 -9999 -9999 -9999 -9999 -9999 -9999 -9999 -9999 -9999 -9999 -9999 -9999 -9999 -9999 -9999 -9999 -9999 -9999 -9999 -9999 -9999 -9999 -9999 -9999 -9999
-9999 63 63 69 68 73 78 84 94 105 118 129 138 151 159 156 156 160 167 168 167 166 166 169 161 175 183 188 193 193 194 193 191 187 183 176 167 161 157 157 156 157 160 160 158 157 156 155 154 153 153 153 152 -9999 -9999 -9999 -9999 -9999 -9999 -9999 -9999 -9999 -9999 -9999 -9999 -9999 -9999 -9999 -9999 -9999 -9999 -9999 -9999 -9999 -9999 -9999 -9999 -9999 -9999 -9999 -9999 -9999 -9999 -9999 -9999 -9999 -9999 -9999 -9999
-9999 50 57 69 65 71 79 87 95 105 121 135 144 157 161 159 159 161 165 169 175 176 178 172 174 178 180 181 181 183 186 183 179 178 177 173 168 162 156 153 152 154 155 153 157 157 156 155 154 153 152 152 152 152 -9999 -9999 -9999 -9999 -9999 -9999 -9999 -9999 -9999 -9999 -9999 -9999 -9999 -9999 -9999 -9999 -9999 -9999 -9999 -9999 -9999 -9999 -9999 -9999 -9999 -9999 -9999 -9999 -9999 -9999 -9999 -9999 -9999 -9999 -9999
-9999 38 46 62 70 83 81 92 97 104 119 142 149 156 159 156 155 155 157 160 164 169 175 170 172 173 173 173 175 174 171 169 166 163 161 159 158 156 154 152 151 155 153 150 156 155 155 154 153 152 152 151 151 -9999 -9999 -9999 -9999 -9999 -9999 -9999 -9999 -9999 -9999 -9999 -9999 -9999 -9999 -9999 -9999 -9999 -9999 -9999 -9999 -9999 -9999 -9999 -9999 -9999 -9999 -9999 -9999 -9999 -9999 -9999 -9999 -9999 -9999 -9999 -9999
-9999 41 41 53 65 76 90 92 95 103 113 133 147 154 152 147 148 147 147 148 154 158 163 157 162 166 164 164 170 170 163 153 147 146 147 146 144 141 141 145 147 150 147 146 151 154 153 153 152 152 151 151 151 151 -9999 -9999 -9999 -9999 -9999 -9999 -9999 -9999 -9999 -9999 -9999 -9999 -9999 -9999 -9999 -9999 -9999 -9999 -9999 -9999 -9999 -9999 -9999 -9999 -9999 -9999 -9999 -9999 -9999 -9999 -9999 -9999 -9999 -9999 -9999
-9999 29 32 45 57 71 82 93 102 108 113 124 135 143 144 141 142 147 147 144 150 150 150 149 158 162 157 150 153 157 153 142 134 132 132 131 132 131 129 131 135 141 142 142 147 152 152 152 151 151 151 151 151 150 -9999 -9999 -9999 -9999 -9999 -9999 -9999 -9999 -9999 -9999 -9999 -9999 -9999 -9999 -9999 -9999 -9999 -9999 -9999 -9999 -9999 -9999 -9999 -9999 -9999 -9999 -9999 -9999 -9999 -9999 -9999 -9999 -9999 -9999 -9999
-9999 29 32 42 51 62 74 83 94 105 112 124 135 142 136 138 138 140 143 141 139 143 142 143 150 150 149 149 147 145 139 137 128 128 123 121 120 119 121 124 127 129 132 135 141 150 150 150 150 150 150 150 150 150 150 -9999 -9999 -9999 -9999 -9999 -9999 -9999 -9999 -9999 -9999 -9999 -9999 148 148 -9999 -9999 -9999 -9999 -9999 -9999 -9999 -9999 -9999 -9999 -9999 -9999 -9999 -9999 -9999 -9999 -9999 -9999 -9999 -9999
-9999 27 29 36 47 57 66 76 85 92 101 111 123 136 140 136 136 138 138 134 134 140 138 138 139 142 139 135 135 131 124 120 116 117 116 113 112 112 112 115 120 123 124 126 133 143 149 149 150 150 150 150 150 150 149 149 -9999 -9999 -9999 149 148 148 148 148 148 148 148 148 148 148 148 -9999 -9999 -9999 -9999 -9999 -9999 -9999 -9999 -9999 -9999 -9999 -9999 -9999 -9999 -9999 -9999 -9999 -9999
-9999 27 29 34 43 51 59 67 75 82 91 99 109 124 133 138 138 133 129 129 133 138 136 134 134 136 136 126 122 120 118 117 111 108 109 108 107 108 106 106 109 113 117 121 125 136 148 148 149 149 150 149 149 149 149 149 149 149 148 148 148 148 148 148 148 148 148 147 147 147 147 -9999 -9999 -9999 -9999 -9999 -9999 -9999 -9999 -9999 -9999 -9999 -9999 -9999 -9999 -9999 -9999 -9999 -9999
-9999 27 29 33 39 46 52 59 68 74 79 87 98 113 119 119 126 127 123 125 125 127 127 127 126 126 126 121 115 113 113 113 112 109 106 101 102 104 101 100 101 105 110 115 121 130 139 147 148 149 149 149 149 149 149 148 148 148 148 148 148 147 147 147 147 147 147 147 147 147 -9999 -9999 -9999 -9999 -9999 -9999 -9999 -9999 -9999 -9999 -9999 -9999 -9999 -9999 -9999 -9999 -9999 -9999 -9999
-9999 27 29 33 36 42 44 50 60 67 72 77 85 94 98 98 102 109 112 114 116 117 118 118 118 117 113 110 108 107 109 109 104 102 100 99 94 96 97 97 97 99 103 108 117 124 133 142 147 148 149 149 148 148 148 148 148 148 147 -9999 -9999 -9999 147 147 147 147 147 147 147 -9999 -9999 -9999 -9999 -9999 -9999 -9999 -9999 -9999 -9999 -9999 -9999 -9999 -9999 -9999 -9999 -9999 -9999 -9999 -9999
-9999 28 29 32 35 37 40 42 47 55 60 67 74 77 84 90 90 91 88 88 91 97 101 102 100 99 102 102 100 100 102 101 96 93 91 91 93 94 95 97 98 100 104 106 114 121 129 139 146 148 148 148 148 148 148 148 147 147 147 -9999 -9999 -9999 -9999 -9999 -9999 -9999 -9999 -9999 -9999 -9999 -9999 -9999 -9999 -9999 -9999 -9999 -9999 -9999 -9999 -9999 -9999 -9999 -9999 -9999 -9999 -9999 -9999 -9999 -9999
-9999 29 30 32 34 36 38 40 42 45 50 58 65 69 75 78 77 77 74 72 77 81 83 88 86 84 89 95 95 95 93 91 91 90 90 90 90 96 94 95 101 102 107 108 112 120 128 139 146 147 148 148 148 147 147 147 147 147 147 -9999 146 146 146 146 146 -9999 -9999 -9999 -9999 -9999 -9999 -9999 -9999 -9999 -9999 -9999 -9999 -9999 -9999 -9999 -9999 -9999 -9999 -9999 -9999 -9999 -9999 -9999 -9999
-9999 31 31 32 34 36 37 39 40 42 44 48 54 61 64 65 65 63 58 58 64 69 71 74 75 75 76 84 82 79 78 79 81 84 82 85 86 92 93 97 100 103 108 110 113 122 129 137 145 147 148 147 147 147 147 147 146 146 146 146 146 146 146 146 146 146 146 -9999 -9999 -9999 -9999 -9999 -9999 -9999 -9999 -9999 -9999 -9999 -9999 -9999 -9999 -9999 -9999 -9999 -9999 -9999 -9999 -9999 -9999
-9999 32 32 33 34 35 36 37 39 40 41 42 43 45 47 51 51 52 47 43 47 53 56 57 58 59 60 64 74 74 72 73 74 78 77 77 81 87 91 93 100 102 106 107 112 123 130 138 144 146 147 147 147 147 146 146 146 146 146 146 145 145 145 145 145 145 145 145 145 145 145 145 -9999 145 146 146 146 -9999 -9999 -9999 -9999 -9999 -9999 -9999 -9999 -9999 -9999 -9999 -9999
-9999 33 33 34 35 36 37 37 38 39 40 40 41 42 43 42 42 42 41 41 43 49 50 50 49 50 51 54 63 67 67 69 71 71 71 72 78 89 90 94 100 104 106 109 115 122 129 137 144 146 147 146 146 146 146 145 145 145 144 144 144 144 144 144 144 144 144 145 145 145 145 145 146 146 146 146 146 147 147 147 -9999 -9999 -9999 -9999 -9999 -9999 -9999 -9999 -9999
-9999 34 34 35 36 36 37 38 39 39 40 41 41 42 42 41 42 42 42 41 41 46 49 51 47 41 45 51 52 51 55 63 65 68 72 79 88 95 96 97 107 113 108 109 117 125 132 139 144 145 146 145 145 145 144 144 143 143 142 142 142 141 141 142 142 143 143 144 144 145 145 146 146 147 147 147 147 147 147 148 148 148 -9999 -9999 -9999 -9999 -9999 -9999 -9999
-9999 34 35 36 36 37 38 39 39 40 41 41 41 41 41 41 41 41 41 40 41 41 42 43 42 40 43 44 46 43 48 56 58 65 77 89 98 103 99 97 104 111 107 110 119 128 134 140 144 145 145 145 144 143 143 142 142 141 141 140 139 139 139 140 141 141 142 143 144 145 146 146 147 148 149 149 148 148 148 148 148 148 148 -9999 -9999 -9999 -9999 -9999 -9999
-9999 35 36 36 37 38 39 39 40 40 41 41 42 42 42 41 41 40 40 39 39 39 40 40 41 41 41 42 42 45 60 67 72 74 85 98 98 100 99 100 97 105 112 112 119 129 135 141 144 145 145 144 143 142 142 141 140 139 139 138 137 136 137 138 139 140 141 142 144 145 146 147 148 149 150 150 149 149 149 149 149 149 148 148 -9999 -9999 -9999 -9999 -9999
-9999 36 36 37 38 39 40 40 41 42 42 42 43 44 44 44 43 41 40 39 39 38 38 39 39 40 40 41 43 47 59 66 73 80 85 98 105 107 112 114 108 102 108 115 121 131 137 143 144 144 144 143 142 141 140 139 138 137 137 136 135 134 134 136 137 139 140 142 143 145 146 148 149 151 151 151 151 150 150 150 149 149 149 148 148 -9999 -9999 -9999 -9999
-9999 36 37 38 39 40 41 46 49 47 44 43 44 45 46 47 45 44 42 40 39 38 38 38 38 39 39 41 43 45 50 58 71 81 90 103 108 106 111 119 117 112 110 111 123 133 136 144 145 144 143 142 141 140 139 138 137 136 135 134 132 131 132 134 135 137 139 141 143 144 146 148 150 152 152 152 152 151 151 150 150 150 149 149 148 148 -9999 -9999 -9999
-9999 37 38 39 40 40 42 45 48 50 49 46 44 45 46 48 48 47 45 43 40 39 38 38 38 37 38 41 45 51 53 59 68 77 85 97 109 110 113 122 122 125 126 116 118 131 133 144 145 144 142 141 140 139 138 136 135 134 133 131 129 127 129 132 133 134 137 137 141 143 146 149 144 147 154 153 153 152 152 151 151 150 149 149 148 148 147 147 -9999
-9999 38 39 40 40 42 48 52 53 54 54 54 54 54 51 48 45 45 45 44 42 42 41 39 38 38 39 42 48 60 63 63 68 74 83 99 113 109 114 126 127 126 130 126 116 128 135 141 145 143 142 140 139 138 136 135 133 132 131 126 122 122 120 124 127 125 122 128 121 120 114 115 115 130 147 136 154 153 152 152 151 150 150 149 149 148 147 147 143
-9999 38 39 40 40 41 46 52 56 58 59 60 61 64 60 56 51 46 44 44 43 43 43 43 39 38 40 42 46 59 64 67 73 81 89 106 110 107 112 119 127 128 131 132 116 126 137 137 142 143 141 139 138 136 135 133 132 130 129 125 116 114 110 111 113 104 97 93 91 90 78 90 96 98 105 111 128 149 153 152 152 151 150 149 149 148 147 147 138
-9999 37 39 40 41 41 42 43 45 48 48 54 57 63 62 61 59 55 49 45 43 43 44 43 41 39 40 41 44 56 64 65 71 77 83 93 99 97 106 116 122 128 131 128 115 121 133 137 140 140 140 139 137 135 134 132 130 128 126 117 109 101 99 95 86 77 71 68 65 63 64 73 76 75 79 91 93 113 141 153 152 151 151 150 149 148 147 147 147
-9999 36 38 39 39 39 41 41 39 41 42 44 49 55 55 53 52 51 53 52 44 42 44 45 43 41 40 42 43 46 50 56 72 79 81 84 90 90 103 123 123 125 123 122 114 116 130 136 136 136 135 136 136 134 132 130 128 127 125 110 102 94 83 75 65 55 48 49 48 48 51 55 58 59 63 72 82 91 114 152 153 152 151 150 149 148 147 147 147
-9999 39 39 38 39 39 37 38 37 37 37 38 40 42 42 42 42 41 41 44 43 41 41 41 41 40 40 42 44 46 48 50 62 79 77 75 78 85 115 135 132 123 119 119 110 112 123 127 130 130 131 133 135 133 131 129 127 125 116 102 90 79 72 60 51 42 36 36 35 35 40 44 45 46 47 54 61 73 111 139 153 152 151 150 149 148 147 147 120
-9999 41 42 41 42 40 40 39 38 38 38 36 34 33 33 33 34 35 39 40 42 42 41 41 41 40 41 42 44 45 47 48 51 54 55 57 76 84 99 132 141 135 127 122 112 107 114 121 124 121 128 132 135 133 131 129 127 121 105 90 78 69 56 46 37 28 25 25 26 27 31 32 33 32 34 38 43 62 100 129 153 152 151 150 149 148 147 137 108
-9999 44 45 43 43 44 41 40 39 39 38 34 34 33 34 34 34 36 41 40 41 42 42 42 42 42 42 42 44 45 46 47 48 51 53 55 59 70 77 102 124 124 122 101 93 100 105 109 115 118 121 122 -9999 -9999 -9999 -9999 -9999 92 80 76 64 55 43 35 28 24 21 20 21 21 22 23 21 19 18 21 32 50 75 101 141 152 151 150 149 148 139 107 -9999
-9999 49 55 56 55 50 48 44 43 42 44 44 43 34 35 36 36 38 41 42 42 43 44 46 50 48 46 44 44 45 45 46 47 -9999 -9999 -9999 56 60 67 74 90 87 80 76 79 87 94 98 98 102 -9999 -9999 -9999 -9999 -9999 -9999 -9999 56 53 -9999 46 38 32 -9999 -9999 -9999 -9999 -9999 -9999 -9999 20 18 16 14 12 14 19 32 57 81 124 151 151 150 149 145 120 78 -9999
