Humedad_Suelo_ASC/terraclimate_soil_2000.txt
ncols         92
nrows         62
xllcorner     -72.083333333358
yllcorner     17.458333333309
cellsize      0.041666666666657
NODATA_value  -9999
[rows 0 to 39 of 62, columns 0 to 88 of 92]
-9999 -9999 -9999 -9999 -9999 -9999 -9999 -9999 -9999 -9999 -9999 -9999 -9999 -9999 -9999 -9999 -9999 -9999 -9999 -9999 -9999 -9999 -9999 -9999 -9999 -9999 -9999 -9999 -9999 -9999 -9999 -9999 -9999 -9999 -9999 -9999 -9999 -9999 -9999 -9999 -9999 -9999 -9999 -9999 -9999 -9999 -9999 -9999 -9999 -9999 -9999 -9999 -9999 -9999 -9999 -9999 -9999 -9999 -9999 -9999 -9999 -9999 -9999 -9999 -9999 -9999 -9999 -9999 -9999 -9999 -9999 -9999 -9999 -9999 -9999 -9999 -9999 -9999 -9999 -9999 -9999 -9999 -9999 -9999 -9999 -9999 -9999 -9999 -9999
-9999 -9999 -9999 -9999 -9999 -9999 -9999 -9999 -9999 -9999 -9999 -9999 -9999 -9999 -9999 -9999 -9999 -9999 -9999 -9999 -9999 -9999 -9999 -9999 -9999 -9999 -9999 -9999 -9999 -9999 -9999 -9999 -9999 -9999 -9999 -9999 -9999 -9999 -9999 -9999 -9999 -9999 -9999 -9999 -9999 -9999 -9999 -9999 -9999 -9999 -9999 -9999 -9999 -9999 -9999 -9999 -9999 -9999 -9999 -9999 -9999 -9999 -9999 -9999 -9999 -9999 -9999 -9999 -9999 -9999 -9999 -9999 -9999 -9999 -9999 -9999 -9999 -9999 -9999 -9999 -9999 -9999 -9999 -9999 -9999 -9999 -9999 -9999 -9999
-9999 -9999 -9999 -9999 -9999 -9999 -9999 -9999 -9999 -9999 -9999 -9999 -9999 -9999 -9999 -9999 -9999 -9999 -9999 -9999 -9999 -9999 -9999 -9999 193 195 195 -9999 -9999 -9999 -9999 -9999 -9999 -9999 -9999 -9999 -9999 -9999 -9999 -9999 -9999 -9999 -9999 -9999 -9999 -9999 -9999 -9999 -9999 -9999 -9999 -9999 -9999 -9999 -9999 -9999 -9999 -9999 -9999 -9999 -9999 -9999 -9999 -9999 -9999 -9999 -9999 -9999 -9999 -9999 -9999 -9999 -9999 -9999 -9999 -9999 -9999 -9999 -9999 -9999 -9999 -9999 -9999 -9999 -9999 -9999 -9999 -9999 -9999
-9999 -9999 -9999 -9999 -9999 -9999 86 -9999 -9999 -9999 48 46 47 51 51 48 -9999 -9999 -9999 -9999 -9999 -9999 -9999 -9999 189 201 200 198 196 193 191 -9999 -9999 -9999 -9999 -9999 -9999 -9999 -9999 -9999 -9999 -9999 -9999 -9999 -9999 -9999 -9999 -9999 -9999 -9999 -9999 -9999 -9999 -9999 -9999 -9999 -9999 -9999 -9999 -9999 -9999 -9999 -9999 -9999 -9999 -9999 -9999 -9999 -9999 -9999 -9999 -9999 -9999 -9999 -9999 -9999 -9999 -9999 -9999 -9999 -9999 -9999 -9999 -9999 -9999 -9999 -9999 -9999 -9999
-9999 -9999 -9999 -9999 -9999 -9999 -9999 -9999 -9999 43 51 50 44 49 57 54 59 60 63 72 90 100 121 152 175 203 205 203 200 197 194 191 188 -9999 -9999 -9999 -9999 -9999 -9999 -9999 -9999 -9999 -9999 -9999 -9999 -9999 -9999 -9999 -9999 -9999 -9999 -9999 -9999 -9999 -9999 -9999 -9999 -9999 -9999 -9999 -9999 -9999 -9999 -9999 -9999 -9999 -9999 -9999 -9999 -9999 -9999 -9999 -9999 -9999 -9999 -9999 -9999 -9999 -9999 -9999 -9999 -9999 -9999 -9999 -9999 -9999 -9999 -9999 -9999
-9999 -9999 -9999 -9999 -9999 -9999 -9999 36 35 37 38 39 38 41 50 55 64 78 81 86 88 103 117 131 155 182 211 207 204 200 197 194 190 187 -9999 -9999 -9999 -9999 -9999 -9999 -9999 -9999 -9999 -9999 -9999 -9999 -9999 -9999 -9999 -9999 -9999 -9999 -9999 -9999 -9999 -9999 -9999 -9999 -9999 -9999 -9999 -9999 -9999 -9999 -9999 -9999 -9999 -9999 -9999 -9999 -9999 -9999 -9999 -9999 -9999 -9999 -9999 -9999 -9999 -9999 -9999 -9999 -9999 -9999 -9999 -9999 -9999 -9999 -9999
-9999 -9999 -9999 -9999 -9999 -9999 -9999 29 27 27 28 25 24 28 36 45 55 73 83 92 114 156 173 154 163 179 204 212 208 204 200 196 192 188 184 180 177 173 170 169 -9999 -9999 -9999 -9999 -9999 -9999 -9999 -9999 -9999 -9999 -9999 -9999 -9999 -9999 -9999 -9999 -9999 -9999 -9999 -9999 -9999 -9999 -9999 -9999 -9999 -9999 -9999 -9999 -9999 -9999 -9999 -9999 -9999 -9999 -9999 -9999 -9999 -9999 -9999 -9999 -9999 -9999 -9999 -9999 -9999 -9999 -9999 -9999 -9999
-9999 48 44 37 24 15 12 -9999 11 12 12 12 13 13 13 16 27 41 48 61 72 92 132 181 209 195 208 216 212 207 203 198 194 190 185 181 176 172 169 168 167 -9999 -9999 -9999 -9999 -9999 -9999 -9999 -9999 -9999 -9999 -9999 -9999 -9999 -9999 -9999 -9999 -9999 -9999 -9999 -9999 -9999 -9999 -9999 -9999 -9999 -9999 -9999 -9999 -9999 -9999 -9999 -9999 -9999 -9999 -9999 -9999 -9999 -9999 -9999 -9999 -9999 -9999 -9999 -9999 -9999 -9999 -9999 -9999
-9999 47 43 39 26 17 10 10 11 11 12 12 13 13 13 13 14 15 20 29 39 50 65 93 138 196 226 221 216 211 206 201 196 191 186 181 176 171 168 167 166 164 163 -9999 -9999 -9999 -9999 -9999 157 156 155 155 -9999 -9999 -9999 -9999 -9999 -9999 -9999 -9999 -9999 -9999 -9999 -9999 -9999 -9999 -9999 -9999 -9999 -9999 -9999 -9999 -9999 -9999 -9999 -9999 -9999 -9999 -9999 -9999 -9999 -9999 -9999 -9999 -9999 -9999 -9999 -9999 -9999
-9999 49 42 36 26 11 10 10 11 12 13 13 14 14 14 14 14 15 15 16 16 18 25 35 53 82 134 204 220 214 209 203 198 192 187 181 176 170 167 166 165 164 162 161 160 159 -9999 157 156 155 154 154 154 -9999 -9999 -9999 -9999 -9999 -9999 -9999 -9999 -9999 -9999 -9999 -9999 -9999 -9999 -9999 -9999 -9999 -9999 -9999 -9999 -9999 -9999 -9999 -9999 -9999 -9999 -9999 -9999 -9999 -9999 -9999 -9999 -9999 -9999 -9999 -9999
-9999 51 53 39 35 12 10 10 11 12 14 15 16 17 17 17 16 27 21 17 16 17 17 17 19 36 63 99 148 199 212 206 200 194 187 181 175 169 166 165 164 163 161 160 159 158 157 156 155 154 153 153 153 -9999 -9999 -9999 -9999 -9999 -9999 -9999 -9999 -9999 -9999 -9999 -9999 -9999 -9999 -9999 -9999 -9999 -9999 -9999 -9999 -9999 -9999 -9999 -9999 -9999 -9999 -9999 -9999 -9999 -9999 -9999 -9999 -9999 -9999 -9999 -9999
-9999 66 53 46 26 14 10 11 12 14 18 18 18 22 26 21 19 27 37 34 29 22 18 17 17 18 24 53 89 127 172 208 201 195 188 182 175 168 165 164 163 162 161 160 158 157 156 155 154 153 153 153 152 -9999 -9999 -9999 -9999 -9999 -9999 -9999 -9999 -9999 -9999 -9999 -9999 -9999 -9999 -9999 -9999 -9999 -9999 -9999 -9999 -9999 -9999 -9999 -9999 -9999 -9999 -9999 -9999 -9999 -9999 -9999 -9999 -9999 -9999 -9999 -9999
-9999 54 65 56 30 20 18 17 18 20 26 29 27 29 28 26 25 30 34 38 45 39 37 22 18 19 20 35 59 85 113 137 157 194 189 182 175 168 164 163 162 161 160 159 158 157 156 155 154 153 152 152 152 152 -9999 -9999 -9999 -9999 -9999 -9999 -9999 -9999 -9999 -9999 -9999 -9999 -9999 -9999 -9999 -9999 -9999 -9999 -9999 -9999 -9999 -9999 -9999 -9999 -9999 -9999 -9999 -9999 -9999 -9999 -9999 -9999 -9999 -9999 -9999
-9999 40 51 64 52 62 28 30 25 24 31 50 42 35 35 32 31 33 35 37 42 44 46 32 30 26 24 40 72 80 90 103 116 131 153 179 172 165 161 160 160 159 158 157 156 155 155 154 153 152 152 151 151 -9999 -9999 -9999 -9999 -9999 -9999 -9999 -9999 -9999 -9999 -9999 -9999 -9999 -9999 -9999 -9999 -9999 -9999 -9999 -9999 -9999 -9999 -9999 -9999 -9999 -9999 -9999 -9999 -9999 -9999 -9999 -9999 -9999 -9999 -9999 -9999
-9999 40 39 50 57 71 77 49 33 31 34 52 70 56 41 37 41 41 39 41 48 49 53 35 39 39 35 55 98 115 100 86 87 102 119 136 158 161 158 157 156 156 155 155 154 154 153 153 152 152 151 151 151 151 -9999 -9999 -9999 -9999 -9999 -9999 -9999 -9999 -9999 -9999 -9999 -9999 -9999 -9999 -9999 -9999 -9999 -9999 -9999 -9999 -9999 -9999 -9999 -9999 -9999 -9999 -9999 -9999 -9999 -9999 -9999 -9999 -9999 -9999 -9999
-9999 22 25 36 47 64 76 87 82 62 49 58 66 60 51 48 50 65 64 53 68 62 53 48 67 74 53 49 75 109 106 83 77 89 99 111 128 146 154 154 153 153 153 153 152 152 152 152 151 151 151 151 151 150 -9999 -9999 -9999 -9999 -9999 -9999 -9999 -9999 -9999 -9999 -9999 -9999 -9999 -9999 -9999 -9999 -9999 -9999 -9999 -9999 -9999 -9999 -9999 -9999 -9999 -9999 -9999 -9999 -9999 -9999 -9999 -9999 -9999 -9999 -9999
-9999 22 24 30 35 47 62 71 80 96 91 107 115 101 63 69 72 79 88 81 73 79 71 65 83 75 72 86 93 102 94 102 84 104 100 110 126 139 143 150 150 150 150 150 150 150 150 150 150 150 150 150 150 150 150 -9999 -9999 -9999 -9999 -9999 -9999 -9999 -9999 -9999 -9999 -9999 -9999 148 148 -9999 -9999 -9999 -9999 -9999 -9999 -9999 -9999 -9999 -9999 -9999 -9999 -9999 -9999 -9999 -9999 -9999 -9999 -9999 -9999
-9999 19 22 27 33 39 48 58 67 74 83 94 109 123 114 100 99 106 103 90 88 103 92 88 85 90 81 82 93 90 81 79 79 99 105 111 127 142 144 147 147 148 148 148 148 149 149 149 150 150 150 150 150 150 149 149 -9999 -9999 -9999 149 148 148 148 148 148 148 148 148 148 148 148 -9999 -9999 -9999 -9999 -9999 -9999 -9999 -9999 -9999 -9999 -9999 -9999 -9999 -9999 -9999 -9999 -9999 -9999
-9999 19 20 25 30 34 41 50 57 63 72 81 92 108 120 142 142 123 107 108 125 142 119 116 105 113 108 88 85 88 93 103 92 96 114 117 134 145 143 144 144 145 145 146 146 147 148 148 149 149 150 149 149 149 149 149 149 149 148 148 148 148 148 148 148 148 148 147 147 147 147 -9999 -9999 -9999 -9999 -9999 -9999 -9999 -9999 -9999 -9999 -9999 -9999 -9999 -9999 -9999 -9999 -9999 -9999
-9999 20 21 23 27 31 34 41 50 55 59 67 81 98 105 105 125 128 120 123 121 126 125 130 124 120 122 98 91 92 100 110 115 120 124 122 144 141 139 140 141 142 143 144 145 145 146 147 148 149 149 149 149 149 149 148 148 148 148 148 148 147 147 147 147 147 147 147 147 147 -9999 -9999 -9999 -9999 -9999 -9999 -9999 -9999 -9999 -9999 -9999 -9999 -9999 -9999 -9999 -9999 -9999 -9999 -9999
-9999 20 21 23 25 28 29 32 41 49 53 58 67 77 82 82 87 96 108 113 112 114 116 123 125 125 102 96 96 99 111 122 117 121 123 130 130 136 136 137 138 139 140 141 143 144 145 146 147 148 149 149 148 148 148 148 148 148 147 -9999 -9999 -9999 147 147 147 147 147 147 147 -9999 -9999 -9999 -9999 -9999 -9999 -9999 -9999 -9999 -9999 -9999 -9999 -9999 -9999 -9999 -9999 -9999 -9999 -9999 -9999
-9999 21 22 23 25 27 28 30 31 36 41 48 54 58 66 74 74 76 72 71 77 88 97 97 95 94 104 107 104 110 118 120 111 113 116 120 134 132 132 134 135 136 138 139 141 142 143 145 146 148 148 148 148 148 148 148 147 147 147 -9999 -9999 -9999 -9999 -9999 -9999 -9999 -9999 -9999 -9999 -9999 -9999 -9999 -9999 -9999 -9999 -9999 -9999 -9999 -9999 -9999 -9999 -9999 -9999 -9999 -9999 -9999 -9999 -9999 -9999
-9999 22 22 24 25 26 28 29 30 32 34 39 46 51 58 62 61 61 58 56 64 69 73 81 76 72 84 105 112 117 118 105 109 118 123 125 128 128 129 130 132 134 135 137 139 140 142 144 146 147 148 148 148 147 147 147 147 147 147 -9999 146 146 146 146 146 -9999 -9999 -9999 -9999 -9999 -9999 -9999 -9999 -9999 -9999 -9999 -9999 -9999 -9999 -9999 -9999 -9999 -9999 -9999 -9999 -9999 -9999 -9999 -9999
-9999 23 23 24 25 26 27 28 29 30 31 33 36 43 46 49 49 47 42 42 51 58 62 66 67 68 74 96 90 89 83 87 95 107 108 113 123 124 125 127 129 131 133 135 137 139 141 143 145 147 148 147 147 147 147 147 146 146 146 146 146 146 146 146 146 146 146 -9999 -9999 -9999 -9999 -9999 -9999 -9999 -9999 -9999 -9999 -9999 -9999 -9999 -9999 -9999 -9999 -9999 -9999 -9999 -9999 -9999 -9999
-9999 23 24 25 25 26 27 27 28 29 30 31 31 32 33 35 35 37 32 31 33 39 45 48 49 53 56 67 88 88 86 90 96 109 103 100 116 120 121 124 126 128 130 133 135 137 139 142 144 146 147 147 147 147 146 146 146 146 146 146 145 145 145 145 145 145 145 145 145 145 145 145 -9999 145 146 146 146 -9999 -9999 -9999 -9999 -9999 -9999 -9999 -9999 -9999 -9999 -9999 -9999
-9999 24 24 25 26 26 27 27 28 29 29 30 30 31 31 31 30 30 30 29 31 37 39 41 40 41 43 44 67 78 78 82 88 89 86 83 105 121 122 124 127 129 131 133 135 137 139 141 144 146 147 146 146 146 146 145 145 145 144 144 144 144 144 144 144 144 144 145 145 145 145 145 146 146 146 146 146 147 147 147 -9999 -9999 -9999 -9999 -9999 -9999 -9999 -9999 -9999
-9999 25 25 25 26 27 27 28 28 29 29 30 30 31 31 30 31 30 30 29 30 33 38 40 36 30 34 41 42 39 46 60 59 67 77 95 122 127 128 130 131 133 134 136 137 139 141 142 144 145 146 145 145 145 144 144 143 143 142 142 142 141 141 142 142 143 143 144 144 145 145 146 146 147 147 147 147 147 147 148 148 148 -9999 -9999 -9999 -9999 -9999 -9999 -9999
-9999 25 25 26 26 27 28 28 29 29 30 30 31 30 30 30 31 30 30 28 29 30 30 30 30 28 32 33 33 27 30 36 33 54 83 117 132 133 134 135 136 137 138 139 140 141 142 143 144 145 145 145 144 143 143 142 142 141 141 140 139 139 139 140 141 141 142 143 144 145 146 146 147 148 149 149 148 148 148 148 148 148 148 -9999 -9999 -9999 -9999 -9999 -9999
-9999 26 26 26 27 27 28 29 29 30 30 30 31 31 31 30 30 28 27 26 26 26 27 26 27 26 28 27 29 31 49 59 67 67 98 133 137 139 140 140 140 141 141 142 142 143 143 144 144 145 145 144 143 142 142 141 140 139 139 138 137 136 137 138 139 140 141 142 144 145 146 147 148 149 150 150 149 149 149 149 149 149 148 148 -9999 -9999 -9999 -9999 -9999
-9999 26 27 27 28 28 29 29 30 30 30 31 31 32 32 32 31 29 27 25 24 23 23 24 23 23 23 23 25 31 49 57 68 81 88 122 140 144 145 145 145 145 145 145 145 145 145 145 144 144 144 143 142 141 140 139 138 137 137 136 129 134 134 136 137 139 140 142 143 145 146 148 149 151 151 151 151 150 150 150 149 149 149 148 148 -9999 -9999 -9999 -9999
-9999 26 27 28 28 29 29 31 35 33 31 31 32 32 33 34 33 32 30 26 24 23 23 23 23 23 22 23 24 26 31 46 65 78 96 125 139 131 144 150 150 149 148 148 147 147 146 145 145 144 143 142 141 140 139 138 137 136 122 120 114 113 120 119 125 127 125 126 132 139 142 148 150 152 152 152 152 151 151 150 150 150 149 149 148 148 -9999 -9999 -9999
-9999 27 28 28 29 29 30 31 33 34 34 33 33 33 34 34 34 33 32 31 25 23 22 22 22 21 21 22 27 35 31 48 59 69 80 110 137 121 135 156 154 153 152 151 150 148 147 146 145 144 142 141 140 139 138 136 128 127 116 109 104 102 107 111 108 109 112 111 115 118 132 135 128 129 144 153 153 152 152 151 151 150 149 149 148 148 147 147 -9999
-9999 28 28 29 29 30 35 40 40 40 40 39 38 38 36 35 34 33 33 32 28 26 24 22 21 21 22 22 28 48 50 37 55 62 73 102 138 119 124 161 159 157 156 154 152 150 149 147 145 143 142 140 139 138 136 135 125 121 113 100 92 93 90 94 97 93 90 95 101 105 110 116 113 121 132 135 154 153 152 152 151 150 150 149 149 148 147 147 147
-9999 25 29 29 29 30 31 38 44 46 47 48 50 53 48 41 36 34 32 31 28 29 28 27 22 21 22 23 24 35 51 54 62 71 82 116 124 103 111 134 164 161 159 157 154 152 150 148 145 143 141 139 138 136 135 133 128 120 111 100 89 87 84 83 82 81 84 86 91 94 96 103 109 114 119 130 146 154 153 152 152 151 150 149 149 148 147 147 147
-9999 17 20 23 28 30 30 31 31 32 32 39 42 51 50 48 47 41 35 32 26 25 27 25 22 21 22 23 23 28 33 34 42 49 53 85 73 53 75 118 146 165 163 160 157 154 151 148 145 143 140 139 137 135 134 132 129 116 104 89 84 76 75 74 76 78 81 81 83 88 95 99 104 110 114 125 136 143 154 153 152 151 151 150 149 148 147 147 147
-9999 16 17 19 19 20 26 27 16 21 21 26 34 39 40 38 35 32 38 37 29 23 26 28 25 22 21 23 23 25 26 28 35 54 40 40 44 41 55 125 137 159 166 163 155 156 152 149 146 142 140 138 136 134 132 130 124 111 106 89 81 73 69 70 71 71 73 77 80 86 90 96 103 107 115 124 137 144 153 154 153 152 151 150 149 148 147 147 147
-9999 21 18 17 19 16 10 12 8 8 8 8 13 22 21 19 21 13 15 22 21 19 20 21 20 21 22 23 24 25 26 27 29 36 37 35 36 39 74 154 153 143 147 157 150 154 154 150 146 142 139 137 135 133 131 129 121 108 98 86 73 66 66 66 68 70 70 72 77 81 86 94 99 105 109 117 127 138 155 155 153 152 151 150 149 148 147 147 147
-9999 30 25 23 27 20 19 12 8 8 8 8 8 8 8 8 8 8 8 9 11 18 19 19 20 21 22 23 24 24 26 26 28 29 30 32 37 39 52 154 179 174 162 160 149 141 154 150 146 142 139 137 135 133 131 129 120 104 88 80 70 65 63 66 66 65 68 70 75 78 85 90 95 101 106 110 119 136 154 155 153 152 151 150 149 148 147 147 147
-9999 31 32 32 32 32 20 14 8 8 8 8 8 8 8 8 8 8 8 9 9 14 17 19 22 23 23 23 23 24 25 26 27 28 29 30 32 37 42 77 147 156 161 123 112 129 137 138 146 142 140 137 -9999 -9999 -9999 -9999 -9999 94 81 75 70 65 64 64 65 62 66 68 71 78 83 87 87 87 91 104 118 134 147 154 153 152 151 150 149 148 147 147 -9999
-9999 35 41 43 40 35 34 24 19 10 17 20 9 8 8 8 8 8 9 9 11 14 19 23 32 34 28 25 24 24 25 26 27 -9999 -9999 -9999 32 36 39 46 75 80 83 84 92 108 121 121 116 119 -9999 -9999 -9999 -9999 -9999 -9999 -9999 70 67 -9999 65 61 58 -9999 -9999 -9999 -9999 -9999 -9999 -9999 76 74 70 68 70 87 110 124 136 151 152 151 151 150 149 148 147 144 -9999
