Humedad_Suelo_ASC/terraclimate_soil_1961.txt
ncols         92
nrows         62
xllcorner     -72.083333333358
yllcorner     17.458333333309
cellsize      0.041666666666657
NODATA_value  -9999
[rows 0 to 39 of 62, columns 0 to 90 of 92]
-9999 -9999 -9999 -9999 -9999 -9999 -9999 -9999 -9999 -9999 -9999 -9999 -9999 -9999 -9999 -9999 -9999 -9999 -9999 -9999 -9999 -9999 -9999 -9999 -9999 -9999 -9999 -9999 -9999 -9999 -9999 -9999 -9999 -9999 -9999 -9999 -9999 -9999 -9999 -9999 -9999 -9999 -9999 -9999 -9999 -9999 -9999 -9999 -9999 -9999 -9999 -9999 -9999 -9999 -9999 -9999 -9999 -9999 -9999 -9999 -9999 -9999 -9999 -9999 -9999 -9999 -9999 -9999 -9999 -9999 -9999 -9999 -9999 -9999 -9999 -9999 -9999 -9999 -9999 -9999 -9999 -9999 -9999 -9999 -9999 -9999 -9999 -9999 -9999 -9999 -9999
-9999 -9999 -9999 -9999 -9999 -9999 -9999 -9999 -9999 -9999 -9999 -9999 -9999 -9999 -9999 -9999 -9999 -9999 -9999 -9999 -9999 -9999 -9999 -9999 -9999 -9999 -9999 -9999 -9999 -9999 -9999 -9999 -9999 -9999 -9999 -9999 -9999 -9999 -9999 -9999 -9999 -9999 -9999 -9999 -9999 -9999 -9999 -9999 -9999 -9999 -9999 -9999 -9999 -9999 -9999 -9999 -9999 -9999 -9999 -9999 -9999 -9999 -9999 -9999 -9999 -9999 -9999 -9999 -9999 -9999 -9999 -9999 -9999 -9999 -9999 -9999 -9999 -9999 -9999 -9999 -9999 -9999 -9999 -9999 -9999 -9999 -9999 -9999 -9999 -9999 -9999
-9999 -9999 -9999 -9999 -9999 -9999 -9999 -9999 -9999 -9999 -9999 -9999 -9999 -9999 -9999 -9999 -9999 -9999 -9999 -9999 -9999 -9999 -9999 -9999 154 158 158 -9999 -9999 -9999 -9999 -9999 -9999 -9999 -9999 -9999 -9999 -9999 -9999 -9999 -9999 -9999 -9999 -9999 -9999 -9999 -9999 -9999 -9999 -9999 -9999 -9999 -9999 -9999 -9999 -9999 -9999 -9999 -9999 -9999 -9999 -9999 -9999 -9999 -9999 -9999 -9999 -9999 -9999 -9999 -9999 -9999 -9999 -9999 -9999 -9999 -9999 -9999 -9999 -9999 -9999 -9999 -9999 -9999 -9999 -9999 -9999 -9999 -9999 -9999 -9999
-9999 -9999 -9999 -9999 -9999 -9999 96 -9999 -9999 -9999 44 39 42 46 45 46 -9999 -9999 -9999 -9999 -9999 -9999 -9999 -9999 160 164 166 165 165 164 163 -9999 -9999 -9999 -9999 -9999 -9999 -9999 -9999 -9999 -9999 -9999 -9999 -9999 -9999 -9999 -9999 -9999 -9999 -9999 -9999 -9999 -9999 -9999 -9999 -9999 -9999 -9999 -9999 -9999 -9999 -9999 -9999 -9999 -9999 -9999 -9999 -9999 -9999 -9999 -9999 -9999 -9999 -9999 -9999 -9999 -9999 -9999 -9999 -9999 -9999 -9999 -9999 -9999 -9999 -9999 -9999 -9999 -9999 -9999 -9999
-9999 -9999 -9999 -9999 -9999 -9999 -9999 -9999 -9999 44 46 44 44 48 55 52 55 54 62 68 100 126 156 160 164 168 170 169 169 169 167 164 163 -9999 -9999 -9999 -9999 -9999 -9999 -9999 -9999 -9999 -9999 -9999 -9999 -9999 -9999 -9999 -9999 -9999 -9999 -9999 -9999 -9999 -9999 -9999 -9999 -9999 -9999 -9999 -9999 -9999 -9999 -9999 -9999 -9999 -9999 -9999 -9999 -9999 -9999 -9999 -9999 -9999 -9999 -9999 -9999 -9999 -9999 -9999 -9999 -9999 -9999 -9999 -9999 -9999 -9999 -9999 -9999 -9999 -9999
-9999 -9999 -9999 -9999 -9999 -9999 -9999 38 39 42 44 45 45 46 50 57 73 89 97 94 100 133 160 164 168 172 174 173 174 174 172 170 167 165 -9999 -9999 -9999 -9999 -9999 -9999 -9999 -9999 -9999 -9999 -9999 -9999 -9999 -9999 -9999 -9999 -9999 -9999 -9999 -9999 -9999 -9999 -9999 -9999 -9999 -9999 -9999 -9999 -9999 -9999 -9999 -9999 -9999 -9999 -9999 -9999 -9999 -9999 -9999 -9999 -9999 -9999 -9999 -9999 -9999 -9999 -9999 -9999 -9999 -9999 -9999 -9999 -9999 -9999 -9999 -9999 -9999
-9999 -9999 -9999 -9999 -9999 -9999 -9999 36 36 35 35 36 39 45 49 51 59 83 94 113 141 170 173 173 175 177 178 177 176 176 174 171 170 167 165 162 159 156 152 150 -9999 -9999 -9999 -9999 -9999 -9999 -9999 -9999 -9999 -9999 -9999 -9999 -9999 -9999 -9999 -9999 -9999 -9999 -9999 -9999 -9999 -9999 -9999 -9999 -9999 -9999 -9999 -9999 -9999 -9999 -9999 -9999 -9999 -9999 -9999 -9999 -9999 -9999 -9999 -9999 -9999 -9999 -9999 -9999 -9999 -9999 -9999 -9999 -9999 -9999 -9999
-9999 61 63 69 51 40 35 -9999 29 30 30 29 29 32 34 36 41 52 59 73 91 119 174 180 184 184 183 180 178 176 174 169 167 167 165 162 158 155 151 149 148 -9999 -9999 -9999 -9999 -9999 -9999 -9999 -9999 -9999 -9999 -9999 -9999 -9999 -9999 -9999 -9999 -9999 -9999 -9999 -9999 -9999 -9999 -9999 -9999 -9999 -9999 -9999 -9999 -9999 -9999 -9999 -9999 -9999 -9999 -9999 -9999 -9999 -9999 -9999 -9999 -9999 -9999 -9999 -9999 -9999 -9999 -9999 -9999 -9999 -9999
-9999 54 57 65 58 41 36 29 25 24 23 24 25 26 28 26 31 40 44 50 56 70 97 141 183 189 191 186 181 177 174 170 167 164 161 158 154 149 147 148 146 143 143 -9999 -9999 -9999 -9999 -9999 131 131 129 128 -9999 -9999 -9999 -9999 -9999 -9999 -9999 -9999 -9999 -9999 -9999 -9999 -9999 -9999 -9999 -9999 -9999 -9999 -9999 -9999 -9999 -9999 -9999 -9999 -9999 -9999 -9999 -9999 -9999 -9999 -9999 -9999 -9999 -9999 -9999 -9999 -9999 -9999 -9999
-9999 49 51 60 68 42 40 37 34 36 37 35 34 30 30 29 27 31 33 37 41 49 57 68 91 129 187 187 185 179 175 170 166 162 157 153 149 145 145 146 144 143 142 141 138 136 -9999 131 132 132 132 131 127 -9999 -9999 -9999 -9999 -9999 -9999 -9999 -9999 -9999 -9999 -9999 -9999 -9999 -9999 -9999 -9999 -9999 -9999 -9999 -9999 -9999 -9999 -9999 -9999 -9999 -9999 -9999 -9999 -9999 -9999 -9999 -9999 -9999 -9999 -9999 -9999 -9999 -9999
-9999 43 47 56 66 65 56 46 49 51 61 53 52 47 43 39 33 50 38 33 33 35 42 48 58 69 105 149 180 179 176 171 167 163 157 151 146 141 138 140 139 140 139 139 137 135 133 131 131 131 132 134 128 -9999 -9999 -9999 -9999 -9999 -9999 -9999 -9999 -9999 -9999 -9999 -9999 -9999 -9999 -9999 -9999 -9999 -9999 -9999 -9999 -9999 -9999 -9999 -9999 -9999 -9999 -9999 -9999 -9999 -9999 -9999 -9999 -9999 -9999 -9999 -9999 -9999 -9999
-9999 39 41 52 62 72 78 63 66 74 85 83 66 70 76 51 41 51 79 54 41 39 38 40 44 51 65 93 132 176 174 172 169 164 159 153 145 138 134 134 133 134 136 135 133 132 133 132 130 129 129 129 126 -9999 -9999 -9999 -9999 -9999 -9999 -9999 -9999 -9999 -9999 -9999 -9999 -9999 -9999 -9999 -9999 -9999 -9999 -9999 -9999 -9999 -9999 -9999 -9999 -9999 -9999 -9999 -9999 -9999 -9999 -9999 -9999 -9999 -9999 -9999 -9999 -9999 -9999
-9999 31 36 48 58 70 82 89 92 97 119 132 119 114 85 62 54 61 69 69 87 58 50 38 41 47 53 67 83 106 135 166 161 159 155 150 146 140 134 132 131 133 132 131 131 133 133 131 128 128 126 125 123 122 -9999 -9999 -9999 -9999 -9999 -9999 -9999 -9999 -9999 -9999 -9999 -9999 -9999 -9999 -9999 -9999 -9999 -9999 -9999 -9999 -9999 -9999 -9999 -9999 -9999 -9999 -9999 -9999 -9999 -9999 -9999 -9999 -9999 -9999 -9999 -9999 -9999
-9999 28 33 47 59 72 82 95 96 100 118 145 149 150 134 104 82 78 81 73 80 76 79 42 44 45 48 59 82 92 99 113 136 148 145 141 138 135 133 131 130 133 131 129 129 130 129 129 128 126 125 125 122 -9999 -9999 -9999 -9999 -9999 -9999 -9999 -9999 -9999 -9999 -9999 -9999 -9999 -9999 -9999 -9999 -9999 -9999 -9999 -9999 -9999 -9999 -9999 -9999 -9999 -9999 -9999 -9999 -9999 -9999 -9999 -9999 -9999 -9999 -9999 -9999 -9999 -9999
-9999 30 34 47 60 72 85 95 95 101 111 134 149 154 147 131 137 124 104 95 111 104 112 44 52 52 52 61 139 163 103 86 93 106 124 131 127 123 122 125 127 129 126 125 126 126 126 127 126 126 125 124 122 122 -9999 -9999 -9999 -9999 -9999 -9999 -9999 -9999 -9999 -9999 -9999 -9999 -9999 -9999 -9999 -9999 -9999 -9999 -9999 -9999 -9999 -9999 -9999 -9999 -9999 -9999 -9999 -9999 -9999 -9999 -9999 -9999 -9999 -9999 -9999 -9999 -9999
-9999 31 35 47 59 71 83 94 105 111 112 123 135 142 139 136 139 146 148 138 154 142 123 83 122 129 81 59 96 148 136 80 71 81 92 105 119 115 113 115 117 121 122 122 123 125 125 123 123 124 124 123 122 120 -9999 -9999 -9999 -9999 -9999 -9999 -9999 -9999 -9999 -9999 -9999 -9999 -9999 -9999 -9999 -9999 -9999 -9999 -9999 -9999 -9999 -9999 -9999 -9999 -9999 -9999 -9999 -9999 -9999 -9999 -9999 -9999 -9999 -9999 -9999 -9999 -9999
-9999 33 36 47 55 68 80 87 100 110 114 127 141 146 132 136 137 142 147 145 142 149 142 130 146 128 118 128 134 133 114 115 76 97 82 88 96 103 108 109 111 112 115 117 118 120 124 125 122 121 122 123 122 120 119 -9999 -9999 -9999 -9999 -9999 -9999 -9999 -9999 -9999 -9999 -9999 -9999 134 132 -9999 -9999 -9999 -9999 -9999 -9999 -9999 -9999 -9999 -9999 -9999 -9999 -9999 -9999 -9999 -9999 -9999 -9999 -9999 -9999 -9999 -9999
-9999 29 31 38 49 59 68 77 86 91 100 112 127 144 144 137 138 144 145 139 139 151 150 150 150 151 129 117 125 117 98 77 70 96 89 81 87 92 103 104 105 107 108 110 112 114 117 119 119 119 121 122 121 119 118 117 -9999 -9999 -9999 125 126 127 127 127 129 132 139 139 138 130 130 -9999 -9999 -9999 -9999 -9999 -9999 -9999 -9999 -9999 -9999 -9999 -9999 -9999 -9999 -9999 -9999 -9999 -9999 -9999 -9999
-9999 29 31 34 42 51 58 66 72 78 87 96 108 127 140 144 144 141 134 136 142 144 143 142 142 142 141 131 117 115 113 116 98 97 104 98 91 91 100 99 100 102 103 105 107 110 112 114 116 118 118 120 118 118 118 118 121 123 123 125 127 129 129 129 131 135 138 142 138 131 130 -9999 -9999 -9999 -9999 -9999 -9999 -9999 -9999 -9999 -9999 -9999 -9999 -9999 -9999 -9999 -9999 -9999 -9999 -9999 -9999
-9999 27 29 34 37 43 47 55 64 68 72 80 98 117 127 128 133 134 131 133 132 133 133 133 133 132 130 126 122 119 117 115 112 109 106 102 93 99 97 96 95 97 99 101 103 105 107 109 112 115 118 118 117 116 115 116 119 120 121 123 125 126 127 127 130 133 136 136 135 134 -9999 -9999 -9999 -9999 -9999 -9999 -9999 -9999 -9999 -9999 -9999 -9999 -9999 -9999 -9999 -9999 -9999 -9999 -9999 -9999 -9999
-9999 24 27 32 36 39 40 44 55 65 67 71 82 93 97 96 103 115 121 122 122 123 123 123 122 121 119 116 114 112 110 109 105 102 100 97 94 94 93 93 92 93 95 97 99 100 102 104 108 111 113 113 114 113 113 113 113 114 115 -9999 -9999 -9999 121 123 126 129 133 131 130 -9999 -9999 -9999 -9999 -9999 -9999 -9999 -9999 -9999 -9999 -9999 -9999 -9999 -9999 -9999 -9999 -9999 -9999 -9999 -9999 -9999 -9999
-9999 23 24 28 32 35 38 40 43 47 50 59 66 70 79 89 89 93 89 89 95 106 111 110 109 108 108 106 105 103 103 102 98 95 93 91 91 90 90 91 91 91 94 95 96 97 99 102 104 108 109 110 110 109 109 108 109 110 111 -9999 -9999 -9999 -9999 -9999 -9999 -9999 -9999 -9999 -9999 -9999 -9999 -9999 -9999 -9999 -9999 -9999 -9999 -9999 -9999 -9999 -9999 -9999 -9999 -9999 -9999 -9999 -9999 -9999 -9999 -9999 -9999
-9999 24 25 27 30 33 35 37 39 41 44 49 57 62 71 75 75 76 71 70 78 86 92 99 96 92 97 98 97 95 94 92 91 90 89 88 88 88 86 88 90 90 93 94 94 96 98 101 104 107 109 109 109 109 109 108 108 109 109 -9999 111 113 115 118 119 -9999 -9999 -9999 -9999 -9999 -9999 -9999 -9999 -9999 -9999 -9999 -9999 -9999 -9999 -9999 -9999 -9999 -9999 -9999 -9999 -9999 -9999 -9999 -9999 -9999 -9999
-9999 28 26 28 30 31 33 35 37 38 40 43 46 55 58 62 60 58 52 52 63 73 78 82 85 86 86 88 86 84 84 83 84 84 83 83 84 85 84 85 87 89 91 94 94 96 97 99 103 105 108 109 109 109 109 109 109 109 110 111 112 114 116 118 118 118 117 -9999 -9999 -9999 -9999 -9999 -9999 -9999 -9999 -9999 -9999 -9999 -9999 -9999 -9999 -9999 -9999 -9999 -9999 -9999 -9999 -9999 -9999 -9999 -9999
-9999 28 27 29 30 31 32 33 35 36 37 38 40 41 43 45 45 47 44 42 43 50 57 62 65 67 69 75 77 77 76 77 77 79 78 78 79 80 80 82 85 87 89 91 92 96 97 99 102 105 106 106 108 108 106 107 107 108 110 111 112 114 116 117 117 116 116 115 115 117 118 120 -9999 125 124 124 124 -9999 -9999 -9999 -9999 -9999 -9999 -9999 -9999 -9999 -9999 -9999 -9999 -9999 -9999
-9999 29 29 30 31 32 33 33 35 35 36 36 36 37 38 38 39 40 39 39 42 47 50 52 51 52 56 59 71 73 73 74 75 76 76 76 78 81 81 83 85 88 89 92 94 96 97 98 102 105 104 104 105 106 105 105 105 106 107 107 109 111 112 114 114 115 115 116 118 119 121 123 126 128 129 129 130 128 125 126 -9999 -9999 -9999 -9999 -9999 -9999 -9999 -9999 -9999 -9999 -9999
-9999 31 31 32 32 33 33 34 35 35 36 36 36 36 36 36 37 38 37 36 39 42 47 48 45 40 42 53 55 51 59 74 75 77 79 82 85 87 87 86 90 94 92 93 96 97 98 99 102 104 103 102 102 103 102 102 101 101 102 101 102 104 107 109 110 110 111 112 114 118 123 126 129 130 132 135 137 137 133 131 128 126 -9999 -9999 -9999 -9999 -9999 -9999 -9999 -9999 -9999
-9999 31 31 32 33 34 34 35 36 36 36 36 36 36 36 35 36 36 36 35 36 38 40 41 41 39 42 42 43 37 42 56 46 70 84 89 92 93 91 90 92 95 95 96 98 100 100 101 102 103 102 101 99 100 100 98 97 97 97 96 97 99 100 102 104 105 106 107 109 111 117 123 125 128 131 133 138 147 142 139 134 129 126 -9999 -9999 -9999 -9999 -9999 -9999 -9999 -9999
-9999 32 32 33 34 35 35 36 37 36 36 36 36 37 37 36 35 35 32 29 27 28 30 27 32 32 38 33 40 43 62 73 79 83 92 97 97 97 95 94 93 96 99 99 100 101 101 101 101 101 100 99 97 96 95 93 92 93 93 91 90 91 93 96 98 99 101 103 104 104 109 113 116 121 123 126 130 138 146 144 139 134 120 109 -9999 -9999 -9999 -9999 -9999 -9999 -9999
-9999 33 33 34 35 36 37 38 39 39 38 38 38 39 40 39 37 36 30 26 24 23 22 22 21 22 20 21 26 44 59 70 81 90 95 103 105 104 103 103 101 98 100 102 103 103 102 102 102 99 98 97 95 93 91 90 89 88 87 86 84 86 86 89 92 94 95 98 99 101 103 107 109 114 118 121 125 131 142 148 148 139 132 105 94 -9999 -9999 -9999 -9999 -9999 -9999
-9999 33 33 34 36 38 39 40 42 42 41 40 40 41 42 43 42 40 37 27 23 21 21 20 20 20 18 20 23 27 42 54 75 88 98 109 110 109 109 109 108 104 103 103 104 105 103 103 101 99 97 95 94 91 89 85 83 82 79 76 77 75 76 79 82 84 88 89 92 98 95 88 85 90 116 119 121 127 137 145 146 144 141 124 101 88 -9999 -9999 -9999 -9999 -9999
-9999 34 35 36 37 38 39 40 41 42 42 42 41 42 43 43 43 43 41 38 25 22 19 18 18 17 16 18 29 46 42 54 67 79 90 105 114 113 113 114 113 112 112 107 104 104 103 103 101 98 96 93 91 89 86 80 76 74 71 70 68 68 69 72 74 76 79 81 84 74 66 63 58 63 91 88 119 123 129 136 142 147 145 140 128 95 79 70 -9999 -9999 -9999
-9999 35 36 37 38 39 41 42 43 43 44 44 44 44 44 42 41 41 41 39 28 26 22 19 15 15 15 17 28 55 57 49 62 70 82 106 118 113 117 118 118 117 117 113 106 104 103 102 100 98 95 92 89 87 82 76 72 71 69 65 63 62 63 66 69 70 71 63 52 50 46 46 46 56 67 56 90 99 104 128 134 141 143 142 141 123 87 70 60 -9999 -9999
-9999 34 35 36 37 39 41 43 45 47 48 49 51 55 50 45 43 41 39 36 28 29 28 25 17 14 16 17 19 46 58 60 68 78 89 112 113 105 112 119 121 120 119 117 108 105 103 100 98 95 92 90 87 82 77 74 70 68 67 63 60 59 59 61 61 48 44 44 43 43 39 43 43 44 46 45 47 60 69 94 111 131 139 141 141 142 113 80 60 50 -9999
-9999 18 22 32 35 37 37 38 40 41 41 44 45 51 51 49 48 45 43 40 24 23 25 22 17 14 15 15 17 25 40 40 53 63 66 89 93 55 72 111 122 121 120 117 110 105 103 100 96 92 89 87 82 78 76 72 69 67 65 60 57 54 53 43 41 40 38 37 37 35 34 38 40 40 42 43 39 43 53 76 97 115 122 122 124 132 131 107 84 52 39
-9999 16 16 18 16 17 35 35 4 20 19 33 42 44 45 44 43 43 44 44 28 20 23 25 22 16 14 15 15 17 20 23 37 70 47 42 47 36 51 123 124 123 120 118 111 106 104 100 95 90 85 80 78 74 70 68 67 64 61 56 53 43 39 38 36 33 31 30 28 27 29 30 31 32 36 39 37 35 40 60 78 94 107 109 108 116 119 105 76 47 -9999
-9999 25 17 11 14 4 4 4 4 4 4 4 10 21 18 16 18 12 13 18 16 14 14 15 13 14 14 14 14 15 16 17 23 35 35 29 29 31 76 135 132 121 117 118 104 101 103 99 93 86 80 75 70 69 69 66 63 61 56 47 40 37 35 33 31 28 25 24 23 22 22 21 23 24 26 29 31 32 38 53 72 84 88 96 97 106 107 84 56 48 -9999
-9999 37 36 32 36 14 8 4 3 4 4 4 4 4 4 4 4 5 8 10 12 13 13 13 13 13 14 13 13 14 14 13 16 19 20 22 30 31 46 127 136 131 124 119 102 92 94 93 88 79 77 73 71 66 66 66 62 57 44 40 36 34 32 29 25 21 17 16 17 17 18 18 17 17 18 20 23 27 34 45 61 75 82 88 89 95 91 63 50 -9999 -9999
-9999 39 40 39 39 39 10 4 4 3 4 4 4 4 4 4 4 5 10 10 11 12 13 13 15 15 14 13 13 12 12 12 13 15 17 19 24 27 31 69 117 118 116 90 80 81 81 81 78 77 74 68 -9999 -9999 -9999 -9999 -9999 42 39 37 34 31 28 24 21 16 13 13 13 13 13 13 11 9 7 9 15 22 27 33 51 71 77 87 86 80 63 48 -9999 -9999 -9999
-9999 41 43 45 43 42 41 24 9 4 9 14 7 4 4 4 4 7 9 11 11 12 14 17 29 33 23 16 13 13 13 13 14 -9999 -9999 -9999 21 25 28 33 61 66 68 66 68 72 73 72 68 67 -9999 -9999 -9999 -9999 -9999 -9999 -9999 36 34 -9999 30 26 24 -9999 -9999 -9999 -9999 -9999 -9999 -9999 12 10 8 5 5 5 9 16 25 30 42 59 68 65 64 63 51 33 -9999 -9999 -9999
