Humedad_Suelo_ASC/terraclimate_soil_1990.txt
ncols         92
nrows         62
xllcorner     -72.083333333358
yllcorner     17.458333333309
cellsize      0.041666666666657
NODATA_value  -9999
[rows 0 to 40 of 62, columns 0 to 91 of 92]
-9999 -9999 -9999 -9999 -9999 -9999 -9999 -9999 -9999 -9999 -9999 -9999 -9999 -9999 -9999 -9999 -9999 -9999 -9999 -9999 -9999 -9999 -9999 -9999 -9999 -9999 -9999 -9999 -9999 -9999 -9999 -9999 -9999 -9999 -9999 -9999 -9999 -9999 -9999 -9999 -9999 -9999 -9999 -9999 -9999 -9999 -9999 -9999 -9999 -9999 -9999 -9999 -9999 -9999 -9999 -9999 -9999 -9999 -9999 -9999 -9999 -9999 -9999 -9999 -9999 -9999 -9999 -9999 -9999 -9999 -9999 -9999 -9999 -9999 -9999 -9999 -9999 -9999 -9999 -9999 -9999 -9999 -9999 -9999 -9999 -9999 -9999 -9999 -9999 -9999 -9999 -9999
-9999 -9999 -9999 -9999 -9999 -9999 -9999 -9999 -9999 -9999 -9999 -9999 -9999 -9999 -9999 -9999 -9999 -9999 -9999 -9999 -9999 -9999 -9999 -9999 -9999 -9999 -9999 -9999 -9999 -9999 -9999 -9999 -9999 -9999 -9999 -9999 -9999 -9999 -9999 -9999 -9999 -9999 -9999 -9999 -9999 -9999 -9999 -9999 -9999 -9999 -9999 -9999 -9999 -9999 -9999 -9999 -9999 -9999 -9999 -9999 -9999 -9999 -9999 -9999 -9999 -9999 -9999 -9999 -9999 -9999 -9999 -9999 -9999 -9999 -9999 -9999 -9999 -9999 -9999 -9999 -9999 -9999 -9999 -9999 -9999 -9999 -9999 -9999 -9999 -9999 -9999 -9999
-9999 -9999 -9999 -9999 -9999 -9999 -9999 -9999 -9999 -9999 -9999 -9999 -9999 -9999 -9999 -9999 -9999 -9999 -9999 -9999 -9999 -9999 -9999 -9999 145 162 176 -9999 -9999 -9999 -9999 -9999 -9999 -9999 -9999 -9999 -9999 -9999 -9999 -9999 -9999 -9999 -9999 -9999 -9999 -9999 -9999 -9999 -9999 -9999 -9999 -9999 -9999 -9999 -9999 -9999 -9999 -9999 -9999 -9999 -9999 -9999 -9999 -9999 -9999 -9999 -9999 -9999 -9999 -9999 -9999 -9999 -9999 -9999 -9999 -9999 -9999 -9999 -9999 -9999 -9999 -9999 -9999 -9999 -9999 -9999 -9999 -9999 -9999 -9999 -9999 -9999
-9999 -9999 -9999 -9999 -9999 -9999 85 -9999 -9999 -9999 36 34 34 36 35 35 -9999 -9999 -9999 -9999 -9999 -9999 -9999 -9999 143 170 194 198 196 193 191 -9999 -9999 -9999 -9999 -9999 -9999 -9999 -9999 -9999 -9999 -9999 -9999 -9999 -9999 -9999 -9999 -9999 -9999 -9999 -9999 -9999 -9999 -9999 -9999 -9999 -9999 -9999 -9999 -9999 -9999 -9999 -9999 -9999 -9999 -9999 -9999 -9999 -9999 -9999 -9999 -9999 -9999 -9999 -9999 -9999 -9999 -9999 -9999 -9999 -9999 -9999 -9999 -9999 -9999 -9999 -9999 -9999 -9999 -9999 -9999 -9999
-9999 -9999 -9999 -9999 -9999 -9999 -9999 -9999 -9999 40 40 35 33 36 38 36 38 38 43 48 66 81 100 119 137 165 195 203 200 197 194 191 188 -9999 -9999 -9999 -9999 -9999 -9999 -9999 -9999 -9999 -9999 -9999 -9999 -9999 -9999 -9999 -9999 -9999 -9999 -9999 -9999 -9999 -9999 -9999 -9999 -9999 -9999 -9999 -9999 -9999 -9999 -9999 -9999 -9999 -9999 -9999 -9999 -9999 -9999 -9999 -9999 -9999 -9999 -9999 -9999 -9999 -9999 -9999 -9999 -9999 -9999 -9999 -9999 -9999 -9999 -9999 -9999 -9999 -9999 -9999
-9999 -9999 -9999 -9999 -9999 -9999 -9999 32 34 35 36 36 34 33 34 39 46 55 58 58 60 79 96 113 128 145 175 200 204 200 197 194 190 187 -9999 -9999 -9999 -9999 -9999 -9999 -9999 -9999 -9999 -9999 -9999 -9999 -9999 -9999 -9999 -9999 -9999 -9999 -9999 -9999 -9999 -9999 -9999 -9999 -9999 -9999 -9999 -9999 -9999 -9999 -9999 -9999 -9999 -9999 -9999 -9999 -9999 -9999 -9999 -9999 -9999 -9999 -9999 -9999 -9999 -9999 -9999 -9999 -9999 -9999 -9999 -9999 -9999 -9999 -9999 -9999 -9999 -9999
-9999 -9999 -9999 -9999 -9999 -9999 -9999 31 30 27 26 25 27 32 34 35 39 51 56 64 76 100 113 113 122 137 157 186 208 204 200 196 192 188 184 180 177 173 170 169 -9999 -9999 -9999 -9999 -9999 -9999 -9999 -9999 -9999 -9999 -9999 -9999 -9999 -9999 -9999 -9999 -9999 -9999 -9999 -9999 -9999 -9999 -9999 -9999 -9999 -9999 -9999 -9999 -9999 -9999 -9999 -9999 -9999 -9999 -9999 -9999 -9999 -9999 -9999 -9999 -9999 -9999 -9999 -9999 -9999 -9999 -9999 -9999 -9999 -9999 -9999 -9999
-9999 64 54 47 36 30 26 -9999 22 21 20 17 15 17 18 18 21 31 36 42 52 63 86 114 128 131 142 168 186 206 203 190 194 190 185 181 176 172 169 168 167 -9999 -9999 -9999 -9999 -9999 -9999 -9999 -9999 -9999 -9999 -9999 -9999 -9999 -9999 -9999 -9999 -9999 -9999 -9999 -9999 -9999 -9999 -9999 -9999 -9999 -9999 -9999 -9999 -9999 -9999 -9999 -9999 -9999 -9999 -9999 -9999 -9999 -9999 -9999 -9999 -9999 -9999 -9999 -9999 -9999 -9999 -9999 -9999 -9999 -9999 -9999
-9999 65 58 54 39 31 24 17 13 12 11 9 9 9 9 8 10 17 20 25 31 37 50 73 99 129 147 143 155 163 179 180 191 191 186 181 176 171 168 167 166 164 163 -9999 -9999 -9999 -9999 -9999 157 156 155 155 -9999 -9999 -9999 -9999 -9999 -9999 -9999 -9999 -9999 -9999 -9999 -9999 -9999 -9999 -9999 -9999 -9999 -9999 -9999 -9999 -9999 -9999 -9999 -9999 -9999 -9999 -9999 -9999 -9999 -9999 -9999 -9999 -9999 -9999 -9999 -9999 -9999 -9999 -9999 -9999
-9999 70 63 51 39 28 23 19 13 11 10 10 11 10 11 10 9 10 9 10 13 20 29 36 45 62 93 120 138 137 140 143 144 163 172 181 176 170 167 166 165 164 162 161 160 159 -9999 157 156 155 154 154 154 -9999 -9999 -9999 -9999 -9999 -9999 -9999 -9999 -9999 -9999 -9999 -9999 -9999 -9999 -9999 -9999 -9999 -9999 -9999 -9999 -9999 -9999 -9999 -9999 -9999 -9999 -9999 -9999 -9999 -9999 -9999 -9999 -9999 -9999 -9999 -9999 -9999 -9999 -9999
-9999 69 72 52 48 29 25 18 17 14 14 12 13 13 12 12 11 14 12 11 10 10 11 16 26 32 46 66 93 116 126 123 131 142 143 151 160 169 166 165 164 163 161 160 159 158 157 156 155 154 153 153 153 -9999 -9999 -9999 -9999 -9999 -9999 -9999 -9999 -9999 -9999 -9999 -9999 -9999 -9999 -9999 -9999 -9999 -9999 -9999 -9999 -9999 -9999 -9999 -9999 -9999 -9999 -9999 -9999 -9999 -9999 -9999 -9999 -9999 -9999 -9999 -9999 -9999 -9999 -9999
-9999 66 65 58 35 29 23 16 14 12 13 14 14 15 15 13 13 14 17 15 13 12 11 11 10 16 27 38 53 70 90 112 131 139 151 151 133 133 141 152 150 159 161 160 158 157 156 155 154 153 153 153 152 -9999 -9999 -9999 -9999 -9999 -9999 -9999 -9999 -9999 -9999 -9999 -9999 -9999 -9999 -9999 -9999 -9999 -9999 -9999 -9999 -9999 -9999 -9999 -9999 -9999 -9999 -9999 -9999 -9999 -9999 -9999 -9999 -9999 -9999 -9999 -9999 -9999 -9999 -9999
-9999 53 60 69 35 29 25 21 14 12 14 15 16 17 16 15 14 15 16 16 18 16 15 12 11 12 13 23 29 36 49 59 74 93 119 132 139 145 130 127 126 145 160 156 153 157 156 155 154 153 152 152 149 149 -9999 -9999 -9999 -9999 -9999 -9999 -9999 -9999 -9999 -9999 -9999 -9999 -9999 -9999 -9999 -9999 -9999 -9999 -9999 -9999 -9999 -9999 -9999 -9999 -9999 -9999 -9999 -9999 -9999 -9999 -9999 -9999 -9999 -9999 -9999 -9999 -9999 -9999
-9999 47 54 70 51 55 28 26 17 12 14 20 18 17 17 17 16 16 16 16 17 17 18 14 13 12 12 14 22 26 29 33 40 48 62 77 99 120 131 123 131 159 152 139 150 155 155 154 153 152 152 151 151 -9999 -9999 -9999 -9999 -9999 -9999 -9999 -9999 -9999 -9999 -9999 -9999 -9999 -9999 -9999 -9999 -9999 -9999 -9999 -9999 -9999 -9999 -9999 -9999 -9999 -9999 -9999 -9999 -9999 -9999 -9999 -9999 -9999 -9999 -9999 -9999 -9999 -9999 -9999
-9999 49 52 67 68 67 53 30 17 13 14 18 20 19 17 17 17 17 17 17 18 18 19 14 15 15 14 16 25 31 26 21 22 26 34 41 55 69 89 112 127 143 133 126 135 149 153 153 152 152 151 151 151 151 -9999 -9999 -9999 -9999 -9999 -9999 -9999 -9999 -9999 -9999 -9999 -9999 -9999 -9999 -9999 -9999 -9999 -9999 -9999 -9999 -9999 -9999 -9999 -9999 -9999 -9999 -9999 -9999 -9999 -9999 -9999 -9999 -9999 -9999 -9999 -9999 -9999 -9999
-9999 41 42 49 53 61 57 56 38 25 16 18 19 19 17 16 17 18 18 17 18 18 18 17 19 20 17 15 18 24 24 16 13 14 20 24 30 41 48 60 81 107 120 123 139 152 152 152 151 151 151 151 151 150 -9999 -9999 -9999 -9999 -9999 -9999 -9999 -9999 -9999 -9999 -9999 -9999 -9999 -9999 -9999 -9999 -9999 -9999 -9999 -9999 -9999 -9999 -9999 -9999 -9999 -9999 -9999 -9999 -9999 -9999 -9999 -9999 -9999 -9999 -9999 -9999 -9999 -9999
-9999 37 39 47 44 48 51 45 46 41 29 32 36 26 18 18 18 18 20 18 17 18 18 18 19 19 18 19 19 19 17 17 14 15 14 15 18 20 29 38 48 60 76 92 110 139 150 150 150 150 150 150 150 150 150 -9999 -9999 -9999 -9999 -9999 -9999 -9999 -9999 -9999 -9999 -9999 -9999 148 148 -9999 -9999 -9999 -9999 -9999 -9999 -9999 -9999 -9999 -9999 -9999 -9999 -9999 -9999 -9999 -9999 -9999 -9999 -9999 -9999 -9999 -9999 -9999
-9999 27 29 35 40 43 42 40 38 34 34 36 39 48 29 22 22 24 23 20 19 23 19 19 19 19 18 17 18 17 15 14 13 15 14 14 14 15 19 23 28 35 42 55 76 101 134 149 150 150 150 150 150 150 149 149 -9999 -9999 -9999 149 148 148 148 148 148 148 148 148 148 148 148 -9999 -9999 -9999 -9999 -9999 -9999 -9999 -9999 -9999 -9999 -9999 -9999 -9999 -9999 -9999 -9999 -9999 -9999 -9999 -9999 -9999
-9999 26 28 32 38 39 37 37 35 33 32 30 33 43 56 71 49 31 23 24 32 60 29 28 23 25 19 17 16 16 16 16 14 14 14 14 14 15 15 15 17 22 27 35 48 74 104 138 149 149 150 149 149 149 149 149 149 149 148 148 148 148 148 148 148 148 148 147 147 147 147 -9999 -9999 -9999 -9999 -9999 -9999 -9999 -9999 -9999 -9999 -9999 -9999 -9999 -9999 -9999 -9999 -9999 -9999 -9999 -9999 -9999
-9999 23 27 32 36 36 35 35 35 32 27 26 37 48 73 63 68 50 33 48 50 93 48 72 34 30 26 17 16 15 16 16 15 15 15 14 14 20 15 14 15 18 24 30 43 64 86 116 148 149 149 149 149 149 149 148 148 148 148 148 148 147 147 147 147 147 147 147 147 147 -9999 -9999 -9999 -9999 -9999 -9999 -9999 -9999 -9999 -9999 -9999 -9999 -9999 -9999 -9999 -9999 -9999 -9999 -9999 -9999 -9999 -9999
-9999 20 23 30 35 36 34 32 35 36 31 28 31 38 38 32 35 70 72 82 109 130 105 133 134 76 19 18 17 16 17 16 14 14 14 14 13 15 16 15 16 19 22 28 39 54 78 99 138 148 149 149 148 148 148 148 148 148 147 -9999 -9999 -9999 147 147 147 147 147 147 147 -9999 -9999 -9999 -9999 -9999 -9999 -9999 -9999 -9999 -9999 -9999 -9999 -9999 -9999 -9999 -9999 -9999 -9999 -9999 -9999 -9999 -9999 -9999
-9999 20 21 25 30 32 31 25 25 27 24 25 24 25 30 38 34 56 39 38 65 107 114 114 98 28 64 32 17 20 18 15 14 13 13 13 14 16 20 21 20 22 27 32 42 57 80 108 139 148 148 148 148 148 148 148 147 147 147 -9999 -9999 -9999 -9999 -9999 -9999 -9999 -9999 -9999 -9999 -9999 -9999 -9999 -9999 -9999 -9999 -9999 -9999 -9999 -9999 -9999 -9999 -9999 -9999 -9999 -9999 -9999 -9999 -9999 -9999 -9999 -9999 -9999
-9999 22 22 24 25 25 26 24 21 21 21 25 26 26 33 36 35 41 30 31 79 86 92 100 94 35 82 113 90 55 22 14 14 13 13 14 17 24 22 26 35 32 41 50 61 73 93 136 146 147 148 148 148 147 147 147 147 147 147 -9999 146 146 146 146 146 -9999 -9999 -9999 -9999 -9999 -9999 -9999 -9999 -9999 -9999 -9999 -9999 -9999 -9999 -9999 -9999 -9999 -9999 -9999 -9999 -9999 -9999 -9999 -9999 -9999 -9999 -9999
-9999 27 24 26 23 23 25 22 20 20 22 23 24 29 28 35 31 25 20 20 51 76 81 85 87 86 90 103 43 14 12 12 12 13 14 14 21 31 30 43 54 63 77 96 96 103 120 137 145 147 148 147 147 147 147 147 146 146 146 146 146 146 146 146 146 146 146 -9999 -9999 -9999 -9999 -9999 -9999 -9999 -9999 -9999 -9999 -9999 -9999 -9999 -9999 -9999 -9999 -9999 -9999 -9999 -9999 -9999 -9999 -9999 -9999 -9999
-9999 28 26 28 26 22 23 20 24 23 21 20 18 17 18 24 22 27 17 14 23 35 60 65 67 72 73 79 94 59 40 22 27 39 16 13 15 27 29 55 81 99 124 133 129 137 139 139 144 146 146 147 147 147 146 146 146 146 146 146 145 145 145 145 145 145 145 145 111 94 85 81 -9999 74 60 44 36 -9999 -9999 -9999 -9999 -9999 -9999 -9999 -9999 -9999 -9999 -9999 -9999 -9999 -9999 -9999
-9999 29 29 29 27 22 23 25 25 25 22 18 14 9 10 8 9 12 8 8 21 40 52 56 54 53 60 40 79 80 77 58 53 30 12 12 14 26 28 67 107 129 131 133 135 137 139 141 144 146 137 140 146 146 146 145 145 145 144 144 144 144 144 144 144 144 144 145 145 129 118 109 106 94 80 66 53 38 25 21 -9999 -9999 -9999 -9999 -9999 -9999 -9999 -9999 -9999 -9999 -9999 -9999
-9999 31 31 31 23 24 30 28 24 23 20 16 10 8 8 8 8 8 8 7 8 16 21 24 29 11 18 49 29 10 19 20 18 13 14 26 71 44 29 74 131 133 134 136 137 139 141 142 144 145 137 130 137 139 135 133 130 128 128 130 129 137 141 142 142 143 143 144 144 145 145 146 126 106 89 90 91 81 48 29 20 18 -9999 -9999 -9999 -9999 -9999 -9999 -9999 -9999 -9999 -9999
-9999 31 32 25 19 20 24 34 33 28 22 17 9 8 8 8 8 8 7 7 7 7 8 9 11 7 17 14 12 8 8 9 9 16 27 24 34 38 32 68 127 137 138 139 140 141 142 143 144 145 134 130 123 125 131 119 113 111 108 106 111 117 120 122 125 128 125 125 114 119 138 146 133 128 119 107 130 148 96 59 32 18 16 -9999 -9999 -9999 -9999 -9999 -9999 -9999 -9999 -9999
-9999 32 33 22 20 20 22 32 35 28 22 17 10 8 8 8 8 8 8 7 7 7 7 7 7 7 7 7 8 8 31 48 40 57 103 123 46 26 28 32 63 141 141 142 142 143 143 144 144 137 131 123 112 110 105 96 92 97 94 89 89 91 96 101 104 103 105 110 95 78 84 70 64 86 79 71 80 92 134 78 46 23 16 16 -9999 -9999 -9999 -9999 -9999 -9999 -9999 -9999
-9999 32 34 32 36 37 38 39 37 33 24 21 17 14 16 11 8 8 8 8 7 7 7 7 7 7 7 7 8 9 25 48 86 97 102 120 131 77 43 48 43 90 145 145 145 145 145 145 144 134 124 117 107 100 91 83 80 78 76 75 73 77 76 79 84 85 86 77 57 47 41 38 36 41 43 48 53 55 108 95 88 29 18 15 15 -9999 -9999 -9999 -9999 -9999 -9999 -9999
-9999 22 27 35 37 38 40 47 52 49 37 27 22 21 23 25 19 10 8 8 8 8 7 7 7 7 7 8 8 8 9 15 81 95 107 124 133 53 55 56 59 68 102 141 147 147 146 145 145 136 121 113 105 96 85 77 73 71 64 62 60 60 62 63 66 54 45 40 38 33 30 28 28 27 36 32 32 56 80 88 78 43 25 16 15 14 -9999 -9999 -9999 -9999 -9999 -9999
-9999 31 36 37 38 39 40 41 45 49 43 32 25 22 26 26 24 23 13 8 8 8 8 7 7 7 7 8 8 11 9 20 30 80 96 116 96 28 36 54 64 79 104 139 149 148 137 146 145 132 119 108 99 90 78 71 65 62 57 54 52 52 52 41 34 31 31 29 28 28 26 25 25 25 29 27 31 33 43 52 68 71 36 20 16 14 13 12 -9999 -9999 -9999 -9999
-9999 36 37 38 39 41 52 56 56 56 55 47 38 34 26 21 16 12 12 8 8 8 8 8 7 7 7 8 8 16 14 10 15 23 41 113 113 28 28 54 67 83 111 142 136 149 138 140 141 135 118 104 93 83 75 66 59 57 54 49 46 44 34 28 27 27 27 27 26 26 24 24 24 26 27 24 27 26 24 29 35 41 31 22 20 16 13 12 11 -9999 -9999 -9999
-9999 7 33 35 38 40 45 57 64 66 67 67 69 73 64 34 23 12 8 8 8 8 8 8 7 7 7 8 8 10 17 16 25 32 62 124 53 22 22 38 62 86 96 110 124 141 145 129 129 119 110 99 87 78 70 63 57 54 51 46 37 30 26 25 24 24 24 24 24 24 22 23 24 24 24 23 22 22 22 22 22 24 22 21 21 19 15 12 11 10 -9999 -9999
-9999 6 7 7 8 20 20 22 13 17 10 26 33 70 42 37 40 28 14 8 8 8 8 8 7 7 7 7 8 9 10 10 11 13 13 23 18 15 16 23 47 66 83 94 119 129 134 125 115 104 98 88 80 74 68 60 55 51 46 32 28 25 23 23 22 22 21 21 21 21 21 22 23 23 23 23 21 20 20 20 19 19 19 19 19 18 17 12 11 10 9 -9999
-9999 6 6 6 6 7 8 8 6 8 8 8 10 18 17 16 9 9 10 12 8 8 8 8 8 8 7 7 7 8 9 9 11 16 12 12 13 13 15 33 36 55 64 75 92 111 123 119 106 95 85 78 73 67 61 57 53 42 33 26 24 22 21 20 20 20 19 20 20 19 20 21 21 22 22 22 21 19 19 19 18 19 19 18 17 16 15 12 11 9 -9999 -9999
-9999 7 6 6 6 5 4 4 4 4 4 4 7 8 8 7 8 6 7 8 7 7 7 7 7 7 7 7 7 8 8 8 10 11 12 11 11 12 17 54 51 38 47 64 79 102 111 106 97 88 79 71 63 56 52 47 38 31 26 24 22 20 19 19 19 18 18 18 18 18 19 20 20 20 20 20 20 19 19 18 18 18 18 18 17 16 15 12 10 10 -9999 -9999
-9999 16 8 8 8 7 6 4 4 4 4 4 4 4 4 4 4 4 4 4 4 6 6 6 6 7 7 7 7 7 8 8 8 9 9 10 11 12 14 63 90 80 63 65 52 67 95 94 83 70 68 58 48 37 35 35 29 25 24 22 20 19 18 18 17 17 16 16 17 17 18 18 18 18 18 18 18 18 19 19 19 19 18 18 17 16 15 12 10 -9999 -9999 -9999
-9999 41 37 27 21 12 7 4 4 4 4 4 4 4 4 4 4 4 4 4 4 4 4 6 7 7 7 7 7 7 7 7 8 8 9 9 10 11 12 18 56 59 63 27 26 39 46 49 51 46 39 33 -9999 -9999 -9999 -9999 -9999 23 22 21 19 19 18 17 17 16 15 15 16 15 16 16 15 14 13 14 15 17 18 18 19 19 19 19 17 15 13 12 -9999 -9999 -9999 -9999
-9999 50 58 60 55 34 12 8 7 4 7 8 5 4 4 4 4 4 4 4 4 4 5 7 9 9 9 8 7 7 7 7 8 -9999 -9999 -9999 10 10 11 12 18 18 18 19 22 25 28 30 29 29 -9999 -9999 -9999 -9999 -9999 -9999 -9999 21 20 -9999 19 18 17 -9999 -9999 -9999 -9999 -9999 -9999 -9999 15 14 13 11 10 10 12 15 16 17 18 19 18 17 16 16 16 11 -9999 -9999 -9999 -9999
-9999 75 78 77 71 63 63 65 36 14 10 9 9 7 4 4 4 4 4 4 4 4 5 7 8 10 11 9 7 7 7 7 8 -9999 -9999 -9999 10 10 10 10 11 13 16 16 17 18 20 22 22 -9999 -9999 -9999 -9999 -9999 -9999 -9999 -9999 -9999 -9999 -9999 -9999 -9999 -9999 -9999 -9999 -9999 -9999 -9999 -9999 -9999 -9999 -9999 -9999 10 9 -9999 -9999 13 15 17 17 18 18 17 14 14 14 14 -9999 -9999 -9999 -9999
