Humedad_Suelo_ASC/terraclimate_soil_1959.txt
ncols         92
nrows         62
xllcorner     -72.083333333358
yllcorner     17.458333333309
cellsize      0.041666666666657
NODATA_value  -9999
[rows 0 to 39 of 62, columns 0 to 89 of 92]
-9999 -9999 -9999 -9999 -9999 -9999 -9999 -9999 -9999 -9999 -9999 -9999 -9999 -9999 -9999 -9999 -9999 -9999 -9999 -9999 -9999 -9999 -9999 -9999 -9999 -9999 -9999 -9999 -9999 -9999 -9999 -9999 -9999 -9999 -9999 -9999 -9999 -9999 -9999 -9999 -9999 -9999 -9999 -9999 -9999 -9999 -9999 -9999 -9999 -9999 -9999 -9999 -9999 -9999 -9999 -9999 -9999 -9999 -9999 -9999 -9999 -9999 -9999 -9999 -9999 -9999 -9999 -9999 -9999 -9999 -9999 -9999 -9999 -9999 -9999 -9999 -9999 -9999 -9999 -9999 -9999 -9999 -9999 -9999 -9999 -9999 -9999 -9999 -9999 -9999
-9999 -9999 -9999 -9999 -9999 -9999 -9999 -9999 -9999 -9999 -9999 -9999 -9999 -9999 -9999 -9999 -9999 -9999 -9999 -9999 -9999 -9999 -9999 -9999 -9999 -9999 -9999 -9999 -9999 -9999 -9999 -9999 -9999 -9999 -9999 -9999 -9999 -9999 -9999 -9999 -9999 -9999 -9999 -9999 -9999 -9999 -9999 -9999 -9999 -9999 -9999 -9999 -9999 -9999 -9999 -9999 -9999 -9999 -9999 -9999 -9999 -9999 -9999 -9999 -9999 -9999 -9999 -9999 -9999 -9999 -9999 -9999 -9999 -9999 -9999 -9999 -9999 -9999 -9999 -9999 -9999 -9999 -9999 -9999 -9999 -9999 -9999 -9999 -9999 -9999
-9999 -9999 -9999 -9999 -9999 -9999 -9999 -9999 -9999 -9999 -9999 -9999 -9999 -9999 -9999 -9999 -9999 -9999 -9999 -9999 -9999 -9999 -9999 -9999 72 91 105 -9999 -9999 -9999 -9999 -9999 -9999 -9999 -9999 -9999 -9999 -9999 -9999 -9999 -9999 -9999 -9999 -9999 -9999 -9999 -9999 -9999 -9999 -9999 -9999 -9999 -9999 -9999 -9999 -9999 -9999 -9999 -9999 -9999 -9999 -9999 -9999 -9999 -9999 -9999 -9999 -9999 -9999 -9999 -9999 -9999 -9999 -9999 -9999 -9999 -9999 -9999 -9999 -9999 -9999 -9999 -9999 -9999 -9999 -9999 -9999 -9999 -9999 -9999
-9999 -9999 -9999 -9999 -9999 -9999 32 -9999 -9999 -9999 10 5 5 8 7 8 -9999 -9999 -9999 -9999 -9999 -9999 -9999 -9999 76 107 125 132 142 149 153 -9999 -9999 -9999 -9999 -9999 -9999 -9999 -9999 -9999 -9999 -9999 -9999 -9999 -9999 -9999 -9999 -9999 -9999 -9999 -9999 -9999 -9999 -9999 -9999 -9999 -9999 -9999 -9999 -9999 -9999 -9999 -9999 -9999 -9999 -9999 -9999 -9999 -9999 -9999 -9999 -9999 -9999 -9999 -9999 -9999 -9999 -9999 -9999 -9999 -9999 -9999 -9999 -9999 -9999 -9999 -9999 -9999 -9999 -9999
-9999 -9999 -9999 -9999 -9999 -9999 -9999 -9999 -9999 13 13 13 15 18 21 20 20 17 17 17 22 31 39 53 73 98 124 139 154 166 169 166 176 -9999 -9999 -9999 -9999 -9999 -9999 -9999 -9999 -9999 -9999 -9999 -9999 -9999 -9999 -9999 -9999 -9999 -9999 -9999 -9999 -9999 -9999 -9999 -9999 -9999 -9999 -9999 -9999 -9999 -9999 -9999 -9999 -9999 -9999 -9999 -9999 -9999 -9999 -9999 -9999 -9999 -9999 -9999 -9999 -9999 -9999 -9999 -9999 -9999 -9999 -9999 -9999 -9999 -9999 -9999 -9999 -9999
-9999 -9999 -9999 -9999 -9999 -9999 -9999 16 16 16 16 16 17 18 21 23 26 28 28 25 25 33 40 54 69 87 111 133 159 187 190 192 190 187 -9999 -9999 -9999 -9999 -9999 -9999 -9999 -9999 -9999 -9999 -9999 -9999 -9999 -9999 -9999 -9999 -9999 -9999 -9999 -9999 -9999 -9999 -9999 -9999 -9999 -9999 -9999 -9999 -9999 -9999 -9999 -9999 -9999 -9999 -9999 -9999 -9999 -9999 -9999 -9999 -9999 -9999 -9999 -9999 -9999 -9999 -9999 -9999 -9999 -9999 -9999 -9999 -9999 -9999 -9999 -9999
-9999 -9999 -9999 -9999 -9999 -9999 -9999 16 17 17 18 18 18 19 21 21 24 29 30 37 46 89 106 87 90 98 117 140 156 181 200 196 192 188 184 180 177 173 170 169 -9999 -9999 -9999 -9999 -9999 -9999 -9999 -9999 -9999 -9999 -9999 -9999 -9999 -9999 -9999 -9999 -9999 -9999 -9999 -9999 -9999 -9999 -9999 -9999 -9999 -9999 -9999 -9999 -9999 -9999 -9999 -9999 -9999 -9999 -9999 -9999 -9999 -9999 -9999 -9999 -9999 -9999 -9999 -9999 -9999 -9999 -9999 -9999 -9999 -9999
-9999 41 30 24 17 16 17 -9999 17 18 19 19 20 21 21 21 22 24 25 28 29 41 67 115 138 120 125 139 155 171 183 188 193 190 185 181 176 172 169 168 167 -9999 -9999 -9999 -9999 -9999 -9999 -9999 -9999 -9999 -9999 -9999 -9999 -9999 -9999 -9999 -9999 -9999 -9999 -9999 -9999 -9999 -9999 -9999 -9999 -9999 -9999 -9999 -9999 -9999 -9999 -9999 -9999 -9999 -9999 -9999 -9999 -9999 -9999 -9999 -9999 -9999 -9999 -9999 -9999 -9999 -9999 -9999 -9999 -9999
-9999 35 30 28 18 16 16 18 19 20 21 22 22 23 23 23 23 24 24 24 26 29 31 46 86 131 173 169 159 166 170 174 180 188 186 181 176 171 168 167 166 164 163 -9999 -9999 -9999 -9999 -9999 157 156 155 155 -9999 -9999 -9999 -9999 -9999 -9999 -9999 -9999 -9999 -9999 -9999 -9999 -9999 -9999 -9999 -9999 -9999 -9999 -9999 -9999 -9999 -9999 -9999 -9999 -9999 -9999 -9999 -9999 -9999 -9999 -9999 -9999 -9999 -9999 -9999 -9999 -9999 -9999
-9999 37 31 27 19 16 17 18 20 22 25 28 31 31 31 29 27 27 26 25 25 26 26 28 30 35 77 141 170 161 158 155 159 167 166 163 164 170 167 166 165 164 162 161 160 159 -9999 157 156 155 154 154 154 -9999 -9999 -9999 -9999 -9999 -9999 -9999 -9999 -9999 -9999 -9999 -9999 -9999 -9999 -9999 -9999 -9999 -9999 -9999 -9999 -9999 -9999 -9999 -9999 -9999 -9999 -9999 -9999 -9999 -9999 -9999 -9999 -9999 -9999 -9999 -9999 -9999
-9999 40 45 30 31 19 20 21 24 27 34 36 40 44 44 43 40 50 44 38 31 28 27 26 27 29 35 48 89 131 147 156 166 166 167 153 144 152 163 165 164 163 161 160 159 158 157 156 155 154 153 153 153 -9999 -9999 -9999 -9999 -9999 -9999 -9999 -9999 -9999 -9999 -9999 -9999 -9999 -9999 -9999 -9999 -9999 -9999 -9999 -9999 -9999 -9999 -9999 -9999 -9999 -9999 -9999 -9999 -9999 -9999 -9999 -9999 -9999 -9999 -9999 -9999 -9999
-9999 43 45 55 30 26 26 27 30 35 41 44 46 52 56 50 47 52 60 55 50 45 39 31 28 28 31 36 43 60 93 122 149 158 171 165 164 153 148 152 156 158 161 160 158 157 156 155 154 153 153 153 152 -9999 -9999 -9999 -9999 -9999 -9999 -9999 -9999 -9999 -9999 -9999 -9999 -9999 -9999 -9999 -9999 -9999 -9999 -9999 -9999 -9999 -9999 -9999 -9999 -9999 -9999 -9999 -9999 -9999 -9999 -9999 -9999 -9999 -9999 -9999 -9999 -9999
-9999 34 40 52 38 38 38 38 39 43 56 62 58 63 60 56 54 56 59 60 67 59 56 46 38 37 35 41 43 43 45 49 67 94 128 144 164 162 154 142 148 155 156 154 154 157 156 155 154 153 152 151 148 148 -9999 -9999 -9999 -9999 -9999 -9999 -9999 -9999 -9999 -9999 -9999 -9999 -9999 -9999 -9999 -9999 -9999 -9999 -9999 -9999 -9999 -9999 -9999 -9999 -9999 -9999 -9999 -9999 -9999 -9999 -9999 -9999 -9999 -9999 -9999 -9999
-9999 29 36 51 62 75 67 75 55 51 76 118 99 80 72 63 59 58 59 59 61 62 63 51 49 47 42 47 51 46 42 39 40 42 56 75 102 130 151 145 151 156 154 151 153 154 155 154 153 152 151 151 148 -9999 -9999 -9999 -9999 -9999 -9999 -9999 -9999 -9999 -9999 -9999 -9999 -9999 -9999 -9999 -9999 -9999 -9999 -9999 -9999 -9999 -9999 -9999 -9999 -9999 -9999 -9999 -9999 -9999 -9999 -9999 -9999 -9999 -9999 -9999 -9999 -9999
-9999 32 33 45 57 69 81 78 76 76 83 113 128 124 88 71 74 67 59 59 63 63 65 50 52 52 47 49 61 61 45 35 34 33 34 37 52 70 93 126 147 151 148 147 147 148 149 151 152 152 151 150 148 147 -9999 -9999 -9999 -9999 -9999 -9999 -9999 -9999 -9999 -9999 -9999 -9999 -9999 -9999 -9999 -9999 -9999 -9999 -9999 -9999 -9999 -9999 -9999 -9999 -9999 -9999 -9999 -9999 -9999 -9999 -9999 -9999 -9999 -9999 -9999 -9999
-9999 27 28 38 50 64 73 85 90 91 94 104 116 122 106 92 91 105 98 78 91 79 64 54 62 63 51 46 48 55 48 36 31 32 31 31 33 39 51 71 94 126 143 143 144 147 148 146 147 149 149 149 148 145 -9999 -9999 -9999 -9999 -9999 -9999 -9999 -9999 -9999 -9999 -9999 -9999 -9999 -9999 -9999 -9999 -9999 -9999 -9999 -9999 -9999 -9999 -9999 -9999 -9999 -9999 -9999 -9999 -9999 -9999 -9999 -9999 -9999 -9999 -9999 -9999
-9999 28 29 35 42 55 65 73 83 92 97 110 123 127 115 117 118 121 125 113 95 96 79 68 72 58 52 52 51 48 42 39 33 35 31 31 30 31 36 48 64 83 104 128 137 140 146 148 145 144 146 148 146 145 144 -9999 -9999 -9999 -9999 -9999 -9999 -9999 -9999 -9999 -9999 -9999 -9999 148 148 -9999 -9999 -9999 -9999 -9999 -9999 -9999 -9999 -9999 -9999 -9999 -9999 -9999 -9999 -9999 -9999 -9999 -9999 -9999 -9999 -9999
-9999 27 29 33 38 48 57 64 73 77 86 97 111 126 126 120 120 124 124 119 119 128 103 93 81 76 55 47 46 42 37 33 30 34 32 31 31 29 31 37 51 64 78 97 122 133 136 140 139 141 144 145 145 143 142 140 -9999 -9999 -9999 149 148 148 148 148 148 148 148 148 148 148 148 -9999 -9999 -9999 -9999 -9999 -9999 -9999 -9999 -9999 -9999 -9999 -9999 -9999 -9999 -9999 -9999 -9999 -9999 -9999
-9999 26 28 32 36 42 48 55 61 67 75 83 94 112 124 133 131 123 117 118 126 133 128 126 116 123 86 56 44 41 39 37 32 32 33 32 30 28 30 34 44 54 65 81 99 124 130 132 136 139 139 142 141 142 141 142 146 148 146 148 148 148 148 148 148 148 148 147 147 147 147 -9999 -9999 -9999 -9999 -9999 -9999 -9999 -9999 -9999 -9999 -9999 -9999 -9999 -9999 -9999 -9999 -9999 -9999 -9999
-9999 25 27 32 35 38 41 46 54 58 62 69 86 104 114 114 121 121 116 120 120 123 123 123 119 119 118 71 58 48 52 43 38 36 36 32 30 29 32 37 46 56 67 79 97 116 123 126 131 135 139 140 139 139 137 140 143 144 144 147 147 147 147 147 147 147 147 147 147 147 -9999 -9999 -9999 -9999 -9999 -9999 -9999 -9999 -9999 -9999 -9999 -9999 -9999 -9999 -9999 -9999 -9999 -9999 -9999 -9999
-9999 22 25 30 34 37 39 41 47 56 58 62 71 83 87 85 92 104 108 110 112 113 114 114 114 113 105 91 79 71 72 58 40 35 36 37 36 37 40 46 52 61 73 82 93 108 116 120 125 129 132 134 135 135 134 134 134 135 136 -9999 -9999 -9999 142 145 147 147 147 147 147 -9999 -9999 -9999 -9999 -9999 -9999 -9999 -9999 -9999 -9999 -9999 -9999 -9999 -9999 -9999 -9999 -9999 -9999 -9999 -9999 -9999
-9999 22 23 27 31 34 36 38 41 44 46 51 58 61 71 80 80 85 80 79 86 94 98 99 97 92 98 97 93 92 86 58 42 35 33 36 43 54 57 62 67 75 84 90 101 104 111 117 120 125 127 128 129 128 129 127 128 129 131 -9999 -9999 -9999 -9999 -9999 -9999 -9999 -9999 -9999 -9999 -9999 -9999 -9999 -9999 -9999 -9999 -9999 -9999 -9999 -9999 -9999 -9999 -9999 -9999 -9999 -9999 -9999 -9999 -9999 -9999 -9999
-9999 23 24 26 29 31 34 36 38 40 42 46 50 55 64 69 68 69 64 62 72 78 80 85 83 78 86 92 92 92 88 64 53 43 41 47 65 81 72 89 94 95 99 100 102 104 109 117 120 123 126 127 127 127 127 126 127 126 125 -9999 125 130 131 136 138 -9999 -9999 -9999 -9999 -9999 -9999 -9999 -9999 -9999 -9999 -9999 -9999 -9999 -9999 -9999 -9999 -9999 -9999 -9999 -9999 -9999 -9999 -9999 -9999 -9999
-9999 28 26 27 29 30 32 34 36 37 39 42 45 49 53 57 55 52 46 46 59 66 69 71 73 73 74 82 80 72 60 55 55 62 66 62 82 88 89 91 95 97 102 104 103 107 110 113 118 120 125 126 128 127 127 125 123 121 123 123 124 127 131 136 133 128 125 -9999 -9999 -9999 -9999 -9999 -9999 -9999 -9999 -9999 -9999 -9999 -9999 -9999 -9999 -9999 -9999 -9999 -9999 -9999 -9999 -9999 -9999 -9999
-9999 28 27 29 30 31 32 32 34 35 36 37 38 40 42 44 43 44 42 40 42 46 53 55 56 57 58 63 72 73 71 70 71 77 72 61 70 84 87 89 95 97 100 100 100 107 109 111 114 116 116 117 124 123 119 118 119 118 119 119 121 125 129 129 128 124 123 120 118 115 118 120 -9999 126 122 118 116 -9999 -9999 -9999 -9999 -9999 -9999 -9999 -9999 -9999 -9999 -9999 -9999 -9999
-9999 29 29 30 31 31 32 33 34 35 35 35 35 36 37 37 37 38 37 37 40 45 47 48 47 47 49 51 62 66 66 68 70 69 63 57 71 86 87 90 96 99 101 103 106 105 108 110 113 114 110 112 115 117 114 112 112 111 112 112 113 117 119 121 121 123 121 121 123 122 124 127 132 133 131 128 126 116 101 87 -9999 -9999 -9999 -9999 -9999 -9999 -9999 -9999 -9999 -9999
-9999 31 31 32 32 33 34 34 35 35 35 35 35 35 35 35 36 37 36 34 37 41 44 46 42 38 39 47 48 42 49 59 60 61 64 77 87 92 93 94 103 110 103 103 107 107 108 109 112 112 108 106 109 109 106 104 102 100 100 100 99 103 107 110 112 112 112 112 115 120 124 131 133 133 132 136 139 136 127 101 83 74 -9999 -9999 -9999 -9999 -9999 -9999 -9999 -9999
-9999 32 32 33 33 34 35 36 36 36 36 36 35 35 35 35 35 35 35 33 34 37 38 39 39 37 40 40 40 35 40 44 41 58 73 88 97 101 97 95 101 107 103 105 109 111 111 108 108 108 104 103 99 100 102 96 91 90 88 87 89 92 93 95 98 101 99 100 102 103 110 119 122 127 128 129 138 148 144 133 104 73 64 -9999 -9999 -9999 -9999 -9999 -9999 -9999
-9999 33 33 34 35 35 36 37 38 37 37 36 36 37 37 36 35 34 33 31 31 32 33 31 34 34 37 34 38 41 56 66 71 74 85 98 98 99 98 98 95 102 108 107 108 111 110 107 106 104 102 98 93 90 87 83 81 83 80 77 76 76 79 83 85 86 87 91 91 89 93 98 101 108 111 115 119 132 149 142 117 87 63 57 -9999 -9999 -9999 -9999 -9999 -9999
-9999 34 35 35 37 37 38 39 40 40 39 39 39 39 40 39 37 35 33 31 31 30 29 29 28 28 27 28 32 42 55 65 74 81 85 99 105 107 111 112 105 99 104 111 111 112 112 110 106 101 97 94 89 85 80 75 73 72 71 69 67 68 68 70 73 75 77 79 80 80 82 82 79 88 91 96 106 116 136 147 146 94 69 56 50 -9999 -9999 -9999 -9999 -9999
-9999 35 35 36 37 39 40 42 44 43 42 41 41 42 43 43 42 40 36 32 31 29 28 27 27 27 24 28 30 36 43 51 72 82 91 104 109 106 111 118 116 110 107 107 113 116 110 110 105 100 95 92 87 82 76 70 67 66 61 59 58 57 59 61 64 65 67 68 70 70 63 59 55 56 77 72 76 107 122 135 139 108 87 63 51 44 -9999 -9999 -9999 -9999
-9999 36 37 37 39 39 40 41 42 44 43 43 42 43 43 44 44 43 42 37 33 30 27 25 25 23 23 26 39 45 44 53 65 77 86 98 110 110 113 121 121 123 124 112 108 111 107 108 103 97 93 88 84 78 71 65 61 58 55 53 51 51 51 53 54 56 58 59 59 54 50 46 42 43 58 56 71 78 93 110 128 136 99 77 63 50 43 37 -9999 -9999
-9999 37 38 39 39 41 44 48 49 49 49 47 46 45 44 43 42 41 42 40 35 35 31 27 22 22 23 26 41 54 56 52 60 68 80 100 114 107 110 125 125 124 127 121 107 108 105 104 101 98 92 85 80 75 68 61 56 55 52 49 47 45 44 47 50 50 50 51 45 43 41 40 40 43 49 41 60 62 63 76 89 103 95 84 78 63 47 38 34 -9999
-9999 35 37 38 39 40 42 46 52 54 55 56 59 62 56 48 44 42 40 38 36 37 37 35 25 21 24 26 30 48 57 59 68 78 89 107 111 100 106 116 125 125 127 127 106 106 106 100 97 92 87 83 76 71 65 59 55 52 50 47 42 41 40 42 43 42 42 41 40 39 37 39 39 40 41 40 40 46 50 60 67 76 79 78 79 73 57 42 32 28
-9999 17 20 30 37 38 39 40 41 42 42 45 49 59 58 55 54 47 43 40 34 34 37 31 26 21 23 24 27 42 49 51 60 66 72 88 90 81 92 110 120 125 126 123 105 103 103 98 93 86 82 77 73 68 63 58 53 50 47 42 40 39 39 39 39 38 37 36 36 35 35 37 38 38 39 39 37 39 44 53 60 67 70 68 68 68 64 50 38 27
-9999 16 16 17 17 18 35 36 15 24 24 38 43 45 46 45 44 44 45 45 38 30 34 38 32 25 21 23 24 27 33 40 55 69 65 65 70 61 84 117 116 121 119 117 104 99 101 98 90 83 77 71 68 63 58 55 52 48 44 40 39 37 35 35 35 34 32 32 32 32 33 34 35 36 37 38 37 36 37 45 52 61 63 62 59 59 58 50 36 27
-9999 24 17 15 17 14 12 13 11 11 12 13 17 28 26 23 26 18 19 27 24 21 21 22 19 20 21 22 22 25 27 29 42 60 59 53 53 55 99 132 128 115 110 110 97 93 97 93 87 79 72 66 62 60 59 53 49 45 41 38 36 33 31 31 31 30 30 30 31 31 32 33 34 35 35 35 35 35 38 42 48 54 56 58 55 53 54 41 30 28
-9999 38 37 31 37 18 17 13 8 9 10 11 12 13 13 14 14 15 15 15 17 19 19 19 19 20 21 21 21 22 23 23 28 33 35 38 54 56 80 128 139 132 120 113 97 86 87 85 80 73 72 68 65 59 55 52 48 43 40 36 32 30 28 28 28 27 27 27 29 30 31 32 33 33 33 33 33 33 36 39 45 49 52 53 51 50 48 34 28 -9999
-9999 41 41 40 40 40 18 14 12 9 10 10 12 12 13 14 14 15 15 16 16 17 18 19 22 23 22 21 20 20 21 22 23 25 30 33 40 48 54 87 118 118 114 87 76 77 76 74 72 69 66 61 -9999 -9999 -9999 -9999 -9999 40 37 34 30 28 27 27 27 26 25 26 27 28 29 29 29 29 29 30 31 32 32 34 41 48 51 55 50 42 33 29 -9999 -9999
-9999 43 49 52 47 43 42 29 18 14 18 24 16 13 14 15 15 15 16 16 17 18 19 25 44 44 36 26 21 21 22 23 25 -9999 -9999 -9999 36 41 47 55 75 73 67 64 65 68 69 67 62 61 -9999 -9999 -9999 -9999 -9999 -9999 -9999 35 33 -9999 29 27 27 -9999 -9999 -9999 -9999 -9999 -9999 -9999 28 27 27 27 24 27 28 30 31 32 36 44 45 41 38 36 32 28 -9999 -9999
