Humedad_Suelo_ASC/terraclimate_soil_2002.txt
ncols         92
nrows         62
xllcorner     -72.083333333358
yllcorner     17.458333333309
cellsize      0.041666666666657
NODATA_value  -9999
[rows 0 to 39 of 62, columns 0 to 88 of 92]
-9999 -9999 -9999 -9999 -9999 -9999 -9999 -9999 -9999 -9999 -9999 -9999 -9999 -9999 -9999 -9999 -9999 -9999 -9999 -9999 -9999 -9999 -9999 -9999 -9999 -9999 -9999 -9999 -9999 -9999 -9999 -9999 -9999 -9999 -9999 -9999 -9999 -9999 -9999 -9999 -9999 -9999 -9999 -9999 -9999 -9999 -9999 -9999 -9999 -9999 -9999 -9999 -9999 -9999 -9999 -9999 -9999 -9999 -9999 -9999 -9999 -9999 -9999 -9999 -9999 -9999 -9999 -9999 -9999 -9999 -9999 -9999 -9999 -9999 -9999 -9999 -9999 -9999 -9999 -9999 -9999 -9999 -9999 -9999 -9999 -9999 -9999 -9999 -9999
-9999 -9999 -9999 -9999 -9999 -9999 -9999 -9999 -9999 -9999 -9999 -9999 -9999 -9999 -9999 -9999 -9999 -9999 -9999 -9999 -9999 -9999 -9999 -9999 -9999 -9999 -9999 -9999 -9999 -9999 -9999 -9999 -9999 -9999 -9999 -9999 -9999 -9999 -9999 -9999 -9999 -9999 -9999 -9999 -9999 -9999 -9999 -9999 -9999 -9999 -9999 -9999 -9999 -9999 -9999 -9999 -9999 -9999 -9999 -9999 -9999 -9999 -9999 -9999 -9999 -9999 -9999 -9999 -9999 -9999 -9999 -9999 -9999 -9999 -9999 -9999 -9999 -9999 -9999 -9999 -9999 -9999 -9999 -9999 -9999 -9999 -9999 -9999 -9999
-9999 -9999 -9999 -9999 -9999 -9999 -9999 -9999 -9999 -9999 -9999 -9999 -9999 -9999 -9999 -9999 -9999 -9999 -9999 -9999 -9999 -9999 -9999 -9999 194 195 195 -9999 -9999 -9999 -9999 -9999 -9999 -9999 -9999 -9999 -9999 -9999 -9999 -9999 -9999 -9999 -9999 -9999 -9999 -9999 -9999 -9999 -9999 -9999 -9999 -9999 -9999 -9999 -9999 -9999 -9999 -9999 -9999 -9999 -9999 -9999 -9999 -9999 -9999 -9999 -9999 -9999 -9999 -9999 -9999 -9999 -9999 -9999 -9999 -9999 -9999 -9999 -9999 -9999 -9999 -9999 -9999 -9999 -9999 -9999 -9999 -9999 -9999
-9999 -9999 -9999 -9999 -9999 -9999 151 -9999 -9999 -9999 160 139 147 165 158 157 -9999 -9999 -9999 -9999 -9999 -9999 -9999 -9999 200 201 200 198 196 193 191 -9999 -9999 -9999 -9999 -9999 -9999 -9999 -9999 -9999 -9999 -9999 -9999 -9999 -9999 -9999 -9999 -9999 -9999 -9999 -9999 -9999 -9999 -9999 -9999 -9999 -9999 -9999 -9999 -9999 -9999 -9999 -9999 -9999 -9999 -9999 -9999 -9999 -9999 -9999 -9999 -9999 -9999 -9999 -9999 -9999 -9999 -9999 -9999 -9999 -9999 -9999 -9999 -9999 -9999 -9999 -9999 -9999 -9999
-9999 -9999 -9999 -9999 -9999 -9999 -9999 -9999 -9999 162 165 154 149 173 193 194 195 193 198 199 200 201 203 204 205 206 205 203 200 197 194 191 188 -9999 -9999 -9999 -9999 -9999 -9999 -9999 -9999 -9999 -9999 -9999 -9999 -9999 -9999 -9999 -9999 -9999 -9999 -9999 -9999 -9999 -9999 -9999 -9999 -9999 -9999 -9999 -9999 -9999 -9999 -9999 -9999 -9999 -9999 -9999 -9999 -9999 -9999 -9999 -9999 -9999 -9999 -9999 -9999 -9999 -9999 -9999 -9999 -9999 -9999 -9999 -9999 -9999 -9999 -9999 -9999
-9999 -9999 -9999 -9999 -9999 -9999 -9999 153 153 150 149 147 143 149 182 200 201 202 203 204 206 207 208 209 210 212 211 207 204 200 197 194 190 187 -9999 -9999 -9999 -9999 -9999 -9999 -9999 -9999 -9999 -9999 -9999 -9999 -9999 -9999 -9999 -9999 -9999 -9999 -9999 -9999 -9999 -9999 -9999 -9999 -9999 -9999 -9999 -9999 -9999 -9999 -9999 -9999 -9999 -9999 -9999 -9999 -9999 -9999 -9999 -9999 -9999 -9999 -9999 -9999 -9999 -9999 -9999 -9999 -9999 -9999 -9999 -9999 -9999 -9999 -9999
-9999 -9999 -9999 -9999 -9999 -9999 -9999 152 143 129 126 121 125 139 161 179 205 208 209 210 211 212 213 215 216 217 216 212 208 204 200 196 192 188 184 180 177 173 170 169 -9999 -9999 -9999 -9999 -9999 -9999 -9999 -9999 -9999 -9999 -9999 -9999 -9999 -9999 -9999 -9999 -9999 -9999 -9999 -9999 -9999 -9999 -9999 -9999 -9999 -9999 -9999 -9999 -9999 -9999 -9999 -9999 -9999 -9999 -9999 -9999 -9999 -9999 -9999 -9999 -9999 -9999 -9999 -9999 -9999 -9999 -9999 -9999 -9999
-9999 103 107 116 125 131 136 -9999 120 119 116 112 107 110 110 113 136 189 206 212 216 218 219 220 221 222 221 216 212 207 203 198 194 190 185 181 176 172 169 168 167 -9999 -9999 -9999 -9999 -9999 -9999 -9999 -9999 -9999 -9999 -9999 -9999 -9999 -9999 -9999 -9999 -9999 -9999 -9999 -9999 -9999 -9999 -9999 -9999 -9999 -9999 -9999 -9999 -9999 -9999 -9999 -9999 -9999 -9999 -9999 -9999 -9999 -9999 -9999 -9999 -9999 -9999 -9999 -9999 -9999 -9999 -9999 -9999
-9999 96 101 111 120 128 132 127 114 107 106 106 107 106 105 100 117 146 157 180 207 212 218 225 227 228 226 221 216 211 206 201 196 191 186 181 176 171 168 167 166 164 163 -9999 -9999 -9999 -9999 -9999 157 156 155 155 -9999 -9999 -9999 -9999 -9999 -9999 -9999 -9999 -9999 -9999 -9999 -9999 -9999 -9999 -9999 -9999 -9999 -9999 -9999 -9999 -9999 -9999 -9999 -9999 -9999 -9999 -9999 -9999 -9999 -9999 -9999 -9999 -9999 -9999 -9999 -9999 -9999
-9999 90 94 105 116 122 127 133 129 129 130 127 129 116 118 117 115 130 135 144 156 178 204 212 219 231 231 225 220 214 209 203 198 192 187 181 176 170 167 166 165 164 162 161 160 159 -9999 157 156 155 154 154 154 -9999 -9999 -9999 -9999 -9999 -9999 -9999 -9999 -9999 -9999 -9999 -9999 -9999 -9999 -9999 -9999 -9999 -9999 -9999 -9999 -9999 -9999 -9999 -9999 -9999 -9999 -9999 -9999 -9999 -9999 -9999 -9999 -9999 -9999 -9999 -9999
-9999 84 88 100 112 119 124 129 139 149 161 156 152 144 140 139 128 182 163 142 139 146 161 177 207 217 224 230 224 218 212 206 200 194 187 181 175 169 166 165 164 163 161 160 159 158 157 156 155 154 153 153 153 -9999 -9999 -9999 -9999 -9999 -9999 -9999 -9999 -9999 -9999 -9999 -9999 -9999 -9999 -9999 -9999 -9999 -9999 -9999 -9999 -9999 -9999 -9999 -9999 -9999 -9999 -9999 -9999 -9999 -9999 -9999 -9999 -9999 -9999 -9999 -9999
-9999 77 82 95 108 115 120 127 135 147 161 173 155 169 182 148 140 165 211 197 178 161 153 154 159 184 215 217 223 221 215 208 201 195 188 182 175 168 165 164 163 162 161 160 158 157 156 155 154 153 153 153 152 -9999 -9999 -9999 -9999 -9999 -9999 -9999 -9999 -9999 -9999 -9999 -9999 -9999 -9999 -9999 -9999 -9999 -9999 -9999 -9999 -9999 -9999 -9999 -9999 -9999 -9999 -9999 -9999 -9999 -9999 -9999 -9999 -9999 -9999 -9999 -9999
-9999 71 76 90 104 111 120 128 136 146 164 179 188 198 182 159 147 162 182 195 220 212 210 157 157 174 194 214 215 217 218 210 203 196 189 182 175 168 164 163 162 161 160 159 158 157 156 155 154 153 152 152 152 152 -9999 -9999 -9999 -9999 -9999 -9999 -9999 -9999 -9999 -9999 -9999 -9999 -9999 -9999 -9999 -9999 -9999 -9999 -9999 -9999 -9999 -9999 -9999 -9999 -9999 -9999 -9999 -9999 -9999 -9999 -9999 -9999 -9999 -9999 -9999
-9999 69 74 88 102 116 121 132 138 146 162 185 194 198 192 186 166 163 170 175 197 211 216 182 179 175 184 211 213 210 207 204 201 193 186 179 172 165 161 160 160 159 158 157 156 155 155 154 153 152 152 151 151 -9999 -9999 -9999 -9999 -9999 -9999 -9999 -9999 -9999 -9999 -9999 -9999 -9999 -9999 -9999 -9999 -9999 -9999 -9999 -9999 -9999 -9999 -9999 -9999 -9999 -9999 -9999 -9999 -9999 -9999 -9999 -9999 -9999 -9999 -9999 -9999
-9999 72 76 90 103 116 129 134 137 144 156 177 193 201 186 172 177 172 171 177 196 202 206 181 203 206 202 204 210 210 201 190 184 182 180 174 167 161 158 157 156 156 155 155 154 154 153 153 152 152 151 151 151 151 -9999 -9999 -9999 -9999 -9999 -9999 -9999 -9999 -9999 -9999 -9999 -9999 -9999 -9999 -9999 -9999 -9999 -9999 -9999 -9999 -9999 -9999 -9999 -9999 -9999 -9999 -9999 -9999 -9999 -9999 -9999 -9999 -9999 -9999 -9999
-9999 67 71 87 101 115 126 137 145 151 156 168 181 189 179 170 174 189 192 180 195 195 194 192 202 205 197 190 193 198 192 181 173 171 169 166 163 157 154 154 153 153 153 153 152 152 152 152 151 151 151 151 151 150 -9999 -9999 -9999 -9999 -9999 -9999 -9999 -9999 -9999 -9999 -9999 -9999 -9999 -9999 -9999 -9999 -9999 -9999 -9999 -9999 -9999 -9999 -9999 -9999 -9999 -9999 -9999 -9999 -9999 -9999 -9999 -9999 -9999 -9999 -9999
-9999 66 71 83 93 106 118 128 137 150 157 171 181 188 173 180 183 185 188 185 184 187 187 187 194 194 191 191 188 187 179 177 167 168 162 160 158 153 150 150 150 150 150 150 150 150 150 150 150 150 150 150 150 150 150 -9999 -9999 -9999 -9999 -9999 -9999 -9999 -9999 -9999 -9999 -9999 -9999 148 148 -9999 -9999 -9999 -9999 -9999 -9999 -9999 -9999 -9999 -9999 -9999 -9999 -9999 -9999 -9999 -9999 -9999 -9999 -9999 -9999
-9999 61 67 77 89 99 109 120 128 136 146 155 167 180 185 182 181 181 180 176 177 181 181 180 182 184 182 179 178 173 166 161 157 159 157 155 153 149 147 147 147 148 148 148 148 149 149 149 150 150 150 150 150 150 149 149 -9999 -9999 -9999 149 148 148 148 148 148 148 148 148 148 148 148 -9999 -9999 -9999 -9999 -9999 -9999 -9999 -9999 -9999 -9999 -9999 -9999 -9999 -9999 -9999 -9999 -9999 -9999
-9999 50 62 71 85 93 101 111 118 122 131 142 153 165 172 180 179 174 170 169 172 175 173 172 173 174 176 169 166 163 161 161 154 151 153 150 148 145 143 144 144 145 145 146 146 147 148 148 149 149 150 149 149 149 149 149 149 149 148 148 148 148 148 148 148 148 148 147 147 147 147 -9999 -9999 -9999 -9999 -9999 -9999 -9999 -9999 -9999 -9999 -9999 -9999 -9999 -9999 -9999 -9999 -9999 -9999
-9999 33 42 57 69 77 80 88 102 103 103 112 141 155 159 159 166 166 163 163 161 162 161 163 163 162 162 160 156 155 153 154 153 152 150 146 144 141 139 140 141 142 143 144 145 145 146 147 148 149 149 149 149 149 149 148 148 148 148 148 148 147 147 147 147 147 147 147 147 147 -9999 -9999 -9999 -9999 -9999 -9999 -9999 -9999 -9999 -9999 -9999 -9999 -9999 -9999 -9999 -9999 -9999 -9999 -9999
-9999 28 30 44 56 63 60 68 85 98 96 97 112 131 134 133 143 148 151 152 151 151 150 152 152 152 148 146 145 145 146 149 147 146 143 142 139 136 136 137 138 139 140 141 143 144 145 146 147 148 149 149 148 148 148 148 147 147 147 -9999 -9999 -9999 147 147 147 147 147 147 147 -9999 -9999 -9999 -9999 -9999 -9999 -9999 -9999 -9999 -9999 -9999 -9999 -9999 -9999 -9999 -9999 -9999 -9999 -9999 -9999
-9999 27 28 32 35 42 48 48 57 68 70 80 88 90 105 125 125 129 122 121 127 134 137 136 135 134 136 135 136 134 138 142 138 137 135 134 134 132 132 134 135 136 138 139 141 142 143 145 146 148 148 148 148 147 145 141 139 140 141 -9999 -9999 -9999 -9999 -9999 -9999 -9999 -9999 -9999 -9999 -9999 -9999 -9999 -9999 -9999 -9999 -9999 -9999 -9999 -9999 -9999 -9999 -9999 -9999 -9999 -9999 -9999 -9999 -9999 -9999
-9999 28 28 31 34 36 38 40 42 48 53 65 77 82 96 107 103 107 98 94 106 117 119 123 120 117 122 127 129 129 129 128 130 132 132 130 128 128 129 130 132 134 135 137 139 140 142 144 146 147 148 148 147 145 142 138 138 137 137 -9999 138 141 144 146 146 -9999 -9999 -9999 -9999 -9999 -9999 -9999 -9999 -9999 -9999 -9999 -9999 -9999 -9999 -9999 -9999 -9999 -9999 -9999 -9999 -9999 -9999 -9999 -9999
-9999 31 30 32 33 35 36 38 40 41 43 51 62 77 81 85 83 78 71 70 89 105 107 109 109 109 110 117 114 114 114 116 118 120 118 121 120 124 125 127 129 131 133 135 137 139 141 143 145 147 148 147 147 145 141 138 137 136 137 137 138 141 144 146 146 144 141 -9999 -9999 -9999 -9999 -9999 -9999 -9999 -9999 -9999 -9999 -9999 -9999 -9999 -9999 -9999 -9999 -9999 -9999 -9999 -9999 -9999 -9999
-9999 32 31 33 34 35 36 36 38 39 39 40 42 43 51 63 63 71 55 48 58 72 81 89 92 95 96 100 107 106 106 107 109 113 111 112 116 120 121 124 126 128 130 133 135 137 139 142 144 146 145 144 145 141 136 135 134 134 136 137 138 140 143 144 144 140 140 137 136 136 136 137 -9999 140 137 135 133 -9999 -9999 -9999 -9999 -9999 -9999 -9999 -9999 -9999 -9999 -9999 -9999
-9999 33 33 34 34 35 36 37 37 38 38 38 39 39 40 40 41 43 40 41 60 73 73 76 76 81 87 87 97 101 101 103 105 106 106 107 112 121 122 124 127 129 131 133 135 137 139 141 144 146 142 140 140 138 134 132 131 131 131 130 132 135 136 139 139 139 137 137 139 138 140 141 143 144 143 141 141 137 132 131 -9999 -9999 -9999 -9999 -9999 -9999 -9999 -9999 -9999
-9999 34 34 35 35 36 37 37 38 38 38 38 39 39 39 38 39 40 40 38 43 67 76 77 68 55 66 85 87 86 92 98 98 102 106 111 120 127 128 130 131 133 134 136 137 139 141 142 144 145 141 137 135 134 129 127 125 124 124 122 123 126 129 131 132 132 132 131 132 136 140 143 145 145 145 147 147 146 140 136 131 128 -9999 -9999 -9999 -9999 -9999 -9999 -9999
-9999 35 35 36 37 37 38 38 39 39 39 38 38 38 38 38 38 38 39 37 38 40 45 51 53 44 60 61 67 66 80 91 93 100 111 122 131 133 134 135 136 137 138 139 140 141 142 143 144 144 141 135 130 129 128 123 118 118 117 114 116 118 119 121 122 124 123 124 124 126 131 137 139 141 143 144 148 148 148 144 138 130 126 -9999 -9999 -9999 -9999 -9999 -9999
-9999 35 36 37 37 38 39 39 40 39 39 39 39 39 39 38 38 37 37 36 36 37 38 38 39 39 40 41 43 58 95 103 107 108 119 131 133 138 139 140 140 141 141 142 142 143 143 144 144 142 139 134 127 122 118 115 112 113 112 108 106 107 109 113 114 114 115 117 118 116 120 124 126 131 132 135 138 146 149 149 143 136 128 125 -9999 -9999 -9999 -9999 -9999
-9999 37 37 38 39 39 41 44 45 43 41 41 40 41 42 41 40 38 37 36 36 36 35 36 36 38 38 39 42 58 87 102 110 116 119 131 138 140 145 145 145 145 145 145 145 145 145 145 144 139 135 131 126 120 115 110 107 105 103 102 98 101 100 103 105 107 108 110 111 111 112 117 117 122 125 128 132 137 148 150 149 140 133 126 122 -9999 -9999 -9999 -9999
-9999 37 37 38 40 46 51 59 64 59 50 42 42 43 47 50 45 42 39 37 36 36 35 35 36 37 36 40 42 45 54 69 98 116 126 136 142 140 144 150 150 149 148 148 147 147 146 145 145 140 134 128 124 118 112 107 104 102 97 96 93 92 94 95 98 100 101 102 105 108 110 113 114 116 122 124 126 132 142 149 149 145 140 132 125 123 -9999 -9999 -9999
-9999 38 38 41 45 46 46 48 52 56 55 48 43 44 47 50 50 50 43 40 38 37 36 36 35 35 36 39 45 56 57 69 85 101 120 135 145 146 149 156 154 153 152 151 150 148 146 146 145 137 132 126 120 115 108 103 99 98 94 91 89 88 89 92 93 95 97 97 97 103 107 110 110 112 117 120 123 126 133 138 143 148 144 138 133 127 125 121 -9999
-9999 39 42 43 43 51 63 66 64 63 63 61 58 56 51 46 43 43 43 41 39 39 38 37 36 36 37 40 50 77 74 70 77 86 108 135 148 146 149 158 157 153 156 154 148 149 145 143 141 137 130 123 117 111 106 101 97 95 92 88 85 84 83 86 88 80 77 79 79 81 85 87 85 95 105 105 121 123 125 129 134 141 142 140 138 134 129 125 115
-9999 38 39 39 40 45 56 70 78 77 80 77 77 80 69 59 49 43 42 41 40 40 41 40 37 36 38 40 44 71 76 75 87 102 122 142 147 145 150 151 155 153 154 156 145 146 145 138 135 130 125 120 114 109 104 99 96 93 90 86 82 81 76 72 75 63 60 58 60 62 58 65 70 68 74 87 96 111 122 125 130 134 137 138 137 137 133 128 119
-9999 36 38 39 40 40 41 41 49 54 52 65 69 81 82 75 69 59 46 42 40 41 42 41 39 37 38 40 43 60 76 73 80 88 104 129 139 138 144 151 152 155 154 152 143 141 140 136 131 125 119 114 110 108 102 97 95 90 86 82 75 67 62 59 55 50 48 47 44 45 51 54 54 52 55 71 82 89 111 125 126 131 132 135 135 134 133 130 127
-9999 35 36 38 38 38 39 39 38 39 40 43 50 62 63 57 53 53 56 54 42 40 42 43 41 39 38 40 42 45 49 58 78 89 88 92 105 103 138 154 153 152 150 148 139 135 138 133 127 120 114 109 107 104 100 95 93 88 86 76 66 55 50 47 42 41 40 40 37 41 43 43 45 44 48 60 72 86 105 123 124 128 132 132 131 130 132 131 125
-9999 38 37 37 38 38 37 37 33 29 28 28 35 40 41 41 41 33 35 43 42 38 39 40 38 38 39 40 42 45 47 50 66 90 80 72 69 77 151 163 159 150 145 144 137 133 133 128 123 116 111 107 102 99 99 94 90 86 80 63 55 48 47 40 39 39 36 36 32 34 40 41 39 39 43 52 64 78 101 123 125 128 130 130 130 131 131 126 116
-9999 40 40 39 40 39 38 38 31 28 26 25 25 25 24 24 25 25 27 27 31 36 36 37 37 38 39 40 42 43 45 46 49 52 52 53 67 72 115 161 163 156 149 143 135 128 126 123 119 112 109 105 101 97 97 94 90 82 68 56 51 48 41 39 37 35 37 35 31 29 34 36 36 35 38 45 57 75 99 118 126 129 129 130 131 129 128 122 108
-9999 48 48 42 42 42 40 39 33 28 26 25 25 24 24 24 25 25 28 27 28 32 35 38 41 41 41 40 42 43 44 45 45 47 47 49 50 53 65 126 151 149 145 131 123 123 120 116 114 108 105 101 -9999 -9999 -9999 -9999 -9999 65 56 54 49 43 40 40 37 33 37 33 29 31 30 32 31 32 35 40 51 67 83 98 122 127 129 130 130 127 121 109 -9999
-9999 57 64 66 61 51 45 42 41 35 41 43 31 25 25 25 26 26 28 28 30 33 39 46 51 47 45 43 42 43 44 45 45 -9999 -9999 -9999 47 50 51 58 107 105 96 92 97 110 115 110 106 103 -9999 -9999 -9999 -9999 -9999 -9999 -9999 37 37 -9999 41 37 37 -9999 -9999 -9999 -9999 -9999 -9999 -9999 26 31 27 24 27 38 49 56 75 85 111 126 127 125 124 122 118 95 -9999
