Humedad_Suelo_ASC/terraclimate_soil_2003.txt
ncols         92
nrows         62
xllcorner     -72.083333333358
yllcorner     17.458333333309
cellsize      0.041666666666657
NODATA_value  -9999
[rows 0 to 39 of 62, columns 0 to 89 of 92]
-9999 -9999 -9999 -9999 -9999 -9999 -9999 -9999 -9999 -9999 -9999 -9999 -9999 -9999 -9999 -9999 -9999 -9999 -9999 -9999 -9999 -9999 -9999 -9999 -9999 -9999 -9999 -9999 -9999 -9999 -9999 -9999 -9999 -9999 -9999 -9999 -9999 -9999 -9999 -9999 -9999 -9999 -9999 -9999 -9999 -9999 -9999 -9999 -9999 -9999 -9999 -9999 -9999 -9999 -9999 -9999 -9999 -9999 -9999 -9999 -9999 -9999 -9999 -9999 -9999 -9999 -9999 -9999 -9999 -9999 -9999 -9999 -9999 -9999 -9999 -9999 -9999 -9999 -9999 -9999 -9999 -9999 -9999 -9999 -9999 -9999 -9999 -9999 -9999 -9999
-9999 -9999 -9999 -9999 -9999 -9999 -9999 -9999 -9999 -9999 -9999 -9999 -9999 -9999 -9999 -9999 -9999 -9999 -9999 -9999 -9999 -9999 -9999 -9999 -9999 -9999 -9999 -9999 -9999 -9999 -9999 -9999 -9999 -9999 -9999 -9999 -9999 -9999 -9999 -9999 -9999 -9999 -9999 -9999 -9999 -9999 -9999 -9999 -9999 -9999 -9999 -9999 -9999 -9999 -9999 -9999 -9999 -9999 -9999 -9999 -9999 -9999 -9999 -9999 -9999 -9999 -9999 -9999 -9999 -9999 -9999 -9999 -9999 -9999 -9999 -9999 -9999 -9999 -9999 -9999 -9999 -9999 -9999 -9999 -9999 -9999 -9999 -9999 -9999 -9999
-9999 -9999 -9999 -9999 -9999 -9999 -9999 -9999 -9999 -9999 -9999 -9999 -9999 -9999 -9999 -9999 -9999 -9999 -9999 -9999 -9999 -9999 -9999 -9999 194 195 195 -9999 -9999 -9999 -9999 -9999 -9999 -9999 -9999 -9999 -9999 -9999 -9999 -9999 -9999 -9999 -9999 -9999 -9999 -9999 -9999 -9999 -9999 -9999 -9999 -9999 -9999 -9999 -9999 -9999 -9999 -9999 -9999 -9999 -9999 -9999 -9999 -9999 -9999 -9999 -9999 -9999 -9999 -9999 -9999 -9999 -9999 -9999 -9999 -9999 -9999 -9999 -9999 -9999 -9999 -9999 -9999 -9999 -9999 -9999 -9999 -9999 -9999 -9999
-9999 -9999 -9999 -9999 -9999 -9999 151 -9999 -9999 -9999 89 80 81 85 81 74 -9999 -9999 -9999 -9999 -9999 -9999 -9999 -9999 200 201 200 198 196 193 191 -9999 -9999 -9999 -9999 -9999 -9999 -9999 -9999 -9999 -9999 -9999 -9999 -9999 -9999 -9999 -9999 -9999 -9999 -9999 -9999 -9999 -9999 -9999 -9999 -9999 -9999 -9999 -9999 -9999 -9999 -9999 -9999 -9999 -9999 -9999 -9999 -9999 -9999 -9999 -9999 -9999 -9999 -9999 -9999 -9999 -9999 -9999 -9999 -9999 -9999 -9999 -9999 -9999 -9999 -9999 -9999 -9999 -9999 -9999
-9999 -9999 -9999 -9999 -9999 -9999 -9999 -9999 -9999 82 89 86 77 83 96 89 91 89 94 103 149 177 203 204 205 206 205 203 200 197 194 191 188 -9999 -9999 -9999 -9999 -9999 -9999 -9999 -9999 -9999 -9999 -9999 -9999 -9999 -9999 -9999 -9999 -9999 -9999 -9999 -9999 -9999 -9999 -9999 -9999 -9999 -9999 -9999 -9999 -9999 -9999 -9999 -9999 -9999 -9999 -9999 -9999 -9999 -9999 -9999 -9999 -9999 -9999 -9999 -9999 -9999 -9999 -9999 -9999 -9999 -9999 -9999 -9999 -9999 -9999 -9999 -9999 -9999
-9999 -9999 -9999 -9999 -9999 -9999 -9999 88 77 73 72 71 69 71 83 92 107 128 136 138 146 185 208 209 210 212 211 207 204 200 197 194 190 187 -9999 -9999 -9999 -9999 -9999 -9999 -9999 -9999 -9999 -9999 -9999 -9999 -9999 -9999 -9999 -9999 -9999 -9999 -9999 -9999 -9999 -9999 -9999 -9999 -9999 -9999 -9999 -9999 -9999 -9999 -9999 -9999 -9999 -9999 -9999 -9999 -9999 -9999 -9999 -9999 -9999 -9999 -9999 -9999 -9999 -9999 -9999 -9999 -9999 -9999 -9999 -9999 -9999 -9999 -9999 -9999
-9999 -9999 -9999 -9999 -9999 -9999 -9999 82 70 61 57 48 46 52 63 73 88 121 133 158 193 212 213 215 216 217 216 212 208 204 200 196 192 188 184 180 177 173 170 169 -9999 -9999 -9999 -9999 -9999 -9999 -9999 -9999 -9999 -9999 -9999 -9999 -9999 -9999 -9999 -9999 -9999 -9999 -9999 -9999 -9999 -9999 -9999 -9999 -9999 -9999 -9999 -9999 -9999 -9999 -9999 -9999 -9999 -9999 -9999 -9999 -9999 -9999 -9999 -9999 -9999 -9999 -9999 -9999 -9999 -9999 -9999 -9999 -9999 -9999
-9999 103 107 116 125 93 72 -9999 44 44 37 33 26 25 26 31 45 67 80 100 122 159 219 220 221 222 221 216 212 207 203 198 194 190 185 181 176 172 169 168 167 -9999 -9999 -9999 -9999 -9999 -9999 -9999 -9999 -9999 -9999 -9999 -9999 -9999 -9999 -9999 -9999 -9999 -9999 -9999 -9999 -9999 -9999 -9999 -9999 -9999 -9999 -9999 -9999 -9999 -9999 -9999 -9999 -9999 -9999 -9999 -9999 -9999 -9999 -9999 -9999 -9999 -9999 -9999 -9999 -9999 -9999 -9999 -9999 -9999
-9999 96 101 111 120 98 69 47 37 29 28 27 25 22 18 18 22 31 40 54 70 92 123 176 227 228 226 221 216 211 206 201 196 191 186 181 176 171 168 167 166 164 163 -9999 -9999 -9999 -9999 -9999 157 156 155 155 -9999 -9999 -9999 -9999 -9999 -9999 -9999 -9999 -9999 -9999 -9999 -9999 -9999 -9999 -9999 -9999 -9999 -9999 -9999 -9999 -9999 -9999 -9999 -9999 -9999 -9999 -9999 -9999 -9999 -9999 -9999 -9999 -9999 -9999 -9999 -9999 -9999 -9999
-9999 90 94 105 116 99 76 54 41 38 36 36 34 30 28 28 23 27 28 33 39 48 59 75 109 162 231 225 220 214 209 203 198 192 187 181 176 170 167 166 165 164 162 161 160 159 -9999 157 156 155 154 154 154 -9999 -9999 -9999 -9999 -9999 -9999 -9999 -9999 -9999 -9999 -9999 -9999 -9999 -9999 -9999 -9999 -9999 -9999 -9999 -9999 -9999 -9999 -9999 -9999 -9999 -9999 -9999 -9999 -9999 -9999 -9999 -9999 -9999 -9999 -9999 -9999 -9999
-9999 84 88 100 112 110 96 65 59 54 59 52 52 46 40 40 35 61 45 35 33 36 42 46 57 75 127 187 224 218 212 206 200 194 187 181 175 169 166 165 164 163 161 160 159 158 157 156 155 154 153 153 153 -9999 -9999 -9999 -9999 -9999 -9999 -9999 -9999 -9999 -9999 -9999 -9999 -9999 -9999 -9999 -9999 -9999 -9999 -9999 -9999 -9999 -9999 -9999 -9999 -9999 -9999 -9999 -9999 -9999 -9999 -9999 -9999 -9999 -9999 -9999 -9999 -9999
-9999 77 82 95 108 109 94 81 73 72 76 68 59 63 69 50 40 57 85 68 54 44 37 38 38 48 71 108 166 221 215 208 201 195 188 182 175 168 165 164 163 162 161 160 158 157 156 155 154 153 153 153 152 -9999 -9999 -9999 -9999 -9999 -9999 -9999 -9999 -9999 -9999 -9999 -9999 -9999 -9999 -9999 -9999 -9999 -9999 -9999 -9999 -9999 -9999 -9999 -9999 -9999 -9999 -9999 -9999 -9999 -9999 -9999 -9999 -9999 -9999 -9999 -9999 -9999
-9999 71 76 90 104 110 102 97 96 89 110 108 87 83 69 56 51 63 72 77 93 76 69 39 36 44 56 75 100 140 184 210 203 196 189 182 175 168 164 163 162 161 160 159 158 157 156 155 154 153 152 152 152 152 -9999 -9999 -9999 -9999 -9999 -9999 -9999 -9999 -9999 -9999 -9999 -9999 -9999 -9999 -9999 -9999 -9999 -9999 -9999 -9999 -9999 -9999 -9999 -9999 -9999 -9999 -9999 -9999 -9999 -9999 -9999 -9999 -9999 -9999 -9999 -9999
-9999 69 74 88 102 116 124 131 108 109 132 180 144 106 90 76 66 66 71 69 78 82 87 51 49 47 51 74 111 120 137 160 193 193 186 179 172 165 161 160 160 159 158 157 156 155 155 154 153 152 152 151 151 -9999 -9999 -9999 -9999 -9999 -9999 -9999 -9999 -9999 -9999 -9999 -9999 -9999 -9999 -9999 -9999 -9999 -9999 -9999 -9999 -9999 -9999 -9999 -9999 -9999 -9999 -9999 -9999 -9999 -9999 -9999 -9999 -9999 -9999 -9999 -9999 -9999
-9999 72 76 90 103 116 129 142 120 117 126 169 192 164 112 90 96 88 80 78 90 93 98 57 67 70 64 84 144 167 144 124 133 157 180 174 167 161 158 157 156 156 155 155 154 154 153 153 152 152 151 151 151 151 -9999 -9999 -9999 -9999 -9999 -9999 -9999 -9999 -9999 -9999 -9999 -9999 -9999 -9999 -9999 -9999 -9999 -9999 -9999 -9999 -9999 -9999 -9999 -9999 -9999 -9999 -9999 -9999 -9999 -9999 -9999 -9999 -9999 -9999 -9999 -9999
-9999 74 75 91 103 115 127 139 151 154 142 157 172 164 131 116 115 133 126 104 122 112 98 81 105 114 89 81 110 155 150 116 106 124 141 163 163 157 154 154 153 153 153 153 152 152 152 152 151 151 151 151 151 150 -9999 -9999 -9999 -9999 -9999 -9999 -9999 -9999 -9999 -9999 -9999 -9999 -9999 -9999 -9999 -9999 -9999 -9999 -9999 -9999 -9999 -9999 -9999 -9999 -9999 -9999 -9999 -9999 -9999 -9999 -9999 -9999 -9999 -9999 -9999 -9999
-9999 69 72 85 93 108 124 131 141 156 157 173 184 186 153 153 150 155 161 145 126 131 116 107 125 111 106 124 134 141 128 137 115 139 133 148 158 153 150 150 150 150 150 150 150 150 150 150 150 150 150 150 150 150 150 -9999 -9999 -9999 -9999 -9999 -9999 -9999 -9999 -9999 -9999 -9999 -9999 148 148 -9999 -9999 -9999 -9999 -9999 -9999 -9999 -9999 -9999 -9999 -9999 -9999 -9999 -9999 -9999 -9999 -9999 -9999 -9999 -9999 -9999
-9999 49 58 66 82 92 103 116 122 128 136 145 160 178 183 174 172 175 174 157 149 167 143 134 129 134 117 114 128 124 110 103 103 130 137 142 153 149 147 147 147 148 148 148 148 149 149 149 150 150 150 150 150 150 149 149 -9999 -9999 -9999 149 148 148 148 148 148 148 148 148 148 148 148 -9999 -9999 -9999 -9999 -9999 -9999 -9999 -9999 -9999 -9999 -9999 -9999 -9999 -9999 -9999 -9999 -9999 -9999 -9999
-9999 37 48 59 71 79 88 98 105 111 120 130 140 156 166 183 183 171 163 162 169 178 172 171 157 169 154 123 118 120 123 132 116 121 143 149 148 145 143 144 144 145 145 146 146 147 148 148 149 149 150 149 149 149 149 149 149 149 148 148 148 148 148 148 148 148 148 147 147 147 147 -9999 -9999 -9999 -9999 -9999 -9999 -9999 -9999 -9999 -9999 -9999 -9999 -9999 -9999 -9999 -9999 -9999 -9999 -9999
-9999 24 36 52 62 71 76 84 94 99 102 111 127 144 150 151 165 167 158 160 159 162 162 164 163 166 172 138 128 126 135 143 147 151 150 147 144 141 139 140 141 142 143 144 145 145 146 147 148 149 149 149 149 149 149 148 148 148 148 148 148 147 147 147 147 147 147 147 147 147 -9999 -9999 -9999 -9999 -9999 -9999 -9999 -9999 -9999 -9999 -9999 -9999 -9999 -9999 -9999 -9999 -9999 -9999 -9999 -9999
-9999 22 23 41 54 62 61 69 82 91 95 99 109 120 124 124 129 138 144 148 149 149 151 152 156 158 150 142 135 136 149 152 144 146 144 142 139 136 136 137 138 139 140 141 143 144 145 146 147 148 149 149 148 148 148 148 148 148 147 -9999 -9999 -9999 147 147 147 147 147 147 147 -9999 -9999 -9999 -9999 -9999 -9999 -9999 -9999 -9999 -9999 -9999 -9999 -9999 -9999 -9999 -9999 -9999 -9999 -9999 -9999 -9999
-9999 22 23 26 33 41 49 49 59 71 74 85 93 96 105 114 113 114 110 109 113 123 130 132 132 132 138 141 143 145 145 144 139 135 138 136 134 132 132 134 135 136 138 139 141 142 143 145 146 148 148 148 148 148 148 148 147 147 147 -9999 -9999 -9999 -9999 -9999 -9999 -9999 -9999 -9999 -9999 -9999 -9999 -9999 -9999 -9999 -9999 -9999 -9999 -9999 -9999 -9999 -9999 -9999 -9999 -9999 -9999 -9999 -9999 -9999 -9999 -9999
-9999 23 24 25 28 32 36 40 43 49 55 72 83 88 95 99 97 97 93 90 97 102 106 115 113 111 120 134 139 138 137 136 134 133 132 131 130 128 129 130 132 134 135 137 139 140 142 144 146 147 148 148 148 147 147 147 147 147 147 -9999 146 146 146 146 146 -9999 -9999 -9999 -9999 -9999 -9999 -9999 -9999 -9999 -9999 -9999 -9999 -9999 -9999 -9999 -9999 -9999 -9999 -9999 -9999 -9999 -9999 -9999 -9999 -9999
-9999 27 25 26 28 30 33 35 36 39 45 56 69 78 82 84 82 80 75 75 83 90 93 98 101 102 104 121 121 119 113 115 121 126 126 125 125 124 125 127 129 131 133 135 137 139 141 143 145 147 148 147 147 147 147 147 146 146 146 146 146 146 146 146 146 146 146 -9999 -9999 -9999 -9999 -9999 -9999 -9999 -9999 -9999 -9999 -9999 -9999 -9999 -9999 -9999 -9999 -9999 -9999 -9999 -9999 -9999 -9999 -9999
-9999 27 27 28 29 30 32 33 36 37 37 39 41 46 56 67 67 69 62 57 63 69 74 78 79 82 85 94 113 115 113 117 120 120 120 120 120 120 121 124 126 128 130 133 135 137 139 142 144 146 147 147 147 147 146 146 146 146 146 146 145 145 145 145 145 145 145 145 145 145 145 145 -9999 145 146 146 146 -9999 -9999 -9999 -9999 -9999 -9999 -9999 -9999 -9999 -9999 -9999 -9999 -9999
-9999 29 29 30 30 31 33 34 36 36 37 36 36 37 38 37 41 49 42 45 60 67 68 69 69 71 74 78 95 105 105 109 114 115 109 105 120 121 122 124 127 129 131 133 135 137 139 141 144 146 147 146 146 146 146 145 145 145 144 144 144 144 144 144 144 144 144 145 145 145 145 145 146 146 146 146 146 147 147 147 -9999 -9999 -9999 -9999 -9999 -9999 -9999 -9999 -9999 -9999
-9999 30 30 31 32 33 34 35 36 36 36 36 35 35 35 34 36 38 36 32 45 65 69 71 66 59 64 73 76 67 84 97 99 95 100 123 126 127 128 130 131 133 134 136 137 139 141 142 144 145 146 145 145 145 144 144 143 143 142 142 142 141 141 142 142 143 143 144 144 145 145 146 146 147 147 147 147 147 147 148 148 148 -9999 -9999 -9999 -9999 -9999 -9999 -9999 -9999
-9999 30 31 32 33 34 35 37 38 38 37 36 35 34 34 33 35 35 34 29 29 35 48 55 58 33 61 62 59 31 39 53 47 86 115 130 132 133 134 135 136 137 138 139 140 141 142 143 144 145 145 145 144 143 143 142 141 141 140 137 138 139 139 140 141 141 142 143 144 145 146 146 147 148 149 149 148 148 148 148 148 148 144 -9999 -9999 -9999 -9999 -9999 -9999 -9999
-9999 32 33 33 34 35 36 39 42 38 38 36 35 36 36 34 33 31 29 27 26 26 27 26 27 27 30 27 31 37 84 96 103 104 123 136 137 139 140 140 140 141 141 142 142 143 143 144 144 145 145 144 143 142 141 135 131 135 131 126 125 125 130 136 137 137 139 141 142 139 144 147 148 149 150 150 149 149 149 149 149 149 141 121 -9999 -9999 -9999 -9999 -9999 -9999
-9999 33 35 36 40 41 45 49 50 49 43 40 39 40 44 40 37 31 28 26 24 22 21 22 20 22 19 20 24 36 81 90 101 109 114 137 143 144 145 145 145 145 145 145 145 145 145 145 144 144 144 143 142 141 131 121 118 117 115 114 111 113 112 116 120 124 126 129 132 133 134 140 141 145 149 151 151 150 150 150 149 149 149 119 101 -9999 -9999 -9999 -9999 -9999
-9999 33 34 36 43 49 54 61 65 61 55 47 46 48 55 58 55 41 31 26 23 20 19 19 18 19 16 18 21 24 31 55 95 106 119 139 148 149 151 150 150 149 148 148 147 147 146 145 145 144 143 142 141 137 126 115 112 110 104 101 100 98 100 103 105 108 110 112 115 121 123 123 120 123 145 144 150 151 151 150 150 150 149 144 109 90 -9999 -9999 -9999 -9999
-9999 37 39 42 48 50 51 54 58 61 61 55 51 51 56 59 59 59 50 31 24 20 18 17 17 16 15 16 25 37 30 65 90 99 110 128 154 119 130 156 154 153 152 151 150 148 147 146 145 144 142 141 140 131 119 109 103 100 96 93 91 90 91 95 96 98 101 102 100 101 104 101 95 97 114 117 137 146 152 151 151 150 149 149 144 103 80 64 -9999 -9999
-9999 39 43 45 46 54 64 68 67 67 67 66 65 64 60 55 49 46 50 34 27 25 21 18 15 15 15 16 25 62 54 36 52 73 105 128 152 109 110 161 159 157 156 154 152 150 149 147 145 143 142 140 133 123 115 106 99 97 93 87 83 83 83 87 90 83 80 82 80 80 79 80 80 87 96 91 114 124 129 146 151 150 150 149 149 135 94 68 59 -9999
-9999 32 39 40 43 49 59 70 77 78 79 79 79 82 75 68 60 48 34 30 27 27 26 24 16 13 15 15 17 34 59 54 76 100 114 136 129 88 91 113 147 161 159 157 154 152 150 148 145 143 141 136 124 117 110 103 98 95 92 86 81 80 79 77 70 63 61 62 63 64 60 68 70 72 76 78 84 93 98 117 136 151 150 149 149 148 121 80 53 41
-9999 21 25 31 35 39 41 46 52 58 52 70 73 82 82 79 75 68 56 32 24 23 25 20 16 13 14 14 15 23 29 29 37 41 46 79 68 45 59 89 117 146 163 160 152 154 151 148 145 139 132 125 118 114 108 102 98 94 89 82 77 73 67 59 53 50 48 47 48 49 51 57 60 61 65 71 71 78 86 103 119 138 145 146 143 144 138 106 78 41
-9999 19 18 18 17 19 32 33 14 22 21 31 51 69 69 65 48 37 53 53 27 18 22 24 20 16 12 13 12 15 17 20 29 45 31 30 31 27 38 95 99 120 135 147 143 140 151 149 139 131 122 115 114 108 102 98 96 91 87 79 72 62 51 45 41 37 36 37 37 40 42 45 48 51 56 63 66 67 74 89 103 118 131 132 125 125 124 104 67 39
-9999 28 19 17 17 15 8 8 8 8 8 8 13 22 19 17 18 9 10 18 16 12 12 13 10 10 10 11 11 13 14 15 19 28 28 24 24 26 53 116 110 98 109 127 134 131 138 135 130 122 116 110 105 104 104 97 92 88 82 68 58 49 41 36 34 32 31 32 31 33 35 37 38 40 43 50 54 59 72 82 96 107 111 117 113 117 113 77 45 39
-9999 41 34 31 34 18 17 10 8 8 8 8 8 8 8 8 8 8 8 8 8 9 9 9 9 9 10 10 10 10 11 11 13 16 17 18 24 25 31 125 152 141 122 126 113 121 124 125 121 112 111 108 106 99 99 98 91 79 66 57 47 39 33 30 28 25 24 25 26 27 31 31 31 31 32 36 41 49 64 75 86 99 104 107 105 104 95 52 39 -9999
-9999 53 53 47 45 42 18 11 8 8 8 8 8 8 8 8 8 8 8 8 8 8 9 9 11 13 11 10 10 10 10 11 11 11 12 14 19 21 25 43 117 119 123 79 73 92 100 104 103 101 102 98 -9999 -9999 -9999 -9999 -9999 57 49 46 36 32 28 26 24 23 21 22 22 23 24 24 23 23 23 25 30 40 51 62 78 92 97 104 99 86 55 40 -9999 -9999
-9999 61 68 69 67 59 49 26 17 9 16 19 9 8 8 8 8 8 8 8 8 9 9 15 27 28 20 14 10 10 10 10 11 -9999 -9999 -9999 15 19 20 26 39 39 38 38 47 61 69 71 67 71 -9999 -9999 -9999 -9999 -9999 -9999 -9999 33 32 -9999 30 27 25 -9999 -9999 -9999 -9999 -9999 -9999 -9999 21 20 18 16 15 20 24 30 43 53 69 81 84 73 67 62 49 29 -9999 -9999
