Humedad_Suelo_ASC/terraclimate_soil_1976.txt
ncols         92
nrows         62
xllcorner     -72.083333333358
yllcorner     17.458333333309
cellsize      0.041666666666657
NODATA_value  -9999
[rows 0 to 39 of 62, columns 0 to 88 of 92]
-9999 -9999 -9999 -9999 -9999 -9999 -9999 -9999 -9999 -9999 -9999 -9999 -9999 -9999 -9999 -9999 -9999 -9999 -9999 -9999 -9999 -9999 -9999 -9999 -9999 -9999 -9999 -9999 -9999 -9999 -9999 -9999 -9999 -9999 -9999 -9999 -9999 -9999 -9999 -9999 -9999 -9999 -9999 -9999 -9999 -9999 -9999 -9999 -9999 -9999 -9999 -9999 -9999 -9999 -9999 -9999 -9999 -9999 -9999 -9999 -9999 -9999 -9999 -9999 -9999 -9999 -9999 -9999 -9999 -9999 -9999 -9999 -9999 -9999 -9999 -9999 -9999 -9999 -9999 -9999 -9999 -9999 -9999 -9999 -9999 -9999 -9999 -9999 -9999
-9999 -9999 -9999 -9999 -9999 -9999 -9999 -9999 -9999 -9999 -9999 -9999 -9999 -9999 -9999 -9999 -9999 -9999 -9999 -9999 -9999 -9999 -9999 -9999 -9999 -9999 -9999 -9999 -9999 -9999 -9999 -9999 -9999 -9999 -9999 -9999 -9999 -9999 -9999 -9999 -9999 -9999 -9999 -9999 -9999 -9999 -9999 -9999 -9999 -9999 -9999 -9999 -9999 -9999 -9999 -9999 -9999 -9999 -9999 -9999 -9999 -9999 -9999 -9999 -9999 -9999 -9999 -9999 -9999 -9999 -9999 -9999 -9999 -9999 -9999 -9999 -9999 -9999 -9999 -9999 -9999 -9999 -9999 -9999 -9999 -9999 -9999 -9999 -9999
-9999 -9999 -9999 -9999 -9999 -9999 -9999 -9999 -9999 -9999 -9999 -9999 -9999 -9999 -9999 -9999 -9999 -9999 -9999 -9999 -9999 -9999 -9999 -9999 173 179 180 -9999 -9999 -9999 -9999 -9999 -9999 -9999 -9999 -9999 -9999 -9999 -9999 -9999 -9999 -9999 -9999 -9999 -9999 -9999 -9999 -9999 -9999 -9999 -9999 -9999 -9999 -9999 -9999 -9999 -9999 -9999 -9999 -9999 -9999 -9999 -9999 -9999 -9999 -9999 -9999 -9999 -9999 -9999 -9999 -9999 -9999 -9999 -9999 -9999 -9999 -9999 -9999 -9999 -9999 -9999 -9999 -9999 -9999 -9999 -9999 -9999 -9999
-9999 -9999 -9999 -9999 -9999 -9999 118 -9999 -9999 -9999 129 132 137 142 145 145 -9999 -9999 -9999 -9999 -9999 -9999 -9999 -9999 179 185 188 189 190 190 189 -9999 -9999 -9999 -9999 -9999 -9999 -9999 -9999 -9999 -9999 -9999 -9999 -9999 -9999 -9999 -9999 -9999 -9999 -9999 -9999 -9999 -9999 -9999 -9999 -9999 -9999 -9999 -9999 -9999 -9999 -9999 -9999 -9999 -9999 -9999 -9999 -9999 -9999 -9999 -9999 -9999 -9999 -9999 -9999 -9999 -9999 -9999 -9999 -9999 -9999 -9999 -9999 -9999 -9999 -9999 -9999 -9999 -9999
-9999 -9999 -9999 -9999 -9999 -9999 -9999 -9999 -9999 124 131 136 140 147 152 152 154 155 156 159 163 166 170 176 182 188 192 192 195 197 194 191 188 -9999 -9999 -9999 -9999 -9999 -9999 -9999 -9999 -9999 -9999 -9999 -9999 -9999 -9999 -9999 -9999 -9999 -9999 -9999 -9999 -9999 -9999 -9999 -9999 -9999 -9999 -9999 -9999 -9999 -9999 -9999 -9999 -9999 -9999 -9999 -9999 -9999 -9999 -9999 -9999 -9999 -9999 -9999 -9999 -9999 -9999 -9999 -9999 -9999 -9999 -9999 -9999 -9999 -9999 -9999 -9999
-9999 -9999 -9999 -9999 -9999 -9999 -9999 112 117 123 130 137 143 150 156 157 160 164 165 167 168 172 175 179 184 189 194 196 199 200 197 194 190 187 -9999 -9999 -9999 -9999 -9999 -9999 -9999 -9999 -9999 -9999 -9999 -9999 -9999 -9999 -9999 -9999 -9999 -9999 -9999 -9999 -9999 -9999 -9999 -9999 -9999 -9999 -9999 -9999 -9999 -9999 -9999 -9999 -9999 -9999 -9999 -9999 -9999 -9999 -9999 -9999 -9999 -9999 -9999 -9999 -9999 -9999 -9999 -9999 -9999 -9999 -9999 -9999 -9999 -9999 -9999
-9999 -9999 -9999 -9999 -9999 -9999 -9999 109 115 122 128 120 127 143 157 160 163 168 171 173 177 185 189 188 190 194 196 197 199 202 200 196 192 188 184 180 177 173 170 169 -9999 -9999 -9999 -9999 -9999 -9999 -9999 -9999 -9999 -9999 -9999 -9999 -9999 -9999 -9999 -9999 -9999 -9999 -9999 -9999 -9999 -9999 -9999 -9999 -9999 -9999 -9999 -9999 -9999 -9999 -9999 -9999 -9999 -9999 -9999 -9999 -9999 -9999 -9999 -9999 -9999 -9999 -9999 -9999 -9999 -9999 -9999 -9999 -9999
-9999 73 74 79 82 88 96 -9999 104 106 103 99 95 102 105 113 130 165 168 171 174 178 187 196 201 201 201 199 198 199 197 192 192 190 185 181 176 172 169 168 167 -9999 -9999 -9999 -9999 -9999 -9999 -9999 -9999 -9999 -9999 -9999 -9999 -9999 -9999 -9999 -9999 -9999 -9999 -9999 -9999 -9999 -9999 -9999 -9999 -9999 -9999 -9999 -9999 -9999 -9999 -9999 -9999 -9999 -9999 -9999 -9999 -9999 -9999 -9999 -9999 -9999 -9999 -9999 -9999 -9999 -9999 -9999 -9999
-9999 66 68 74 79 86 93 90 78 75 77 79 82 84 88 86 98 123 138 159 173 176 180 187 196 206 209 204 199 197 195 192 190 189 186 181 176 171 168 167 166 164 163 -9999 -9999 -9999 -9999 -9999 151 150 147 146 -9999 -9999 -9999 -9999 -9999 -9999 -9999 -9999 -9999 -9999 -9999 -9999 -9999 -9999 -9999 -9999 -9999 -9999 -9999 -9999 -9999 -9999 -9999 -9999 -9999 -9999 -9999 -9999 -9999 -9999 -9999 -9999 -9999 -9999 -9999 -9999 -9999
-9999 61 62 69 76 83 91 92 75 73 72 75 80 76 80 86 83 95 106 118 132 155 178 181 186 193 199 203 203 198 194 190 186 184 180 176 173 170 167 166 165 164 162 161 160 159 -9999 151 152 152 151 149 144 -9999 -9999 -9999 -9999 -9999 -9999 -9999 -9999 -9999 -9999 -9999 -9999 -9999 -9999 -9999 -9999 -9999 -9999 -9999 -9999 -9999 -9999 -9999 -9999 -9999 -9999 -9999 -9999 -9999 -9999 -9999 -9999 -9999 -9999 -9999 -9999
-9999 56 59 66 75 80 89 96 88 79 86 83 81 76 79 83 79 106 100 100 108 117 136 152 183 189 191 191 194 195 194 189 187 184 177 172 168 163 161 164 162 163 161 160 159 158 154 152 151 150 151 153 145 -9999 -9999 -9999 -9999 -9999 -9999 -9999 -9999 -9999 -9999 -9999 -9999 -9999 -9999 -9999 -9999 -9999 -9999 -9999 -9999 -9999 -9999 -9999 -9999 -9999 -9999 -9999 -9999 -9999 -9999 -9999 -9999 -9999 -9999 -9999 -9999
-9999 52 52 61 69 78 87 97 92 88 95 91 79 85 95 77 76 93 130 118 110 111 113 123 132 158 190 188 188 188 190 190 188 184 181 174 165 158 154 154 153 155 158 157 154 153 154 153 150 148 148 147 143 -9999 -9999 -9999 -9999 -9999 -9999 -9999 -9999 -9999 -9999 -9999 -9999 -9999 -9999 -9999 -9999 -9999 -9999 -9999 -9999 -9999 -9999 -9999 -9999 -9999 -9999 -9999 -9999 -9999 -9999 -9999 -9999 -9999 -9999 -9999 -9999
-9999 41 48 58 65 75 87 98 109 99 123 124 102 98 86 76 74 87 105 116 142 132 133 109 118 137 162 189 186 185 183 180 177 176 175 170 166 161 154 150 150 152 153 151 150 153 153 151 148 147 145 142 139 138 -9999 -9999 -9999 -9999 -9999 -9999 -9999 -9999 -9999 -9999 -9999 -9999 -9999 -9999 -9999 -9999 -9999 -9999 -9999 -9999 -9999 -9999 -9999 -9999 -9999 -9999 -9999 -9999 -9999 -9999 -9999 -9999 -9999 -9999 -9999
-9999 36 42 57 67 81 88 100 109 119 137 156 162 120 102 89 80 81 90 96 114 129 146 110 118 128 145 180 186 181 176 171 165 161 159 157 156 155 153 150 149 153 151 147 148 149 149 149 148 145 143 143 139 -9999 -9999 -9999 -9999 -9999 -9999 -9999 -9999 -9999 -9999 -9999 -9999 -9999 -9999 -9999 -9999 -9999 -9999 -9999 -9999 -9999 -9999 -9999 -9999 -9999 -9999 -9999 -9999 -9999 -9999 -9999 -9999 -9999 -9999 -9999 -9999
-9999 38 42 55 68 81 93 101 108 118 131 149 163 174 123 99 111 101 96 99 126 140 156 108 130 144 148 179 181 178 170 161 154 150 147 145 142 139 139 144 146 149 145 143 144 144 144 145 145 145 143 141 139 138 -9999 -9999 -9999 -9999 -9999 -9999 -9999 -9999 -9999 -9999 -9999 -9999 -9999 -9999 -9999 -9999 -9999 -9999 -9999 -9999 -9999 -9999 -9999 -9999 -9999 -9999 -9999 -9999 -9999 -9999 -9999 -9999 -9999 -9999 -9999
-9999 35 40 53 66 80 90 102 112 120 129 141 154 164 146 131 136 166 165 139 172 167 153 132 174 180 174 168 167 168 162 153 146 142 139 134 132 129 128 130 134 139 140 140 140 143 143 141 141 142 142 141 139 136 -9999 -9999 -9999 -9999 -9999 -9999 -9999 -9999 -9999 -9999 -9999 -9999 -9999 -9999 -9999 -9999 -9999 -9999 -9999 -9999 -9999 -9999 -9999 -9999 -9999 -9999 -9999 -9999 -9999 -9999 -9999 -9999 -9999 -9999 -9999
-9999 36 41 52 63 75 86 96 107 118 128 140 151 160 160 160 161 161 163 162 161 164 164 164 168 169 166 164 161 157 151 148 141 139 133 129 127 124 122 123 126 128 130 133 134 137 141 143 139 139 140 140 138 136 134 -9999 -9999 -9999 -9999 -9999 -9999 -9999 -9999 -9999 -9999 -9999 -9999 133 129 -9999 -9999 -9999 -9999 -9999 -9999 -9999 -9999 -9999 -9999 -9999 -9999 -9999 -9999 -9999 -9999 -9999 -9999 -9999 -9999
-9999 36 40 51 62 72 82 92 101 110 120 130 141 153 158 157 156 156 156 154 155 158 158 157 158 159 157 153 151 146 141 136 132 131 128 124 122 120 117 118 119 122 122 124 127 130 133 135 135 136 138 138 137 135 133 131 -9999 -9999 -9999 135 134 134 132 131 132 134 139 137 135 125 124 -9999 -9999 -9999 -9999 -9999 -9999 -9999 -9999 -9999 -9999 -9999 -9999 -9999 -9999 -9999 -9999 -9999 -9999
-9999 35 40 49 60 69 77 86 95 103 112 121 130 143 150 154 153 150 148 148 150 153 152 151 151 152 151 145 141 138 135 133 127 124 123 120 119 118 114 113 113 115 117 119 120 124 127 129 132 134 134 136 134 134 132 132 135 136 133 134 135 136 135 133 134 136 138 140 134 126 124 -9999 -9999 -9999 -9999 -9999 -9999 -9999 -9999 -9999 -9999 -9999 -9999 -9999 -9999 -9999 -9999 -9999 -9999
-9999 34 39 49 58 66 72 80 89 96 103 111 121 133 138 138 142 143 141 141 141 143 143 143 143 142 141 137 133 131 129 128 125 122 119 115 116 116 112 110 109 111 112 114 116 118 120 123 127 131 134 133 132 131 129 130 132 132 132 133 132 133 132 131 133 134 135 135 131 128 -9999 -9999 -9999 -9999 -9999 -9999 -9999 -9999 -9999 -9999 -9999 -9999 -9999 -9999 -9999 -9999 -9999 -9999 -9999
-9999 33 34 47 56 63 67 73 82 90 96 102 110 119 123 123 125 129 131 132 132 133 133 134 133 132 129 126 124 123 123 123 119 116 113 111 108 110 109 108 106 106 108 110 111 113 114 117 122 125 127 128 128 127 126 125 124 125 124 -9999 -9999 -9999 126 127 128 130 132 130 127 -9999 -9999 -9999 -9999 -9999 -9999 -9999 -9999 -9999 -9999 -9999 -9999 -9999 -9999 -9999 -9999 -9999 -9999 -9999 -9999
-9999 33 34 37 48 55 62 64 73 81 86 94 101 105 111 115 114 115 113 112 115 119 121 121 119 118 118 117 116 115 116 116 112 109 106 104 105 105 107 107 106 105 107 108 109 110 111 115 117 121 123 123 123 122 122 120 119 120 120 -9999 -9999 -9999 -9999 -9999 -9999 -9999 -9999 -9999 -9999 -9999 -9999 -9999 -9999 -9999 -9999 -9999 -9999 -9999 -9999 -9999 -9999 -9999 -9999 -9999 -9999 -9999 -9999 -9999 -9999
-9999 34 35 37 41 47 52 57 60 67 73 85 92 97 102 104 103 102 100 99 103 105 107 109 107 104 107 109 109 108 107 105 105 105 103 102 101 103 101 104 106 105 108 108 107 109 111 114 117 120 122 122 121 121 120 119 119 118 118 -9999 118 119 120 122 121 -9999 -9999 -9999 -9999 -9999 -9999 -9999 -9999 -9999 -9999 -9999 -9999 -9999 -9999 -9999 -9999 -9999 -9999 -9999 -9999 -9999 -9999 -9999 -9999
-9999 38 36 38 39 43 47 50 56 58 63 72 82 88 90 92 91 90 86 85 91 94 95 96 97 96 97 100 97 96 95 95 96 97 96 97 97 99 100 102 104 105 107 109 108 110 111 113 116 119 121 121 122 121 120 119 119 118 118 118 118 120 121 122 120 118 116 -9999 -9999 -9999 -9999 -9999 -9999 -9999 -9999 -9999 -9999 -9999 -9999 -9999 -9999 -9999 -9999 -9999 -9999 -9999 -9999 -9999 -9999
-9999 37 37 38 41 44 45 47 51 53 54 57 60 67 75 79 78 78 74 71 75 79 81 82 82 83 85 86 89 89 88 88 89 92 90 90 92 94 96 99 102 103 106 107 107 111 111 113 115 118 118 118 120 119 116 117 117 117 118 118 118 119 121 120 119 116 116 114 113 112 112 112 -9999 113 111 110 108 -9999 -9999 -9999 -9999 -9999 -9999 -9999 -9999 -9999 -9999 -9999 -9999
-9999 40 40 41 43 45 48 48 51 53 52 52 53 54 58 58 62 68 65 67 70 75 75 77 75 74 76 76 82 84 84 86 87 87 87 87 91 96 97 100 103 105 106 108 110 111 111 112 115 118 117 116 117 117 115 115 114 114 114 113 115 116 116 117 115 116 115 115 115 114 115 115 116 116 115 113 113 110 107 107 -9999 -9999 -9999 -9999 -9999 -9999 -9999 -9999 -9999
-9999 44 45 47 47 49 49 50 51 52 53 51 51 50 46 45 54 61 53 43 68 72 75 76 74 69 72 76 77 75 79 84 85 87 89 93 99 101 102 104 108 113 109 110 111 113 113 114 116 118 116 114 114 113 111 111 109 109 108 107 108 109 111 112 112 111 111 111 112 114 117 118 118 118 117 118 118 117 113 110 106 105 -9999 -9999 -9999 -9999 -9999 -9999 -9999
-9999 46 48 51 52 54 54 55 56 55 53 52 49 45 43 42 45 44 44 40 42 59 69 71 70 66 71 72 73 72 75 81 83 88 95 102 106 108 106 107 109 113 111 112 114 115 115 115 116 116 115 113 110 110 110 107 105 104 103 101 102 103 104 105 105 106 106 106 107 108 112 116 116 117 118 118 121 125 120 115 111 106 104 -9999 -9999 -9999 -9999 -9999 -9999
-9999 47 49 53 55 57 57 58 59 55 53 52 50 48 46 44 42 40 38 36 35 37 39 38 41 41 55 47 60 75 85 91 95 96 103 110 111 111 110 110 108 112 116 115 116 117 117 116 115 114 113 111 107 105 103 101 100 100 99 96 95 95 96 99 100 100 101 103 103 102 104 107 108 112 112 113 115 118 122 119 114 110 105 103 -9999 -9999 -9999 -9999 -9999
-9999 52 52 55 59 59 62 66 67 66 61 60 59 62 66 64 48 41 37 33 32 29 28 31 29 34 31 33 42 78 88 93 99 104 107 115 118 118 118 118 116 113 116 119 119 119 118 118 116 113 111 109 106 103 100 97 95 94 92 91 88 89 89 91 93 95 96 97 97 98 98 101 102 105 108 109 111 114 120 121 120 112 108 104 102 -9999 -9999 -9999 -9999
-9999 54 54 55 60 65 71 75 78 77 74 66 66 71 76 79 75 67 42 34 29 25 25 25 25 27 22 30 36 42 62 90 101 108 114 121 123 121 122 124 123 120 118 118 121 121 118 119 116 113 110 107 105 101 98 95 93 91 87 86 84 83 84 85 87 89 90 91 93 95 97 99 100 102 106 107 108 111 116 120 119 115 112 107 103 101 -9999 -9999 -9999
-9999 56 56 59 64 66 66 70 75 79 80 73 70 70 76 80 80 79 74 43 32 27 22 21 21 20 19 23 43 79 59 93 100 107 113 121 126 126 127 129 129 127 128 123 120 119 117 118 116 111 109 105 102 98 95 91 89 88 85 82 80 79 79 82 83 85 87 88 90 92 95 97 98 100 103 104 106 107 111 113 116 118 115 111 107 104 103 100 -9999
-9999 55 59 61 62 71 78 82 83 84 84 84 84 83 79 74 70 70 74 46 36 34 29 22 18 18 19 22 44 92 95 77 101 106 112 123 131 129 129 133 133 130 132 128 120 119 118 117 114 112 108 103 99 96 93 90 87 85 82 79 77 75 75 77 80 81 82 85 88 90 92 95 97 100 102 101 104 105 106 108 110 113 113 112 110 108 105 102 101
-9999 54 55 56 59 66 75 80 85 87 87 89 91 94 91 87 78 70 45 42 36 38 38 35 20 17 20 21 28 80 97 100 106 112 119 129 132 130 132 132 134 133 133 132 122 120 118 114 112 108 105 101 97 94 91 87 85 83 80 77 74 72 72 74 76 78 81 83 86 88 90 94 97 100 102 102 103 103 104 105 107 109 111 111 110 109 107 104 100
-9999 14 23 36 51 57 61 65 75 77 78 83 85 92 91 90 90 86 77 44 31 32 36 30 21 17 18 19 21 46 68 64 83 92 107 123 127 126 130 134 134 135 134 131 123 119 117 114 110 105 101 98 95 93 89 86 84 80 77 73 71 68 68 71 73 76 79 81 84 87 91 94 97 101 102 103 103 103 104 105 105 107 108 108 108 107 107 105 102
-9999 12 11 12 11 14 39 39 7 20 21 39 75 84 85 84 70 60 84 84 37 24 32 36 29 20 17 19 19 21 29 37 63 98 73 72 85 73 118 140 137 136 133 131 123 118 117 113 108 102 97 94 92 90 87 84 81 78 76 71 68 66 66 68 71 73 76 79 83 86 90 94 98 102 104 104 104 104 104 104 104 106 107 107 106 105 105 105 101
-9999 27 13 10 11 7 7 7 6 6 6 6 11 23 20 17 20 10 12 23 18 15 16 17 15 16 16 18 18 20 22 24 41 68 55 48 48 54 141 149 144 137 132 130 123 118 116 111 106 100 95 91 87 85 85 82 79 75 72 69 65 62 63 66 68 71 74 77 82 85 89 94 98 102 104 104 104 104 105 105 105 106 106 106 105 106 105 103 98
-9999 57 40 35 41 14 13 7 6 6 6 6 6 6 6 6 6 6 6 6 6 13 13 13 13 16 17 17 17 19 20 21 24 29 31 34 49 54 91 149 149 144 137 131 124 117 113 109 105 99 94 90 87 84 83 82 78 74 70 68 65 62 62 65 67 69 72 76 80 84 89 93 97 100 103 102 103 104 105 105 106 107 106 106 105 104 104 100 98
-9999 65 66 61 61 60 14 7 7 6 6 6 6 6 6 6 6 6 6 6 6 7 8 13 17 18 18 17 17 17 18 20 21 22 25 30 39 46 54 126 141 138 134 122 115 113 110 105 102 97 93 89 -9999 -9999 -9999 -9999 -9999 73 70 68 66 63 63 66 68 69 72 74 72 77 80 82 77 74 75 89 101 103 103 103 104 105 106 106 105 103 100 98 -9999
-9999 74 82 84 82 72 65 27 14 7 14 18 7 6 6 6 6 6 6 6 6 7 11 21 43 44 33 21 18 17 18 20 22 -9999 -9999 -9999 34 42 48 59 117 120 116 112 111 109 106 102 98 94 -9999 -9999 -9999 -9999 -9999 -9999 -9999 72 69 -9999 66 63 63 -9999 -9999 -9999 -9999 -9999 -9999 -9999 68 68 59 54 53 72 95 100 101 102 103 104 104 103 102 100 98 95 -9999
