Humedad_Suelo_ASC/terraclimate_soil_1972.txt
ncols         92
nrows         62
xllcorner     -72.083333333358
yllcorner     17.458333333309
cellsize      0.041666666666657
NODATA_value  -9999
[rows 0 to 40 of 62, columns 0 to 91 of 92]
-9999 -9999 -9999 -9999 -9999 -9999 -9999 -9999 -9999 -9999 -9999 -9999 -9999 -9999 -9999 -9999 -9999 -9999 -9999 -9999 -9999 -9999 -9999 -9999 -9999 -9999 -9999 -9999 -9999 -9999 -9999 -9999 -9999 -9999 -9999 -9999 -9999 -9999 -9999 -9999 -9999 -9999 -9999 -9999 -9999 -9999 -9999 -9999 -9999 -9999 -9999 -9999 -9999 -9999 -9999 -9999 -9999 -9999 -9999 -9999 -9999 -9999 -9999 -9999 -9999 -9999 -9999 -9999 -9999 -9999 -9999 -9999 -9999 -9999 -9999 -9999 -9999 -9999 -9999 -9999 -9999 -9999 -9999 -9999 -9999 -9999 -9999 -9999 -9999 -9999 -9999 -9999
-9999 -9999 -9999 -9999 -9999 -9999 -9999 -9999 -9999 -9999 -9999 -9999 -9999 -9999 -9999 -9999 -9999 -9999 -9999 -9999 -9999 -9999 -9999 -9999 -9999 -9999 -9999 -9999 -9999 -9999 -9999 -9999 -9999 -9999 -9999 -9999 -9999 -9999 -9999 -9999 -9999 -9999 -9999 -9999 -9999 -9999 -9999 -9999 -9999 -9999 -9999 -9999 -9999 -9999 -9999 -9999 -9999 -9999 -9999 -9999 -9999 -9999 -9999 -9999 -9999 -9999 -9999 -9999 -9999 -9999 -9999 -9999 -9999 -9999 -9999 -9999 -9999 -9999 -9999 -9999 -9999 -9999 -9999 -9999 -9999 -9999 -9999 -9999 -9999 -9999 -9999 -9999
-9999 -9999 -9999 -9999 -9999 -9999 -9999 -9999 -9999 -9999 -9999 -9999 -9999 -9999 -9999 -9999 -9999 -9999 -9999 -9999 -9999 -9999 -9999 -9999 31 48 65 -9999 -9999 -9999 -9999 -9999 -9999 -9999 -9999 -9999 -9999 -9999 -9999 -9999 -9999 -9999 -9999 -9999 -9999 -9999 -9999 -9999 -9999 -9999 -9999 -9999 -9999 -9999 -9999 -9999 -9999 -9999 -9999 -9999 -9999 -9999 -9999 -9999 -9999 -9999 -9999 -9999 -9999 -9999 -9999 -9999 -9999 -9999 -9999 -9999 -9999 -9999 -9999 -9999 -9999 -9999 -9999 -9999 -9999 -9999 -9999 -9999 -9999 -9999 -9999 -9999
-9999 -9999 -9999 -9999 -9999 -9999 10 -9999 -9999 -9999 8 8 8 9 9 8 -9999 -9999 -9999 -9999 -9999 -9999 -9999 -9999 33 61 81 92 106 118 130 -9999 -9999 -9999 -9999 -9999 -9999 -9999 -9999 -9999 -9999 -9999 -9999 -9999 -9999 -9999 -9999 -9999 -9999 -9999 -9999 -9999 -9999 -9999 -9999 -9999 -9999 -9999 -9999 -9999 -9999 -9999 -9999 -9999 -9999 -9999 -9999 -9999 -9999 -9999 -9999 -9999 -9999 -9999 -9999 -9999 -9999 -9999 -9999 -9999 -9999 -9999 -9999 -9999 -9999 -9999 -9999 -9999 -9999 -9999 -9999 -9999
-9999 -9999 -9999 -9999 -9999 -9999 -9999 -9999 -9999 8 8 8 8 10 11 11 11 9 10 10 12 13 15 19 30 55 80 99 117 137 146 149 164 -9999 -9999 -9999 -9999 -9999 -9999 -9999 -9999 -9999 -9999 -9999 -9999 -9999 -9999 -9999 -9999 -9999 -9999 -9999 -9999 -9999 -9999 -9999 -9999 -9999 -9999 -9999 -9999 -9999 -9999 -9999 -9999 -9999 -9999 -9999 -9999 -9999 -9999 -9999 -9999 -9999 -9999 -9999 -9999 -9999 -9999 -9999 -9999 -9999 -9999 -9999 -9999 -9999 -9999 -9999 -9999 -9999 -9999 -9999
-9999 -9999 -9999 -9999 -9999 -9999 -9999 8 8 8 8 8 8 9 10 11 13 15 16 13 13 15 17 22 30 46 69 94 124 159 169 177 181 187 -9999 -9999 -9999 -9999 -9999 -9999 -9999 -9999 -9999 -9999 -9999 -9999 -9999 -9999 -9999 -9999 -9999 -9999 -9999 -9999 -9999 -9999 -9999 -9999 -9999 -9999 -9999 -9999 -9999 -9999 -9999 -9999 -9999 -9999 -9999 -9999 -9999 -9999 -9999 -9999 -9999 -9999 -9999 -9999 -9999 -9999 -9999 -9999 -9999 -9999 -9999 -9999 -9999 -9999 -9999 -9999 -9999 -9999
-9999 -9999 -9999 -9999 -9999 -9999 -9999 8 8 8 8 8 8 8 9 10 11 15 16 18 22 91 106 43 41 48 78 108 124 156 187 196 192 188 184 180 177 173 170 169 -9999 -9999 -9999 -9999 -9999 -9999 -9999 -9999 -9999 -9999 -9999 -9999 -9999 -9999 -9999 -9999 -9999 -9999 -9999 -9999 -9999 -9999 -9999 -9999 -9999 -9999 -9999 -9999 -9999 -9999 -9999 -9999 -9999 -9999 -9999 -9999 -9999 -9999 -9999 -9999 -9999 -9999 -9999 -9999 -9999 -9999 -9999 -9999 -9999 -9999 -9999 -9999
-9999 27 19 13 11 10 9 -9999 8 8 8 8 9 9 8 9 9 11 12 14 16 20 44 116 139 108 108 117 137 156 177 196 194 190 185 181 176 172 169 168 167 -9999 -9999 -9999 -9999 -9999 -9999 -9999 -9999 -9999 -9999 -9999 -9999 -9999 -9999 -9999 -9999 -9999 -9999 -9999 -9999 -9999 -9999 -9999 -9999 -9999 -9999 -9999 -9999 -9999 -9999 -9999 -9999 -9999 -9999 -9999 -9999 -9999 -9999 -9999 -9999 -9999 -9999 -9999 -9999 -9999 -9999 -9999 -9999 -9999 -9999 -9999
-9999 28 21 18 12 11 11 10 9 9 9 9 10 10 9 9 10 11 11 12 13 15 17 22 53 122 184 183 157 165 170 180 190 191 186 181 176 171 168 167 166 164 163 -9999 -9999 -9999 -9999 -9999 157 156 155 155 -9999 -9999 -9999 -9999 -9999 -9999 -9999 -9999 -9999 -9999 -9999 -9999 -9999 -9999 -9999 -9999 -9999 -9999 -9999 -9999 -9999 -9999 -9999 -9999 -9999 -9999 -9999 -9999 -9999 -9999 -9999 -9999 -9999 -9999 -9999 -9999 -9999 -9999 -9999 -9999
-9999 43 43 27 24 14 14 13 12 13 13 13 12 12 12 12 11 12 12 12 12 12 13 14 16 20 32 145 189 172 170 167 176 185 183 180 176 170 167 166 165 164 162 161 160 159 -9999 157 156 155 154 154 154 -9999 -9999 -9999 -9999 -9999 -9999 -9999 -9999 -9999 -9999 -9999 -9999 -9999 -9999 -9999 -9999 -9999 -9999 -9999 -9999 -9999 -9999 -9999 -9999 -9999 -9999 -9999 -9999 -9999 -9999 -9999 -9999 -9999 -9999 -9999 -9999 -9999 -9999 -9999
-9999 40 43 43 48 26 24 19 19 19 22 19 19 18 16 15 14 24 18 14 13 13 12 12 13 15 19 24 66 131 157 186 192 189 184 175 162 169 166 165 164 163 161 160 159 158 157 156 155 154 153 153 153 -9999 -9999 -9999 -9999 -9999 -9999 -9999 -9999 -9999 -9999 -9999 -9999 -9999 -9999 -9999 -9999 -9999 -9999 -9999 -9999 -9999 -9999 -9999 -9999 -9999 -9999 -9999 -9999 -9999 -9999 -9999 -9999 -9999 -9999 -9999 -9999 -9999 -9999 -9999
-9999 40 36 41 39 42 35 30 30 32 35 32 27 31 35 22 17 26 45 30 21 17 15 13 12 13 16 18 21 28 91 131 174 185 188 182 173 167 163 164 163 162 161 160 158 157 156 155 154 153 153 153 152 -9999 -9999 -9999 -9999 -9999 -9999 -9999 -9999 -9999 -9999 -9999 -9999 -9999 -9999 -9999 -9999 -9999 -9999 -9999 -9999 -9999 -9999 -9999 -9999 -9999 -9999 -9999 -9999 -9999 -9999 -9999 -9999 -9999 -9999 -9999 -9999 -9999 -9999 -9999
-9999 28 34 41 37 41 47 53 47 47 74 71 51 50 40 31 26 34 40 41 54 35 26 17 14 15 16 18 19 19 21 24 44 101 146 170 175 168 163 160 160 161 160 159 158 157 156 155 154 153 152 152 152 152 -9999 -9999 -9999 -9999 -9999 -9999 -9999 -9999 -9999 -9999 -9999 -9999 -9999 -9999 -9999 -9999 -9999 -9999 -9999 -9999 -9999 -9999 -9999 -9999 -9999 -9999 -9999 -9999 -9999 -9999 -9999 -9999 -9999 -9999 -9999 -9999 -9999 -9999
-9999 22 25 38 43 54 51 60 63 70 86 108 115 86 65 51 43 43 46 43 48 47 47 22 20 17 16 20 27 22 19 19 21 23 43 80 122 164 161 160 160 159 158 157 156 155 155 154 153 152 152 151 151 -9999 -9999 -9999 -9999 -9999 -9999 -9999 -9999 -9999 -9999 -9999 -9999 -9999 -9999 -9999 -9999 -9999 -9999 -9999 -9999 -9999 -9999 -9999 -9999 -9999 -9999 -9999 -9999 -9999 -9999 -9999 -9999 -9999 -9999 -9999 -9999 -9999 -9999 -9999
-9999 23 24 32 42 53 62 63 64 70 81 101 115 121 104 69 78 65 54 52 61 60 67 26 29 26 21 26 68 71 31 18 17 17 18 21 45 78 117 154 156 156 155 155 154 154 153 153 152 152 151 151 151 151 -9999 -9999 -9999 -9999 -9999 -9999 -9999 -9999 -9999 -9999 -9999 -9999 -9999 -9999 -9999 -9999 -9999 -9999 -9999 -9999 -9999 -9999 -9999 -9999 -9999 -9999 -9999 -9999 -9999 -9999 -9999 -9999 -9999 -9999 -9999 -9999 -9999 -9999
-9999 21 23 28 37 49 57 68 74 78 82 93 105 112 111 109 111 116 117 86 109 93 70 49 70 71 39 28 40 64 52 20 17 17 16 16 19 27 45 78 121 151 153 153 152 152 152 152 151 151 151 151 151 150 -9999 -9999 -9999 -9999 -9999 -9999 -9999 -9999 -9999 -9999 -9999 -9999 -9999 -9999 -9999 -9999 -9999 -9999 -9999 -9999 -9999 -9999 -9999 -9999 -9999 -9999 -9999 -9999 -9999 -9999 -9999 -9999 -9999 -9999 -9999 -9999 -9999 -9999
-9999 22 23 28 32 42 52 59 69 78 84 97 109 114 106 108 109 111 115 113 111 113 92 78 89 70 57 62 60 57 40 37 20 29 18 17 18 19 23 37 68 102 142 146 148 150 150 150 150 150 150 150 150 150 150 -9999 -9999 -9999 -9999 -9999 -9999 -9999 -9999 -9999 -9999 -9999 -9999 148 148 -9999 -9999 -9999 -9999 -9999 -9999 -9999 -9999 -9999 -9999 -9999 -9999 -9999 -9999 -9999 -9999 -9999 -9999 -9999 -9999 -9999 -9999 -9999
-9999 21 23 27 32 37 45 53 61 66 75 85 99 112 114 110 110 112 112 108 109 118 115 110 96 92 68 55 56 48 34 24 20 30 27 21 21 19 21 24 41 66 94 133 140 144 148 149 150 150 150 150 150 150 149 149 -9999 -9999 -9999 149 148 148 148 148 148 148 148 148 148 148 148 -9999 -9999 -9999 -9999 -9999 -9999 -9999 -9999 -9999 -9999 -9999 -9999 -9999 -9999 -9999 -9999 -9999 -9999 -9999 -9999 -9999
-9999 21 22 27 31 35 39 46 52 58 66 74 84 100 111 118 117 111 106 107 113 121 118 117 116 120 106 68 53 48 44 42 31 30 32 27 24 20 22 25 36 53 73 105 122 137 141 143 147 149 150 149 149 149 149 149 149 149 148 148 148 148 148 148 148 148 148 147 147 147 147 -9999 -9999 -9999 -9999 -9999 -9999 -9999 -9999 -9999 -9999 -9999 -9999 -9999 -9999 -9999 -9999 -9999 -9999 -9999 -9999 -9999
-9999 21 22 27 31 34 36 40 46 51 55 62 76 92 100 100 107 107 103 106 107 112 112 114 111 112 112 87 72 61 71 60 51 44 46 31 26 27 28 35 46 63 83 95 112 131 133 137 142 147 149 149 149 149 148 148 148 148 148 148 148 147 147 147 147 147 147 147 147 147 -9999 -9999 -9999 -9999 -9999 -9999 -9999 -9999 -9999 -9999 -9999 -9999 -9999 -9999 -9999 -9999 -9999 -9999 -9999 -9999 -9999 -9999
-9999 22 23 25 29 33 34 37 41 47 50 55 63 73 77 77 82 91 96 99 101 104 106 108 108 106 99 97 95 93 99 82 53 42 45 51 44 42 43 50 60 77 83 88 99 112 127 130 136 140 143 145 146 146 145 144 143 144 144 -9999 -9999 -9999 147 147 147 147 147 147 147 -9999 -9999 -9999 -9999 -9999 -9999 -9999 -9999 -9999 -9999 -9999 -9999 -9999 -9999 -9999 -9999 -9999 -9999 -9999 -9999 -9999 -9999 -9999
-9999 22 23 25 26 29 32 34 37 40 43 46 52 55 63 71 70 74 70 69 75 86 92 92 88 85 91 91 89 89 93 74 53 39 36 45 60 77 75 82 81 83 88 90 96 103 117 128 131 136 138 139 140 138 139 137 137 138 139 -9999 -9999 -9999 -9999 -9999 -9999 -9999 -9999 -9999 -9999 -9999 -9999 -9999 -9999 -9999 -9999 -9999 -9999 -9999 -9999 -9999 -9999 -9999 -9999 -9999 -9999 -9999 -9999 -9999 -9999 -9999 -9999 -9999
-9999 23 24 25 26 27 30 32 34 37 39 42 45 49 56 60 59 60 56 54 62 69 74 79 75 71 79 89 89 88 85 78 61 49 46 59 80 91 84 96 101 96 98 100 102 105 114 128 131 135 137 138 137 137 136 135 136 135 135 -9999 136 139 142 145 145 -9999 -9999 -9999 -9999 -9999 -9999 -9999 -9999 -9999 -9999 -9999 -9999 -9999 -9999 -9999 -9999 -9999 -9999 -9999 -9999 -9999 -9999 -9999 -9999 -9999 -9999 -9999
-9999 24 24 25 26 27 28 30 32 34 36 39 41 44 45 49 48 45 43 42 50 58 62 66 68 68 71 80 74 68 65 58 59 73 73 71 82 90 91 107 112 116 119 123 117 116 120 126 130 133 137 137 139 137 136 136 135 134 136 136 137 139 142 145 144 142 139 -9999 -9999 -9999 -9999 -9999 -9999 -9999 -9999 -9999 -9999 -9999 -9999 -9999 -9999 -9999 -9999 -9999 -9999 -9999 -9999 -9999 -9999 -9999 -9999 -9999
-9999 25 25 26 26 27 28 29 30 32 32 34 35 37 38 40 39 40 38 36 38 39 45 49 51 54 56 60 70 68 66 67 68 74 70 63 70 82 84 105 112 115 120 120 121 127 126 128 130 133 133 134 136 135 132 133 133 133 135 135 136 138 141 142 141 138 138 136 134 134 135 135 -9999 134 117 97 86 -9999 -9999 -9999 -9999 -9999 -9999 -9999 -9999 -9999 -9999 -9999 -9999 -9999 -9999 -9999
-9999 25 26 26 27 27 28 29 30 31 31 32 32 33 34 33 34 35 33 33 36 38 39 42 40 41 44 45 58 62 62 64 66 66 59 52 65 81 84 106 113 117 120 123 126 125 127 127 131 134 128 131 132 133 130 130 130 130 130 129 131 134 135 138 137 138 136 136 137 137 138 139 141 142 133 120 103 82 66 53 -9999 -9999 -9999 -9999 -9999 -9999 -9999 -9999 -9999 -9999 -9999 -9999
-9999 27 27 27 28 28 29 30 31 31 32 32 32 33 33 32 33 33 33 28 34 37 38 39 37 35 36 41 43 39 45 54 56 58 61 73 86 92 85 109 121 129 122 122 127 127 126 126 130 132 123 119 125 126 124 120 118 116 117 119 118 124 128 130 131 131 131 130 131 135 138 141 143 143 135 135 140 134 98 70 49 39 -9999 -9999 -9999 -9999 -9999 -9999 -9999 -9999 -9999 -9999
-9999 27 27 28 29 29 30 31 32 32 32 32 33 33 33 32 33 32 31 23 24 30 35 35 35 27 36 37 37 23 27 34 30 54 68 83 95 99 95 106 117 125 118 122 127 130 128 125 122 123 116 114 109 111 115 106 101 100 98 96 100 105 109 112 116 123 119 123 124 125 130 136 138 139 141 142 146 148 147 110 74 39 32 -9999 -9999 -9999 -9999 -9999 -9999 -9999 -9999 -9999
-9999 29 29 29 30 31 31 32 33 33 33 33 33 34 34 33 31 27 22 20 18 19 20 18 20 20 26 21 27 30 50 59 64 66 81 97 94 90 96 100 101 115 124 120 122 127 127 123 119 115 111 105 98 96 92 86 83 87 84 81 81 83 87 92 96 97 100 106 106 99 106 85 77 112 105 96 112 131 149 125 91 52 31 29 -9999 -9999 -9999 -9999 -9999 -9999 -9999 -9999
-9999 29 30 31 32 33 34 35 35 35 35 35 35 36 37 36 34 29 22 18 15 11 10 12 8 12 8 9 18 31 49 58 68 78 84 100 105 103 103 102 101 104 114 122 123 126 127 124 117 109 104 99 92 86 80 74 72 70 70 68 67 70 70 73 77 80 82 85 73 56 48 42 41 46 48 52 59 72 145 132 130 63 34 28 27 -9999 -9999 -9999 -9999 -9999 -9999 -9999
-9999 30 31 32 33 34 35 37 38 38 37 36 37 38 39 39 38 36 28 20 13 8 8 8 8 8 7 8 14 19 28 46 65 78 88 103 107 99 105 109 107 111 111 113 122 125 121 121 114 107 99 94 89 82 74 67 65 64 59 57 56 56 58 60 62 64 62 52 46 37 34 33 32 31 39 35 36 61 100 114 117 81 54 33 28 27 -9999 -9999 -9999 -9999 -9999 -9999
-9999 31 32 33 34 35 36 37 38 39 39 38 38 39 39 40 39 39 38 28 17 9 7 7 7 6 6 7 19 35 26 47 59 69 79 96 105 83 95 112 114 118 126 115 115 117 112 116 110 101 95 88 83 76 68 61 58 56 52 50 49 49 49 51 52 42 39 36 33 31 29 28 25 26 32 29 34 37 47 65 95 106 68 45 35 28 27 26 -9999 -9999 -9999 -9999
-9999 32 33 34 35 36 38 41 42 42 42 41 41 41 40 39 38 38 38 31 21 17 11 7 6 6 6 7 19 48 44 31 44 61 72 93 106 87 77 113 117 119 125 121 107 112 107 107 104 100 91 83 76 70 64 57 52 51 49 45 43 42 42 39 36 31 30 29 27 26 24 23 22 25 26 23 30 30 30 37 45 64 59 50 46 36 29 25 24 -9999 -9999 -9999
-9999 31 33 33 34 35 37 39 44 46 47 48 50 53 48 42 40 38 32 26 20 21 20 16 6 5 6 6 7 29 51 49 61 69 79 99 100 68 60 84 113 117 121 123 101 105 106 98 96 90 84 77 70 64 59 54 50 48 46 43 39 38 36 31 27 25 24 24 24 23 21 21 21 21 22 21 21 23 25 29 30 37 40 42 46 44 35 27 23 21 -9999 -9999
-9999 17 21 28 32 34 34 35 36 38 38 40 42 50 49 47 46 41 39 29 15 14 17 9 6 5 5 6 6 14 23 23 32 35 34 70 47 31 35 55 89 114 118 115 98 97 99 93 86 79 75 69 64 61 56 52 48 45 41 38 36 31 26 24 22 22 21 21 21 21 19 19 20 20 20 20 19 21 22 25 28 30 34 36 38 40 39 32 25 21 21 -9999
-9999 15 15 16 15 16 32 32 6 14 13 27 38 40 41 40 40 31 40 40 20 8 12 16 9 6 5 5 5 6 8 9 22 39 27 25 27 20 26 72 69 92 107 105 93 88 93 89 81 73 67 62 59 55 51 48 45 40 37 33 27 24 21 20 20 19 19 19 19 17 17 18 18 18 18 19 19 19 21 23 26 29 32 33 34 35 36 31 25 21 -9999 -9999
-9999 23 16 13 14 8 5 5 4 4 4 4 4 12 8 7 8 4 4 7 5 4 5 5 4 4 5 5 5 6 6 7 9 20 21 17 15 16 35 99 84 69 80 99 87 82 85 81 75 68 62 56 52 48 46 42 39 36 31 25 21 19 18 18 18 17 16 16 15 14 16 16 17 17 18 18 19 19 22 24 26 29 31 33 32 33 34 26 22 21 -9999 -9999
-9999 34 33 29 33 15 11 5 4 4 4 4 4 4 4 4 4 4 4 4 4 4 4 4 4 5 5 5 5 5 5 6 6 7 8 9 16 15 23 112 124 117 92 94 86 76 75 73 68 61 60 56 51 43 39 39 34 28 24 21 19 17 16 15 14 11 9 9 10 12 14 15 16 16 17 18 18 20 22 24 27 29 31 33 32 32 31 24 22 -9999 -9999 -9999
-9999 36 37 36 36 36 12 6 4 4 4 4 4 4 4 4 4 4 4 4 4 4 4 4 5 5 5 5 5 5 5 5 5 6 7 8 10 11 16 33 96 91 91 52 53 68 66 63 61 57 52 46 -9999 -9999 -9999 -9999 -9999 22 20 18 15 14 12 10 9 9 9 9 9 9 11 13 13 13 14 16 18 19 21 23 27 30 32 34 33 29 25 23 -9999 -9999 -9999 -9999
-9999 38 43 44 41 39 38 20 7 4 6 7 4 4 4 4 4 4 4 4 4 4 4 5 20 24 12 5 5 5 5 5 5 -9999 -9999 -9999 9 10 12 19 31 31 31 33 35 45 54 54 50 48 -9999 -9999 -9999 -9999 -9999 -9999 -9999 20 19 -9999 12 11 11 -9999 -9999 -9999 -9999 -9999 -9999 -9999 9 10 11 11 12 15 16 19 21 23 26 29 30 29 27 27 26 22 -9999 -9999 -9999 -9999
-9999 54 57 56 52 46 47 48 43 41 41 33 24 5 4 4 4 4 4 5 5 5 5 5 12 26 33 11 5 5 5 5 5 -9999 -9999 -9999 9 10 11 14 19 23 26 27 28 31 33 36 33 -9999 -9999 -9999 -9999 -9999 -9999 -9999 -9999 -9999 -9999 -9999 -9999 -9999 -9999 -9999 -9999 -9999 -9999 -9999 -9999 -9999 -9999 -9999 -9999 10 11 -9999 -9999 18 20 22 24 25 26 25 23 23 23 23 -9999 -9999 -9999 -9999
