Humedad_Suelo_ASC/terraclimate_soil_1999.txt
ncols         92
nrows         62
xllcorner     -72.083333333358
yllcorner     17.458333333309
cellsize      0.041666666666657
NODATA_value  -9999
[rows 0 to 39 of 62, columns 0 to 88 of 92]
-9999 -9999 -9999 -9999 -9999 -9999 -9999 -9999 -9999 -9999 -9999 -9999 -9999 -9999 -9999 -9999 -9999 -9999 -9999 -9999 -9999 -9999 -9999 -9999 -9999 -9999 -9999 -9999 -9999 -9999 -9999 -9999 -9999 -9999 -9999 -9999 -9999 -9999 -9999 -9999 -9999 -9999 -9999 -9999 -9999 -9999 -9999 -9999 -9999 -9999 -9999 -9999 -9999 -9999 -9999 -9999 -9999 -9999 -9999 -9999 -9999 -9999 -9999 -9999 -9999 -9999 -9999 -9999 -9999 -9999 -9999 -9999 -9999 -9999 -9999 -9999 -9999 -9999 -9999 -9999 -9999 -9999 -9999 -9999 -9999 -9999 -9999 -9999 -9999
-9999 -9999 -9999 -9999 -9999 -9999 -9999 -9999 -9999 -9999 -9999 -9999 -9999 -9999 -9999 -9999 -9999 -9999 -9999 -9999 -9999 -9999 -9999 -9999 -9999 -9999 -9999 -9999 -9999 -9999 -9999 -9999 -9999 -9999 -9999 -9999 -9999 -9999 -9999 -9999 -9999 -9999 -9999 -9999 -9999 -9999 -9999 -9999 -9999 -9999 -9999 -9999 -9999 -9999 -9999 -9999 -9999 -9999 -9999 -9999 -9999 -9999 -9999 -9999 -9999 -9999 -9999 -9999 -9999 -9999 -9999 -9999 -9999 -9999 -9999 -9999 -9999 -9999 -9999 -9999 -9999 -9999 -9999 -9999 -9999 -9999 -9999 -9999 -9999
-9999 -9999 -9999 -9999 -9999 -9999 -9999 -9999 -9999 -9999 -9999 -9999 -9999 -9999 -9999 -9999 -9999 -9999 -9999 -9999 -9999 -9999 -9999 -9999 194 195 195 -9999 -9999 -9999 -9999 -9999 -9999 -9999 -9999 -9999 -9999 -9999 -9999 -9999 -9999 -9999 -9999 -9999 -9999 -9999 -9999 -9999 -9999 -9999 -9999 -9999 -9999 -9999 -9999 -9999 -9999 -9999 -9999 -9999 -9999 -9999 -9999 -9999 -9999 -9999 -9999 -9999 -9999 -9999 -9999 -9999 -9999 -9999 -9999 -9999 -9999 -9999 -9999 -9999 -9999 -9999 -9999 -9999 -9999 -9999 -9999 -9999 -9999
-9999 -9999 -9999 -9999 -9999 -9999 121 -9999 -9999 -9999 60 45 50 62 58 54 -9999 -9999 -9999 -9999 -9999 -9999 -9999 -9999 200 201 200 198 196 193 191 -9999 -9999 -9999 -9999 -9999 -9999 -9999 -9999 -9999 -9999 -9999 -9999 -9999 -9999 -9999 -9999 -9999 -9999 -9999 -9999 -9999 -9999 -9999 -9999 -9999 -9999 -9999 -9999 -9999 -9999 -9999 -9999 -9999 -9999 -9999 -9999 -9999 -9999 -9999 -9999 -9999 -9999 -9999 -9999 -9999 -9999 -9999 -9999 -9999 -9999 -9999 -9999 -9999 -9999 -9999 -9999 -9999 -9999
-9999 -9999 -9999 -9999 -9999 -9999 -9999 -9999 -9999 60 60 57 59 77 108 95 97 79 86 86 123 152 190 199 205 206 205 203 200 197 194 191 188 -9999 -9999 -9999 -9999 -9999 -9999 -9999 -9999 -9999 -9999 -9999 -9999 -9999 -9999 -9999 -9999 -9999 -9999 -9999 -9999 -9999 -9999 -9999 -9999 -9999 -9999 -9999 -9999 -9999 -9999 -9999 -9999 -9999 -9999 -9999 -9999 -9999 -9999 -9999 -9999 -9999 -9999 -9999 -9999 -9999 -9999 -9999 -9999 -9999 -9999 -9999 -9999 -9999 -9999 -9999 -9999
-9999 -9999 -9999 -9999 -9999 -9999 -9999 88 72 61 57 55 58 64 89 113 142 169 173 148 150 188 194 199 207 212 211 207 204 200 197 194 190 187 -9999 -9999 -9999 -9999 -9999 -9999 -9999 -9999 -9999 -9999 -9999 -9999 -9999 -9999 -9999 -9999 -9999 -9999 -9999 -9999 -9999 -9999 -9999 -9999 -9999 -9999 -9999 -9999 -9999 -9999 -9999 -9999 -9999 -9999 -9999 -9999 -9999 -9999 -9999 -9999 -9999 -9999 -9999 -9999 -9999 -9999 -9999 -9999 -9999 -9999 -9999 -9999 -9999 -9999 -9999
-9999 -9999 -9999 -9999 -9999 -9999 -9999 90 75 62 57 52 53 57 74 85 110 164 174 189 195 205 210 209 213 217 216 212 208 204 200 196 192 188 184 180 177 173 170 169 -9999 -9999 -9999 -9999 -9999 -9999 -9999 -9999 -9999 -9999 -9999 -9999 -9999 -9999 -9999 -9999 -9999 -9999 -9999 -9999 -9999 -9999 -9999 -9999 -9999 -9999 -9999 -9999 -9999 -9999 -9999 -9999 -9999 -9999 -9999 -9999 -9999 -9999 -9999 -9999 -9999 -9999 -9999 -9999 -9999 -9999 -9999 -9999 -9999
-9999 64 65 69 71 75 81 -9999 68 64 60 57 55 56 52 53 67 103 117 145 164 196 206 218 221 222 221 216 212 207 203 198 194 190 185 181 176 172 169 168 167 -9999 -9999 -9999 -9999 -9999 -9999 -9999 -9999 -9999 -9999 -9999 -9999 -9999 -9999 -9999 -9999 -9999 -9999 -9999 -9999 -9999 -9999 -9999 -9999 -9999 -9999 -9999 -9999 -9999 -9999 -9999 -9999 -9999 -9999 -9999 -9999 -9999 -9999 -9999 -9999 -9999 -9999 -9999 -9999 -9999 -9999 -9999 -9999
-9999 59 60 67 69 74 79 83 81 71 68 69 67 64 60 58 64 81 89 102 121 148 175 204 216 228 226 221 216 211 206 201 196 191 186 181 176 171 168 167 166 164 163 -9999 -9999 -9999 -9999 -9999 157 156 155 155 -9999 -9999 -9999 -9999 -9999 -9999 -9999 -9999 -9999 -9999 -9999 -9999 -9999 -9999 -9999 -9999 -9999 -9999 -9999 -9999 -9999 -9999 -9999 -9999 -9999 -9999 -9999 -9999 -9999 -9999 -9999 -9999 -9999 -9999 -9999 -9999 -9999
-9999 56 57 63 67 70 76 83 92 101 103 99 97 84 83 82 77 87 89 93 96 107 118 135 165 209 219 225 220 214 209 203 198 192 187 181 176 170 167 166 165 164 162 161 160 159 -9999 157 156 155 154 154 154 -9999 -9999 -9999 -9999 -9999 -9999 -9999 -9999 -9999 -9999 -9999 -9999 -9999 -9999 -9999 -9999 -9999 -9999 -9999 -9999 -9999 -9999 -9999 -9999 -9999 -9999 -9999 -9999 -9999 -9999 -9999 -9999 -9999 -9999 -9999 -9999
-9999 53 58 61 70 69 76 81 93 103 115 126 137 132 122 120 107 162 137 111 102 102 107 111 119 144 194 209 214 218 212 206 200 194 187 181 175 169 166 165 164 163 161 160 159 158 157 156 155 154 153 153 153 -9999 -9999 -9999 -9999 -9999 -9999 -9999 -9999 -9999 -9999 -9999 -9999 -9999 -9999 -9999 -9999 -9999 -9999 -9999 -9999 -9999 -9999 -9999 -9999 -9999 -9999 -9999 -9999 -9999 -9999 -9999 -9999 -9999 -9999 -9999 -9999
-9999 52 51 59 61 67 73 80 90 102 115 127 136 150 158 145 129 161 170 171 164 135 119 111 102 116 148 191 204 207 212 208 201 195 188 182 175 168 165 164 163 162 161 160 158 157 156 155 154 153 153 153 152 -9999 -9999 -9999 -9999 -9999 -9999 -9999 -9999 -9999 -9999 -9999 -9999 -9999 -9999 -9999 -9999 -9999 -9999 -9999 -9999 -9999 -9999 -9999 -9999 -9999 -9999 -9999 -9999 -9999 -9999 -9999 -9999 -9999 -9999 -9999 -9999
-9999 38 46 59 58 65 74 83 92 102 118 133 143 156 161 159 155 162 167 172 179 180 183 131 116 126 139 173 194 200 201 200 198 196 189 182 175 168 164 163 162 161 160 159 158 157 156 155 154 153 152 152 152 152 -9999 -9999 -9999 -9999 -9999 -9999 -9999 -9999 -9999 -9999 -9999 -9999 -9999 -9999 -9999 -9999 -9999 -9999 -9999 -9999 -9999 -9999 -9999 -9999 -9999 -9999 -9999 -9999 -9999 -9999 -9999 -9999 -9999 -9999 -9999
-9999 28 37 54 63 77 77 88 94 102 117 141 149 155 159 156 155 156 158 163 168 173 180 168 157 146 144 183 188 189 188 188 184 181 181 179 172 165 161 160 160 159 158 157 156 155 155 154 153 152 152 151 151 -9999 -9999 -9999 -9999 -9999 -9999 -9999 -9999 -9999 -9999 -9999 -9999 -9999 -9999 -9999 -9999 -9999 -9999 -9999 -9999 -9999 -9999 -9999 -9999 -9999 -9999 -9999 -9999 -9999 -9999 -9999 -9999 -9999 -9999 -9999 -9999
-9999 31 33 47 59 71 86 89 93 101 112 133 148 155 152 148 150 149 149 151 158 163 169 163 169 174 172 175 185 187 180 171 166 166 165 164 164 161 158 157 156 156 155 155 154 154 153 153 152 152 151 151 151 151 -9999 -9999 -9999 -9999 -9999 -9999 -9999 -9999 -9999 -9999 -9999 -9999 -9999 -9999 -9999 -9999 -9999 -9999 -9999 -9999 -9999 -9999 -9999 -9999 -9999 -9999 -9999 -9999 -9999 -9999 -9999 -9999 -9999 -9999 -9999
-9999 26 27 39 52 67 78 91 100 107 112 123 136 144 145 142 144 150 151 147 155 156 156 156 166 172 167 161 166 174 171 160 152 151 152 152 151 150 150 153 153 153 153 153 152 152 152 152 151 151 151 151 151 150 -9999 -9999 -9999 -9999 -9999 -9999 -9999 -9999 -9999 -9999 -9999 -9999 -9999 -9999 -9999 -9999 -9999 -9999 -9999 -9999 -9999 -9999 -9999 -9999 -9999 -9999 -9999 -9999 -9999 -9999 -9999 -9999 -9999 -9999 -9999
-9999 27 28 38 47 59 71 81 93 105 112 125 137 144 137 140 141 144 148 146 144 150 149 151 160 161 160 162 162 161 155 155 146 148 143 143 144 144 143 145 149 150 150 150 150 150 150 150 150 150 150 150 150 150 150 -9999 -9999 -9999 -9999 -9999 -9999 -9999 -9999 -9999 -9999 -9999 -9999 148 148 -9999 -9999 -9999 -9999 -9999 -9999 -9999 -9999 -9999 -9999 -9999 -9999 -9999 -9999 -9999 -9999 -9999 -9999 -9999 -9999
-9999 27 29 32 44 54 64 75 84 91 101 112 125 139 143 140 140 143 143 140 140 148 147 147 149 153 151 148 150 146 140 136 134 136 136 134 136 138 138 140 142 146 147 148 148 149 149 149 150 150 150 150 150 150 149 149 -9999 -9999 -9999 149 148 148 148 148 148 148 148 148 148 148 148 -9999 -9999 -9999 -9999 -9999 -9999 -9999 -9999 -9999 -9999 -9999 -9999 -9999 -9999 -9999 -9999 -9999 -9999
-9999 27 29 32 40 48 57 66 74 81 91 100 111 126 136 144 144 139 135 136 142 148 145 144 144 148 150 139 137 136 135 136 129 128 130 130 132 135 133 134 136 139 141 144 146 147 148 148 149 149 150 149 149 149 149 149 149 149 148 148 148 148 148 148 148 148 148 147 147 147 147 -9999 -9999 -9999 -9999 -9999 -9999 -9999 -9999 -9999 -9999 -9999 -9999 -9999 -9999 -9999 -9999 -9999 -9999
-9999 27 29 32 36 44 49 57 67 73 79 87 100 116 123 124 132 134 130 133 133 136 137 138 137 138 139 135 130 129 130 132 132 130 128 123 127 132 129 127 127 133 136 138 141 145 146 147 148 149 149 149 149 149 149 148 148 148 148 148 148 147 147 147 147 147 147 147 147 147 -9999 -9999 -9999 -9999 -9999 -9999 -9999 -9999 -9999 -9999 -9999 -9999 -9999 -9999 -9999 -9999 -9999 -9999 -9999
-9999 26 29 32 36 39 42 48 58 67 72 78 86 96 101 101 106 114 119 123 124 126 128 128 130 130 126 124 123 122 126 129 125 124 122 122 118 123 125 125 124 126 130 133 136 138 140 144 147 148 149 149 148 148 148 148 148 148 147 -9999 -9999 -9999 147 147 147 147 147 147 147 -9999 -9999 -9999 -9999 -9999 -9999 -9999 -9999 -9999 -9999 -9999 -9999 -9999 -9999 -9999 -9999 -9999 -9999 -9999 -9999
-9999 25 27 31 35 37 40 42 46 54 59 67 74 78 86 93 94 95 93 92 97 105 110 112 111 110 114 115 115 116 120 122 117 114 113 113 117 119 123 125 126 127 131 132 133 134 136 140 144 148 148 148 148 148 148 148 147 147 147 -9999 -9999 -9999 -9999 -9999 -9999 -9999 -9999 -9999 -9999 -9999 -9999 -9999 -9999 -9999 -9999 -9999 -9999 -9999 -9999 -9999 -9999 -9999 -9999 -9999 -9999 -9999 -9999 -9999 -9999
-9999 27 27 30 33 36 38 40 42 44 49 58 65 70 77 81 80 80 78 76 82 88 90 97 95 93 100 108 111 112 111 110 112 112 113 112 112 121 120 124 130 128 132 132 131 133 136 140 144 147 148 148 148 147 147 147 147 147 147 -9999 146 146 146 146 146 -9999 -9999 -9999 -9999 -9999 -9999 -9999 -9999 -9999 -9999 -9999 -9999 -9999 -9999 -9999 -9999 -9999 -9999 -9999 -9999 -9999 -9999 -9999 -9999
-9999 31 30 31 33 35 37 39 41 42 44 48 55 62 66 68 68 66 61 61 69 76 78 82 84 85 87 97 96 94 95 97 100 104 102 105 107 115 121 127 129 130 133 135 133 136 137 138 143 146 148 147 147 147 147 147 146 146 146 146 146 146 146 146 146 146 146 -9999 -9999 -9999 -9999 -9999 -9999 -9999 -9999 -9999 -9999 -9999 -9999 -9999 -9999 -9999 -9999 -9999 -9999 -9999 -9999 -9999 -9999
-9999 32 31 33 34 35 36 37 39 40 41 42 43 45 48 53 53 55 49 46 51 58 62 64 66 68 70 76 89 90 89 90 92 98 96 97 102 109 116 123 126 128 130 132 133 137 138 140 143 145 147 147 147 147 146 146 146 146 146 146 145 145 145 145 145 145 145 145 145 145 145 145 -9999 145 146 146 146 -9999 -9999 -9999 -9999 -9999 -9999 -9999 -9999 -9999 -9999 -9999 -9999
-9999 33 33 34 35 36 37 37 39 39 40 41 42 42 43 43 42 42 42 41 47 54 56 57 57 58 60 64 75 82 82 85 89 89 88 90 98 112 117 124 127 129 131 133 135 137 138 139 143 146 144 144 146 146 144 144 144 144 144 143 144 144 144 144 144 144 144 145 145 145 145 145 146 146 146 146 146 147 145 145 -9999 -9999 -9999 -9999 -9999 -9999 -9999 -9999 -9999
-9999 34 34 35 36 36 37 38 39 40 40 41 41 42 42 42 42 42 42 42 42 51 56 58 54 48 53 60 62 61 67 78 80 83 88 97 109 117 121 127 131 133 134 136 137 139 140 141 143 145 142 140 141 141 139 139 137 136 136 135 135 138 141 142 142 143 143 144 144 145 145 146 146 147 147 147 147 147 147 148 144 141 -9999 -9999 -9999 -9999 -9999 -9999 -9999
-9999 34 35 36 37 37 38 39 40 40 41 41 41 42 42 41 42 42 42 41 42 42 44 48 48 44 50 52 54 52 58 68 70 79 93 109 121 125 126 127 134 137 136 137 140 141 142 142 143 143 142 139 135 136 137 134 130 128 126 124 127 130 132 134 135 137 136 137 137 139 144 146 147 148 149 149 148 148 148 148 148 143 138 -9999 -9999 -9999 -9999 -9999 -9999
-9999 35 36 37 37 38 39 40 40 41 41 42 42 43 43 42 42 41 41 40 40 41 42 41 41 41 42 44 46 53 71 81 86 88 102 119 120 124 125 127 124 135 141 140 142 143 143 142 142 141 140 137 130 126 122 117 115 118 115 111 110 110 115 120 124 125 128 130 130 128 132 137 139 143 145 148 149 149 149 149 149 149 141 137 -9999 -9999 -9999 -9999 -9999
-9999 36 37 37 38 39 40 41 41 42 42 43 43 44 45 44 44 42 41 41 40 40 40 41 41 42 42 43 47 55 70 78 87 94 99 115 125 129 136 136 134 129 137 144 144 145 145 145 143 138 135 132 125 120 113 106 104 103 101 100 97 99 98 102 106 109 111 114 117 117 119 125 129 133 137 139 144 150 150 150 149 149 146 138 134 -9999 -9999 -9999 -9999
-9999 37 37 38 39 40 42 47 50 49 45 43 44 45 48 50 47 45 43 42 40 40 40 40 41 41 41 44 46 52 59 69 84 94 104 120 128 126 133 142 141 140 138 139 146 147 144 145 143 139 133 129 123 116 108 101 98 97 91 88 88 86 88 90 93 95 97 99 101 107 111 116 119 124 132 136 137 144 151 150 150 150 149 144 137 134 -9999 -9999 -9999
-9999 37 38 39 40 40 42 45 49 51 51 47 45 46 48 51 51 50 47 44 42 41 40 40 40 39 40 43 52 59 62 69 80 89 99 112 129 130 135 147 146 146 149 143 141 144 140 145 141 134 130 123 118 111 103 95 91 89 85 82 80 79 80 83 84 86 89 90 93 97 105 110 109 112 120 127 134 137 145 151 151 150 149 149 145 139 136 132 -9999
-9999 38 39 40 40 42 49 54 55 56 56 56 56 56 53 50 46 45 47 45 44 43 43 41 39 39 40 43 56 70 73 73 79 85 95 114 131 127 134 150 150 147 150 149 136 141 138 138 136 134 127 119 112 106 99 93 87 85 82 77 73 73 73 76 79 79 79 83 87 91 96 100 101 107 113 114 125 133 136 140 146 150 150 149 149 146 141 136 134
-9999 38 39 40 40 41 46 53 59 61 62 63 65 68 64 59 53 48 46 45 44 45 45 45 41 39 41 43 49 68 74 77 84 93 102 121 127 123 131 138 147 148 150 151 133 136 138 131 129 124 120 114 106 101 95 90 86 83 80 75 71 70 68 70 73 72 75 77 82 85 88 94 99 102 106 111 117 122 127 136 142 146 150 149 149 148 145 139 133
-9999 36 38 40 41 41 42 43 46 49 49 56 59 67 67 65 63 58 52 46 44 45 46 45 42 39 40 43 46 66 74 76 81 88 95 106 112 110 121 134 140 147 150 148 130 130 133 129 123 116 112 107 101 98 94 89 85 82 78 71 68 64 64 65 67 69 72 74 76 80 87 91 94 99 102 108 113 116 124 134 137 143 144 147 147 146 145 142 138
-9999 35 37 38 38 39 40 41 39 41 42 45 50 57 58 56 54 55 56 56 46 43 46 46 45 42 40 43 44 48 53 68 82 90 91 94 100 102 115 139 139 142 140 139 126 122 129 127 119 112 105 99 97 93 89 85 83 79 76 69 64 60 60 61 63 64 66 70 73 79 83 87 93 97 102 107 112 116 122 131 135 140 144 144 142 141 143 142 135
-9999 38 38 37 38 38 31 33 30 29 29 31 37 43 42 42 43 38 39 44 43 41 41 41 40 40 40 42 44 47 49 52 74 90 90 89 93 101 127 151 148 137 133 133 121 117 122 119 114 106 100 95 90 88 89 84 80 76 71 65 61 57 58 58 60 62 63 66 69 73 80 86 90 95 99 104 109 114 123 130 136 139 141 142 141 143 143 137 129
-9999 41 41 40 41 39 39 35 30 29 28 27 25 25 24 25 27 28 30 32 35 40 40 40 40 40 41 42 44 46 48 49 52 57 60 65 91 101 113 146 157 150 141 135 122 112 112 112 108 99 97 93 91 85 85 84 79 74 68 64 60 57 56 58 58 59 62 64 68 71 77 83 87 91 95 100 105 113 122 129 136 141 141 142 142 141 139 132 128
-9999 43 44 43 43 44 41 38 31 29 28 26 25 24 24 24 26 28 31 32 33 37 40 41 42 42 42 42 44 45 46 47 49 52 55 58 68 82 95 113 136 137 135 112 102 104 103 101 100 97 93 87 -9999 -9999 -9999 -9999 -9999 71 66 64 61 57 57 58 58 57 61 62 65 71 76 79 82 86 89 94 103 110 116 121 129 138 141 141 141 138 132 127 -9999
-9999 49 55 57 55 50 48 44 42 35 42 44 37 25 26 27 28 30 32 33 34 37 43 47 60 56 49 45 44 45 46 47 48 -9999 -9999 -9999 61 72 81 91 102 99 94 92 92 95 96 94 90 88 -9999 -9999 -9999 -9999 -9999 -9999 -9999 59 58 -9999 58 54 52 -9999 -9999 -9999 -9999 -9999 -9999 -9999 73 77 77 80 83 89 99 104 111 117 126 134 139 136 135 132 128 120 -9999
