Humedad_Suelo_ASC/terraclimate_soil_1988.txt
ncols         92
nrows         62
xllcorner     -72.083333333358
yllcorner     17.458333333309
cellsize      0.041666666666657
NODATA_value  -9999
[rows 0 to 38 of 62, columns 0 to 88 of 92]
-9999 -9999 -9999 -9999 -9999 -9999 -9999 -9999 -9999 -9999 -9999 -9999 -9999 -9999 -9999 -9999 -9999 -9999 -9999 -9999 -9999 -9999 -9999 -9999 -9999 -9999 -9999 -9999 -9999 -9999 -9999 -9999 -9999 -9999 -9999 -9999 -9999 -9999 -9999 -9999 -9999 -9999 -9999 -9999 -9999 -9999 -9999 -9999 -9999 -9999 -9999 -9999 -9999 -9999 -9999 -9999 -9999 -9999 -9999 -9999 -9999 -9999 -9999 -9999 -9999 -9999 -9999 -9999 -9999 -9999 -9999 -9999 -9999 -9999 -9999 -9999 -9999 -9999 -9999 -9999 -9999 -9999 -9999 -9999 -9999 -9999 -9999 -9999 -9999
-9999 -9999 -9999 -9999 -9999 -9999 -9999 -9999 -9999 -9999 -9999 -9999 -9999 -9999 -9999 -9999 -9999 -9999 -9999 -9999 -9999 -9999 -9999 -9999 -9999 -9999 -9999 -9999 -9999 -9999 -9999 -9999 -9999 -9999 -9999 -9999 -9999 -9999 -9999 -9999 -9999 -9999 -9999 -9999 -9999 -9999 -9999 -9999 -9999 -9999 -9999 -9999 -9999 -9999 -9999 -9999 -9999 -9999 -9999 -9999 -9999 -9999 -9999 -9999 -9999 -9999 -9999 -9999 -9999 -9999 -9999 -9999 -9999 -9999 -9999 -9999 -9999 -9999 -9999 -9999 -9999 -9999 -9999 -9999 -9999 -9999 -9999 -9999 -9999
-9999 -9999 -9999 -9999 -9999 -9999 -9999 -9999 -9999 -9999 -9999 -9999 -9999 -9999 -9999 -9999 -9999 -9999 -9999 -9999 -9999 -9999 -9999 -9999 194 195 195 -9999 -9999 -9999 -9999 -9999 -9999 -9999 -9999 -9999 -9999 -9999 -9999 -9999 -9999 -9999 -9999 -9999 -9999 -9999 -9999 -9999 -9999 -9999 -9999 -9999 -9999 -9999 -9999 -9999 -9999 -9999 -9999 -9999 -9999 -9999 -9999 -9999 -9999 -9999 -9999 -9999 -9999 -9999 -9999 -9999 -9999 -9999 -9999 -9999 -9999 -9999 -9999 -9999 -9999 -9999 -9999 -9999 -9999 -9999 -9999 -9999 -9999
-9999 -9999 -9999 -9999 -9999 -9999 151 -9999 -9999 -9999 170 152 154 165 157 146 -9999 -9999 -9999 -9999 -9999 -9999 -9999 -9999 200 201 200 198 196 193 191 -9999 -9999 -9999 -9999 -9999 -9999 -9999 -9999 -9999 -9999 -9999 -9999 -9999 -9999 -9999 -9999 -9999 -9999 -9999 -9999 -9999 -9999 -9999 -9999 -9999 -9999 -9999 -9999 -9999 -9999 -9999 -9999 -9999 -9999 -9999 -9999 -9999 -9999 -9999 -9999 -9999 -9999 -9999 -9999 -9999 -9999 -9999 -9999 -9999 -9999 -9999 -9999 -9999 -9999 -9999 -9999 -9999 -9999
-9999 -9999 -9999 -9999 -9999 -9999 -9999 -9999 -9999 166 172 164 150 164 189 175 179 173 185 196 200 201 203 204 205 206 205 203 200 197 194 191 188 -9999 -9999 -9999 -9999 -9999 -9999 -9999 -9999 -9999 -9999 -9999 -9999 -9999 -9999 -9999 -9999 -9999 -9999 -9999 -9999 -9999 -9999 -9999 -9999 -9999 -9999 -9999 -9999 -9999 -9999 -9999 -9999 -9999 -9999 -9999 -9999 -9999 -9999 -9999 -9999 -9999 -9999 -9999 -9999 -9999 -9999 -9999 -9999 -9999 -9999 -9999 -9999 -9999 -9999 -9999 -9999
-9999 -9999 -9999 -9999 -9999 -9999 -9999 153 157 153 151 148 141 141 163 186 201 202 203 204 206 207 208 209 210 212 211 207 204 200 197 194 190 187 -9999 -9999 -9999 -9999 -9999 -9999 -9999 -9999 -9999 -9999 -9999 -9999 -9999 -9999 -9999 -9999 -9999 -9999 -9999 -9999 -9999 -9999 -9999 -9999 -9999 -9999 -9999 -9999 -9999 -9999 -9999 -9999 -9999 -9999 -9999 -9999 -9999 -9999 -9999 -9999 -9999 -9999 -9999 -9999 -9999 -9999 -9999 -9999 -9999 -9999 -9999 -9999 -9999 -9999 -9999
-9999 -9999 -9999 -9999 -9999 -9999 -9999 152 139 124 117 101 101 115 135 151 180 208 209 210 211 212 213 215 216 217 216 212 208 204 200 196 192 188 184 180 177 173 170 169 -9999 -9999 -9999 -9999 -9999 -9999 -9999 -9999 -9999 -9999 -9999 -9999 -9999 -9999 -9999 -9999 -9999 -9999 -9999 -9999 -9999 -9999 -9999 -9999 -9999 -9999 -9999 -9999 -9999 -9999 -9999 -9999 -9999 -9999 -9999 -9999 -9999 -9999 -9999 -9999 -9999 -9999 -9999 -9999 -9999 -9999 -9999 -9999 -9999
-9999 103 107 116 125 134 142 -9999 90 91 83 75 66 69 69 75 98 145 170 207 217 218 219 220 221 222 221 216 212 207 203 198 194 190 185 181 176 172 169 168 167 -9999 -9999 -9999 -9999 -9999 -9999 -9999 -9999 -9999 -9999 -9999 -9999 -9999 -9999 -9999 -9999 -9999 -9999 -9999 -9999 -9999 -9999 -9999 -9999 -9999 -9999 -9999 -9999 -9999 -9999 -9999 -9999 -9999 -9999 -9999 -9999 -9999 -9999 -9999 -9999 -9999 -9999 -9999 -9999 -9999 -9999 -9999 -9999
-9999 96 101 111 120 130 140 102 74 61 59 59 60 59 60 56 67 91 104 125 154 192 224 225 227 228 226 221 216 211 206 201 196 191 186 181 176 171 168 167 166 164 163 -9999 -9999 -9999 -9999 -9999 157 156 155 155 -9999 -9999 -9999 -9999 -9999 -9999 -9999 -9999 -9999 -9999 -9999 -9999 -9999 -9999 -9999 -9999 -9999 -9999 -9999 -9999 -9999 -9999 -9999 -9999 -9999 -9999 -9999 -9999 -9999 -9999 -9999 -9999 -9999 -9999 -9999 -9999 -9999
-9999 90 94 105 116 127 138 120 96 94 90 88 86 68 70 72 66 79 83 91 102 123 146 174 217 233 231 225 220 214 209 203 198 192 187 181 176 170 167 166 165 164 162 161 160 159 -9999 157 156 155 154 154 154 -9999 -9999 -9999 -9999 -9999 -9999 -9999 -9999 -9999 -9999 -9999 -9999 -9999 -9999 -9999 -9999 -9999 -9999 -9999 -9999 -9999 -9999 -9999 -9999 -9999 -9999 -9999 -9999 -9999 -9999 -9999 -9999 -9999 -9999 -9999 -9999
-9999 84 88 100 112 124 136 142 131 118 130 120 120 114 109 106 90 148 116 97 91 96 108 120 146 179 236 230 224 218 212 206 200 194 187 181 175 169 166 165 164 163 161 160 159 158 157 156 155 154 153 153 153 -9999 -9999 -9999 -9999 -9999 -9999 -9999 -9999 -9999 -9999 -9999 -9999 -9999 -9999 -9999 -9999 -9999 -9999 -9999 -9999 -9999 -9999 -9999 -9999 -9999 -9999 -9999 -9999 -9999 -9999 -9999 -9999 -9999 -9999 -9999 -9999
-9999 77 82 95 108 121 131 138 145 145 153 146 131 148 163 127 108 139 192 165 134 113 108 104 105 128 174 227 228 221 215 208 201 195 188 182 175 168 165 164 163 162 161 160 158 157 156 155 154 153 153 153 152 -9999 -9999 -9999 -9999 -9999 -9999 -9999 -9999 -9999 -9999 -9999 -9999 -9999 -9999 -9999 -9999 -9999 -9999 -9999 -9999 -9999 -9999 -9999 -9999 -9999 -9999 -9999 -9999 -9999 -9999 -9999 -9999 -9999 -9999 -9999 -9999
-9999 71 76 90 104 118 131 138 145 155 173 189 183 183 164 142 131 150 165 174 205 178 167 112 112 130 150 187 218 225 218 210 203 196 189 182 175 168 164 163 162 161 160 159 158 157 156 155 154 153 152 152 152 152 -9999 -9999 -9999 -9999 -9999 -9999 -9999 -9999 -9999 -9999 -9999 -9999 -9999 -9999 -9999 -9999 -9999 -9999 -9999 -9999 -9999 -9999 -9999 -9999 -9999 -9999 -9999 -9999 -9999 -9999 -9999 -9999 -9999 -9999 -9999
-9999 69 74 88 102 116 130 143 147 154 170 196 203 209 197 171 154 154 160 159 175 184 197 131 127 130 140 176 221 217 214 208 201 193 186 179 172 165 161 160 160 159 158 157 156 155 155 154 153 152 152 151 151 -9999 -9999 -9999 -9999 -9999 -9999 -9999 -9999 -9999 -9999 -9999 -9999 -9999 -9999 -9999 -9999 -9999 -9999 -9999 -9999 -9999 -9999 -9999 -9999 -9999 -9999 -9999 -9999 -9999 -9999 -9999 -9999 -9999 -9999 -9999 -9999
-9999 72 76 90 103 116 129 142 146 152 163 186 202 210 201 191 194 187 171 169 191 196 211 136 157 164 154 188 217 213 206 196 189 187 180 174 167 161 158 157 156 156 155 155 154 154 153 153 152 152 151 151 151 151 -9999 -9999 -9999 -9999 -9999 -9999 -9999 -9999 -9999 -9999 -9999 -9999 -9999 -9999 -9999 -9999 -9999 -9999 -9999 -9999 -9999 -9999 -9999 -9999 -9999 -9999 -9999 -9999 -9999 -9999 -9999 -9999 -9999 -9999 -9999
-9999 73 77 91 103 115 127 139 151 160 164 175 188 196 192 186 188 197 199 191 202 202 200 175 208 212 194 174 199 203 197 185 177 175 172 169 163 157 154 154 153 153 153 153 152 152 152 152 151 151 151 151 151 150 -9999 -9999 -9999 -9999 -9999 -9999 -9999 -9999 -9999 -9999 -9999 -9999 -9999 -9999 -9999 -9999 -9999 -9999 -9999 -9999 -9999 -9999 -9999 -9999 -9999 -9999 -9999 -9999 -9999 -9999 -9999 -9999 -9999 -9999 -9999
-9999 71 76 88 99 113 125 135 145 158 165 178 189 196 184 188 189 192 194 192 190 194 193 193 200 199 196 196 193 191 183 181 170 171 165 163 158 153 150 150 150 150 150 150 150 150 150 150 150 150 150 150 150 150 150 -9999 -9999 -9999 -9999 -9999 -9999 -9999 -9999 -9999 -9999 -9999 -9999 148 148 -9999 -9999 -9999 -9999 -9999 -9999 -9999 -9999 -9999 -9999 -9999 -9999 -9999 -9999 -9999 -9999 -9999 -9999 -9999 -9999
-9999 64 71 81 94 104 115 126 134 142 152 161 173 186 192 189 187 187 186 182 182 186 186 185 186 189 186 183 181 176 169 164 160 161 158 156 153 149 147 147 147 148 148 148 148 149 149 149 150 150 150 150 150 150 149 149 -9999 -9999 -9999 149 148 148 148 148 148 148 148 148 148 148 148 -9999 -9999 -9999 -9999 -9999 -9999 -9999 -9999 -9999 -9999 -9999 -9999 -9999 -9999 -9999 -9999 -9999 -9999
-9999 56 65 76 88 97 105 115 123 128 137 147 158 170 177 186 185 179 175 174 177 180 178 176 177 178 180 172 168 165 163 162 155 152 153 150 148 145 143 144 144 145 145 146 146 147 148 148 149 149 150 149 149 149 149 149 149 149 148 148 148 148 148 148 148 148 148 147 147 147 147 -9999 -9999 -9999 -9999 -9999 -9999 -9999 -9999 -9999 -9999 -9999 -9999 -9999 -9999 -9999 -9999 -9999 -9999
-9999 44 52 65 76 85 90 98 110 114 117 125 144 159 163 163 170 171 167 167 166 166 165 166 166 165 165 162 158 156 153 155 153 151 148 145 144 141 139 140 140 142 143 144 145 145 146 147 148 149 149 149 149 149 149 148 148 148 148 148 148 147 147 147 147 147 147 147 147 147 -9999 -9999 -9999 -9999 -9999 -9999 -9999 -9999 -9999 -9999 -9999 -9999 -9999 -9999 -9999 -9999 -9999 -9999 -9999
-9999 33 37 55 67 74 74 82 96 106 108 112 123 136 140 139 146 151 154 155 154 154 153 155 155 154 150 147 146 145 146 149 146 144 141 140 137 136 136 137 137 136 138 140 143 144 145 146 147 148 149 149 148 148 148 148 148 148 147 -9999 -9999 -9999 147 147 147 147 147 147 147 -9999 -9999 -9999 -9999 -9999 -9999 -9999 -9999 -9999 -9999 -9999 -9999 -9999 -9999 -9999 -9999 -9999 -9999 -9999 -9999
-9999 31 32 36 49 56 63 64 73 84 88 97 106 108 118 130 129 130 126 125 130 136 138 138 136 135 137 136 136 134 137 140 136 134 132 130 133 132 132 134 135 134 137 137 139 139 141 145 146 148 148 148 148 148 148 148 147 147 147 -9999 -9999 -9999 -9999 -9999 -9999 -9999 -9999 -9999 -9999 -9999 -9999 -9999 -9999 -9999 -9999 -9999 -9999 -9999 -9999 -9999 -9999 -9999 -9999 -9999 -9999 -9999 -9999 -9999 -9999
-9999 32 33 35 39 44 50 55 57 64 70 83 94 99 108 114 112 112 108 104 111 118 120 124 121 118 122 127 128 128 127 126 127 128 128 126 123 128 127 130 132 134 135 136 135 137 140 144 146 147 148 148 148 147 147 147 147 147 147 -9999 146 146 146 146 146 -9999 -9999 -9999 -9999 -9999 -9999 -9999 -9999 -9999 -9999 -9999 -9999 -9999 -9999 -9999 -9999 -9999 -9999 -9999 -9999 -9999 -9999 -9999 -9999
-9999 38 34 36 37 39 44 46 50 53 58 69 80 91 95 97 95 93 87 87 97 106 108 109 110 109 110 116 113 112 112 113 115 116 115 117 116 120 125 127 129 131 133 135 136 138 140 141 145 147 148 147 147 147 147 147 146 146 146 146 146 146 146 146 146 146 146 -9999 -9999 -9999 -9999 -9999 -9999 -9999 -9999 -9999 -9999 -9999 -9999 -9999 -9999 -9999 -9999 -9999 -9999 -9999 -9999 -9999 -9999
-9999 37 35 37 38 39 40 41 46 48 48 51 54 61 70 79 79 83 73 68 75 82 88 92 93 94 96 99 105 104 103 104 105 109 107 107 110 114 121 124 126 128 130 133 134 137 139 141 144 146 147 147 147 147 146 146 146 146 146 146 145 145 145 145 145 145 145 145 145 145 145 145 -9999 145 146 146 145 -9999 -9999 -9999 -9999 -9999 -9999 -9999 -9999 -9999 -9999 -9999 -9999
-9999 38 38 38 39 40 42 43 46 47 45 45 45 45 50 50 55 62 58 61 73 81 81 82 82 85 86 87 95 98 98 99 101 102 102 102 107 115 119 124 127 129 131 133 135 137 138 139 143 146 144 144 146 146 144 144 144 144 144 143 144 144 144 144 144 144 144 145 145 145 145 145 146 146 146 146 146 147 143 142 -9999 -9999 -9999 -9999 -9999 -9999 -9999 -9999 -9999
-9999 41 41 43 42 43 45 45 45 45 45 43 43 44 44 43 47 52 50 47 63 78 83 84 78 71 77 85 86 85 89 95 96 99 102 106 114 119 122 128 131 133 134 135 137 138 139 139 142 144 141 139 140 140 138 138 136 135 135 134 134 137 141 142 142 143 143 142 143 145 145 146 146 147 147 147 147 147 147 147 141 139 -9999 -9999 -9999 -9999 -9999 -9999 -9999
-9999 41 43 45 45 47 48 49 50 48 45 43 43 43 43 43 44 43 44 43 46 58 65 70 70 65 74 75 79 60 79 89 91 97 106 116 123 126 126 128 133 137 134 135 138 140 140 139 140 141 140 137 133 134 135 132 129 128 127 124 125 128 129 131 132 134 133 133 134 135 141 146 147 148 149 149 148 148 148 148 148 140 136 -9999 -9999 -9999 -9999 -9999 -9999
-9999 42 44 46 48 50 49 51 52 49 46 44 44 44 44 44 43 43 42 41 40 41 41 40 43 43 56 44 57 76 93 100 104 105 114 123 125 127 127 128 127 133 138 136 138 140 140 139 138 137 137 134 130 127 125 123 121 122 121 117 115 115 118 122 123 122 124 126 127 125 129 133 135 140 141 144 147 149 149 149 149 145 138 134 -9999 -9999 -9999 -9999 -9999
-9999 45 46 48 51 52 54 58 59 58 54 52 49 52 57 52 45 43 42 38 36 33 32 34 31 35 31 32 39 74 95 100 107 112 115 125 130 131 134 134 132 130 135 139 139 140 140 140 138 134 132 131 128 124 120 117 115 113 111 109 106 108 108 111 113 115 116 117 118 119 120 124 125 129 133 136 140 146 150 150 149 149 142 135 131 -9999 -9999 -9999 -9999
-9999 45 46 48 53 57 62 70 75 71 64 57 57 61 66 68 64 55 44 39 33 28 27 27 27 28 23 29 35 40 59 89 107 115 121 130 133 132 134 139 137 136 135 136 139 141 138 140 137 134 130 127 125 120 117 113 110 109 104 103 100 99 101 102 105 107 107 109 112 115 116 120 121 123 130 132 134 140 151 150 150 150 149 140 133 130 -9999 -9999 -9999
-9999 48 49 52 56 57 58 62 66 70 70 64 61 61 65 68 69 68 63 46 37 30 25 23 23 21 21 23 41 79 56 90 102 113 119 129 136 136 138 143 142 141 143 138 136 137 134 138 135 130 128 124 120 116 112 108 105 104 100 97 95 94 95 98 98 100 103 104 107 109 114 116 116 118 123 126 130 133 140 147 151 150 149 146 141 134 132 128 -9999
-9999 48 52 53 54 61 72 76 75 76 76 75 74 73 69 65 59 58 62 52 41 38 32 24 20 20 20 22 42 93 94 79 99 106 118 130 140 138 139 145 145 142 144 142 135 136 134 133 132 130 126 120 116 112 109 105 102 100 97 93 90 89 88 91 94 95 96 99 103 106 108 112 113 117 121 121 127 129 132 136 142 148 149 147 145 140 135 131 129
-9999 46 48 49 51 57 67 79 86 87 89 88 89 91 84 76 69 59 50 47 41 41 41 37 22 19 21 22 25 75 96 97 106 116 124 136 139 138 140 142 145 143 144 144 134 135 134 129 128 124 121 117 113 110 106 102 100 98 94 91 87 85 85 87 88 90 93 96 99 102 104 109 113 117 118 121 124 126 128 131 136 140 144 144 143 143 139 134 127
-9999 30 38 45 47 50 53 56 65 70 69 79 83 92 92 89 85 77 66 52 36 35 39 29 22 19 20 20 22 41 59 59 87 99 108 128 133 128 137 142 143 145 144 142 134 131 131 128 124 120 116 112 109 108 103 100 98 94 90 86 83 80 81 83 85 88 91 93 95 99 104 108 111 116 118 120 122 124 127 131 132 137 138 140 140 139 138 135 131
-9999 27 27 30 29 29 43 44 21 30 29 50 67 79 80 76 71 70 75 73 41 26 34 38 28 21 18 19 19 22 26 35 59 107 76 73 85 69 119 147 145 144 142 140 132 128 130 126 121 115 110 107 105 104 100 97 95 91 88 83 80 77 77 79 82 84 86 90 94 98 102 107 112 116 120 121 123 124 125 128 130 134 137 137 135 134 136 135 129
-9999 41 29 26 27 23 17 17 13 12 12 13 18 30 26 23 25 16 16 25 21 19 19 19 17 17 18 18 18 20 21 23 34 59 57 50 50 57 146 156 151 144 140 138 132 127 127 123 118 112 107 104 100 98 98 95 91 87 84 80 76 73 74 76 79 81 84 84 79 83 95 101 102 104 111 120 121 123 126 128 130 133 134 135 134 135 135 130 123
-9999 51 46 43 44 28 26 17 12 11 11 11 11 11 12 12 12 12 12 13 14 16 16 16 16 17 18 17 17 17 17 16 20 25 27 30 51 55 90 154 156 150 143 138 131 124 122 119 115 109 105 101 98 95 95 93 90 85 81 78 75 72 72 75 77 67 63 59 57 57 71 70 71 72 76 94 110 122 126 128 130 134 133 134 134 133 132 125 121
-9999 57 59 54 54 52 27 19 13 11 11 10 10 10 11 11 12 12 12 13 13 14 14 16 19 19 18 17 15 14 14 14 15 16 21 25 30 41 53 133 145 144 140 128 121 120 117 113 111 106 102 98 -9999 -9999 -9999 -9999 -9999 83 80 77 75 73 72 75 70 49 53 48 45 46 47 49 47 48 52 64 88 113 123 125 128 131 133 133 133 130 125 121 -9999
