Humedad_Suelo_ASC/terraclimate_soil_2013.txt
ncols         92
nrows         62
xllcorner     -72.083333333358
yllcorner     17.458333333309
cellsize      0.041666666666657
NODATA_value  -9999
[rows 0 to 39 of 62, columns 0 to 89 of 92]
-9999 -9999 -9999 -9999 -9999 -9999 -9999 -9999 -9999 -9999 -9999 -9999 -9999 -9999 -9999 -9999 -9999 -9999 -9999 -9999 -9999 -9999 -9999 -9999 -9999 -9999 -9999 -9999 -9999 -9999 -9999 -9999 -9999 -9999 -9999 -9999 -9999 -9999 -9999 -9999 -9999 -9999 -9999 -9999 -9999 -9999 -9999 -9999 -9999 -9999 -9999 -9999 -9999 -9999 -9999 -9999 -9999 -9999 -9999 -9999 -9999 -9999 -9999 -9999 -9999 -9999 -9999 -9999 -9999 -9999 -9999 -9999 -9999 -9999 -9999 -9999 -9999 -9999 -9999 -9999 -9999 -9999 -9999 -9999 -9999 -9999 -9999 -9999 -9999 -9999
-9999 -9999 -9999 -9999 -9999 -9999 -9999 -9999 -9999 -9999 -9999 -9999 -9999 -9999 -9999 -9999 -9999 -9999 -9999 -9999 -9999 -9999 -9999 -9999 -9999 -9999 -9999 -9999 -9999 -9999 -9999 -9999 -9999 -9999 -9999 -9999 -9999 -9999 -9999 -9999 -9999 -9999 -9999 -9999 -9999 -9999 -9999 -9999 -9999 -9999 -9999 -9999 -9999 -9999 -9999 -9999 -9999 -9999 -9999 -9999 -9999 -9999 -9999 -9999 -9999 -9999 -9999 -9999 -9999 -9999 -9999 -9999 -9999 -9999 -9999 -9999 -9999 -9999 -9999 -9999 -9999 -9999 -9999 -9999 -9999 -9999 -9999 -9999 -9999 -9999
-9999 -9999 -9999 -9999 -9999 -9999 -9999 -9999 -9999 -9999 -9999 -9999 -9999 -9999 -9999 -9999 -9999 -9999 -9999 -9999 -9999 -9999 -9999 -9999 133 136 136 -9999 -9999 -9999 -9999 -9999 -9999 -9999 -9999 -9999 -9999 -9999 -9999 -9999 -9999 -9999 -9999 -9999 -9999 -9999 -9999 -9999 -9999 -9999 -9999 -9999 -9999 -9999 -9999 -9999 -9999 -9999 -9999 -9999 -9999 -9999 -9999 -9999 -9999 -9999 -9999 -9999 -9999 -9999 -9999 -9999 -9999 -9999 -9999 -9999 -9999 -9999 -9999 -9999 -9999 -9999 -9999 -9999 -9999 -9999 -9999 -9999 -9999 -9999
-9999 -9999 -9999 -9999 -9999 -9999 86 -9999 -9999 -9999 106 110 115 120 123 123 -9999 -9999 -9999 -9999 -9999 -9999 -9999 -9999 140 143 143 141 139 137 134 -9999 -9999 -9999 -9999 -9999 -9999 -9999 -9999 -9999 -9999 -9999 -9999 -9999 -9999 -9999 -9999 -9999 -9999 -9999 -9999 -9999 -9999 -9999 -9999 -9999 -9999 -9999 -9999 -9999 -9999 -9999 -9999 -9999 -9999 -9999 -9999 -9999 -9999 -9999 -9999 -9999 -9999 -9999 -9999 -9999 -9999 -9999 -9999 -9999 -9999 -9999 -9999 -9999 -9999 -9999 -9999 -9999 -9999 -9999
-9999 -9999 -9999 -9999 -9999 -9999 -9999 -9999 -9999 101 108 114 119 125 130 130 131 133 134 135 137 139 140 143 145 148 148 145 144 142 139 136 134 -9999 -9999 -9999 -9999 -9999 -9999 -9999 -9999 -9999 -9999 -9999 -9999 -9999 -9999 -9999 -9999 -9999 -9999 -9999 -9999 -9999 -9999 -9999 -9999 -9999 -9999 -9999 -9999 -9999 -9999 -9999 -9999 -9999 -9999 -9999 -9999 -9999 -9999 -9999 -9999 -9999 -9999 -9999 -9999 -9999 -9999 -9999 -9999 -9999 -9999 -9999 -9999 -9999 -9999 -9999 -9999 -9999
-9999 -9999 -9999 -9999 -9999 -9999 -9999 90 96 102 109 116 123 130 135 136 138 140 141 142 143 145 147 148 150 152 152 150 149 147 144 141 137 134 -9999 -9999 -9999 -9999 -9999 -9999 -9999 -9999 -9999 -9999 -9999 -9999 -9999 -9999 -9999 -9999 -9999 -9999 -9999 -9999 -9999 -9999 -9999 -9999 -9999 -9999 -9999 -9999 -9999 -9999 -9999 -9999 -9999 -9999 -9999 -9999 -9999 -9999 -9999 -9999 -9999 -9999 -9999 -9999 -9999 -9999 -9999 -9999 -9999 -9999 -9999 -9999 -9999 -9999 -9999 -9999
-9999 -9999 -9999 -9999 -9999 -9999 -9999 88 95 102 111 118 126 134 139 140 142 145 146 148 150 154 157 156 157 159 158 155 152 150 147 144 140 137 133 128 125 121 118 116 -9999 -9999 -9999 -9999 -9999 -9999 -9999 -9999 -9999 -9999 -9999 -9999 -9999 -9999 -9999 -9999 -9999 -9999 -9999 -9999 -9999 -9999 -9999 -9999 -9999 -9999 -9999 -9999 -9999 -9999 -9999 -9999 -9999 -9999 -9999 -9999 -9999 -9999 -9999 -9999 -9999 -9999 -9999 -9999 -9999 -9999 -9999 -9999 -9999 -9999
-9999 44 47 54 60 68 77 -9999 94 103 112 121 129 138 143 143 144 147 148 150 151 154 159 164 166 165 164 159 155 152 148 145 141 137 134 129 125 121 118 117 114 -9999 -9999 -9999 -9999 -9999 -9999 -9999 -9999 -9999 -9999 -9999 -9999 -9999 -9999 -9999 -9999 -9999 -9999 -9999 -9999 -9999 -9999 -9999 -9999 -9999 -9999 -9999 -9999 -9999 -9999 -9999 -9999 -9999 -9999 -9999 -9999 -9999 -9999 -9999 -9999 -9999 -9999 -9999 -9999 -9999 -9999 -9999 -9999 -9999
-9999 38 41 48 56 66 75 84 93 101 111 120 130 139 145 144 148 150 151 152 154 156 158 162 167 171 171 166 160 155 150 146 142 138 133 128 124 119 116 115 113 111 110 -9999 -9999 -9999 -9999 -9999 102 102 100 100 -9999 -9999 -9999 -9999 -9999 -9999 -9999 -9999 -9999 -9999 -9999 -9999 -9999 -9999 -9999 -9999 -9999 -9999 -9999 -9999 -9999 -9999 -9999 -9999 -9999 -9999 -9999 -9999 -9999 -9999 -9999 -9999 -9999 -9999 -9999 -9999 -9999 -9999
-9999 33 35 44 54 64 73 84 93 102 112 122 133 141 146 146 148 153 156 157 158 160 161 163 165 168 170 169 165 159 154 148 144 139 133 127 122 116 114 113 112 111 109 108 107 105 -9999 102 102 103 103 102 99 -9999 -9999 -9999 -9999 -9999 -9999 -9999 -9999 -9999 -9999 -9999 -9999 -9999 -9999 -9999 -9999 -9999 -9999 -9999 -9999 -9999 -9999 -9999 -9999 -9999 -9999 -9999 -9999 -9999 -9999 -9999 -9999 -9999 -9999 -9999 -9999 -9999
-9999 31 32 41 52 62 72 83 95 104 116 127 136 145 150 151 150 159 160 159 161 165 166 168 169 171 169 165 163 160 156 151 148 142 136 128 120 114 112 111 111 110 109 108 106 105 104 102 102 102 103 104 99 -9999 -9999 -9999 -9999 -9999 -9999 -9999 -9999 -9999 -9999 -9999 -9999 -9999 -9999 -9999 -9999 -9999 -9999 -9999 -9999 -9999 -9999 -9999 -9999 -9999 -9999 -9999 -9999 -9999 -9999 -9999 -9999 -9999 -9999 -9999 -9999 -9999
-9999 28 30 37 48 59 71 82 93 104 116 127 135 147 155 152 154 157 165 168 168 169 171 172 173 175 173 167 163 159 156 152 147 142 137 130 124 116 110 109 108 108 107 106 105 105 104 102 101 100 100 100 98 -9999 -9999 -9999 -9999 -9999 -9999 -9999 -9999 -9999 -9999 -9999 -9999 -9999 -9999 -9999 -9999 -9999 -9999 -9999 -9999 -9999 -9999 -9999 -9999 -9999 -9999 -9999 -9999 -9999 -9999 -9999 -9999 -9999 -9999 -9999 -9999 -9999
-9999 26 28 34 45 57 70 83 94 103 119 132 141 153 157 155 155 157 162 167 173 177 180 176 179 181 178 171 166 160 155 149 143 139 134 128 124 118 111 108 107 108 106 105 105 105 104 101 100 99 98 97 95 95 -9999 -9999 -9999 -9999 -9999 -9999 -9999 -9999 -9999 -9999 -9999 -9999 -9999 -9999 -9999 -9999 -9999 -9999 -9999 -9999 -9999 -9999 -9999 -9999 -9999 -9999 -9999 -9999 -9999 -9999 -9999 -9999 -9999 -9999 -9999 -9999
-9999 25 27 34 45 59 70 83 95 103 118 140 146 152 154 152 151 150 153 157 162 169 177 174 177 178 175 169 165 158 151 144 136 130 126 122 116 112 110 108 107 109 105 103 103 102 101 100 99 98 97 96 95 -9999 -9999 -9999 -9999 -9999 -9999 -9999 -9999 -9999 -9999 -9999 -9999 -9999 -9999 -9999 -9999 -9999 -9999 -9999 -9999 -9999 -9999 -9999 -9999 -9999 -9999 -9999 -9999 -9999 -9999 -9999 -9999 -9999 -9999 -9999 -9999 -9999
-9999 26 28 34 47 60 72 83 93 101 112 131 144 151 148 143 145 143 143 145 152 158 163 160 166 169 166 161 158 152 145 136 129 122 118 114 109 103 101 102 104 105 102 100 100 99 99 99 98 97 97 96 95 95 -9999 -9999 -9999 -9999 -9999 -9999 -9999 -9999 -9999 -9999 -9999 -9999 -9999 -9999 -9999 -9999 -9999 -9999 -9999 -9999 -9999 -9999 -9999 -9999 -9999 -9999 -9999 -9999 -9999 -9999 -9999 -9999 -9999 -9999 -9999 -9999
-9999 27 29 35 47 59 70 82 93 104 111 121 132 140 140 137 139 143 145 141 148 149 150 150 159 161 157 151 147 143 137 130 123 118 112 107 102 97 95 96 96 98 98 98 99 100 100 98 96 97 96 96 96 94 -9999 -9999 -9999 -9999 -9999 -9999 -9999 -9999 -9999 -9999 -9999 -9999 -9999 -9999 -9999 -9999 -9999 -9999 -9999 -9999 -9999 -9999 -9999 -9999 -9999 -9999 -9999 -9999 -9999 -9999 -9999 -9999 -9999 -9999 -9999 -9999
-9999 28 30 36 46 58 68 78 89 100 109 121 133 139 133 135 135 138 142 140 137 142 142 143 150 150 147 143 138 133 127 123 117 113 107 102 97 92 90 91 92 92 93 94 94 96 99 100 96 96 96 97 96 94 93 -9999 -9999 -9999 -9999 -9999 -9999 -9999 -9999 -9999 -9999 -9999 -9999 99 97 -9999 -9999 -9999 -9999 -9999 -9999 -9999 -9999 -9999 -9999 -9999 -9999 -9999 -9999 -9999 -9999 -9999 -9999 -9999 -9999 -9999
-9999 29 31 35 43 53 63 73 82 89 97 109 122 136 137 133 134 137 138 134 134 142 139 139 140 140 137 132 128 123 118 114 109 105 101 97 92 88 85 85 86 87 88 89 91 92 93 94 94 95 97 97 95 93 93 92 -9999 -9999 -9999 96 97 97 97 96 97 100 102 102 101 95 95 -9999 -9999 -9999 -9999 -9999 -9999 -9999 -9999 -9999 -9999 -9999 -9999 -9999 -9999 -9999 -9999 -9999 -9999 -9999
-9999 30 32 35 39 47 55 63 71 79 88 97 107 123 134 136 136 134 129 130 135 137 137 136 135 134 131 124 119 115 112 108 103 98 95 91 88 83 80 80 81 82 84 85 87 88 90 91 93 95 95 95 93 93 92 93 94 96 97 98 99 99 98 98 99 99 102 102 99 96 96 -9999 -9999 -9999 -9999 -9999 -9999 -9999 -9999 -9999 -9999 -9999 -9999 -9999 -9999 -9999 -9999 -9999 -9999 -9999
-9999 30 32 35 38 42 47 54 65 71 76 84 97 113 121 121 125 126 124 126 127 128 128 128 127 125 122 117 113 109 106 103 99 94 91 87 83 79 77 77 77 78 80 81 83 85 86 88 91 93 94 94 93 92 91 92 93 93 94 95 96 97 97 97 98 99 99 101 98 97 -9999 -9999 -9999 -9999 -9999 -9999 -9999 -9999 -9999 -9999 -9999 -9999 -9999 -9999 -9999 -9999 -9999 -9999 -9999 -9999
-9999 30 32 35 38 41 43 47 57 65 69 75 84 93 97 97 103 111 114 116 117 118 119 119 117 115 112 109 106 103 101 98 93 89 85 82 79 76 74 74 74 75 77 78 79 81 82 85 88 90 91 91 91 90 89 89 90 90 91 -9999 -9999 -9999 92 93 94 96 97 98 97 -9999 -9999 -9999 -9999 -9999 -9999 -9999 -9999 -9999 -9999 -9999 -9999 -9999 -9999 -9999 -9999 -9999 -9999 -9999 -9999 -9999
-9999 30 31 34 37 39 42 44 46 51 56 65 72 75 83 90 90 92 90 90 94 101 106 107 105 103 103 100 98 96 94 91 86 83 80 77 76 74 72 73 72 73 75 76 78 79 80 83 86 88 89 89 89 88 88 88 88 89 90 -9999 -9999 -9999 -9999 -9999 -9999 -9999 -9999 -9999 -9999 -9999 -9999 -9999 -9999 -9999 -9999 -9999 -9999 -9999 -9999 -9999 -9999 -9999 -9999 -9999 -9999 -9999 -9999 -9999 -9999 -9999
-9999 31 32 34 36 39 40 42 44 46 48 55 63 67 75 79 78 78 75 73 79 85 87 93 92 91 93 92 90 88 86 84 81 79 76 75 76 75 71 70 71 72 74 75 76 77 80 83 86 88 90 90 90 90 89 89 89 89 89 -9999 90 90 89 90 90 -9999 -9999 -9999 -9999 -9999 -9999 -9999 -9999 -9999 -9999 -9999 -9999 -9999 -9999 -9999 -9999 -9999 -9999 -9999 -9999 -9999 -9999 -9999 -9999 -9999
-9999 33 33 35 36 38 39 41 42 44 45 47 53 61 63 66 65 64 59 58 65 72 75 77 80 81 82 83 81 78 77 76 76 76 75 74 74 74 68 67 69 70 72 75 76 78 79 82 85 87 89 90 90 90 90 91 91 90 91 91 91 92 92 91 90 90 89 -9999 -9999 -9999 -9999 -9999 -9999 -9999 -9999 -9999 -9999 -9999 -9999 -9999 -9999 -9999 -9999 -9999 -9999 -9999 -9999 -9999 -9999 -9999
-9999 34 34 35 37 38 39 40 41 42 43 44 45 46 47 50 51 53 47 45 49 55 59 61 62 63 64 69 72 71 71 70 71 71 70 70 70 70 66 63 66 68 70 73 74 77 79 81 84 87 88 88 89 90 89 90 90 90 91 92 92 92 93 92 91 90 90 90 89 89 89 90 -9999 91 91 91 90 -9999 -9999 -9999 -9999 -9999 -9999 -9999 -9999 -9999 -9999 -9999 -9999 -9999
-9999 35 35 36 37 38 39 39 40 41 42 42 43 44 44 44 44 44 43 43 44 50 53 53 52 53 55 59 67 68 68 69 69 69 69 69 70 71 67 65 67 69 71 73 75 78 79 81 84 88 87 87 88 89 89 89 89 89 90 90 91 91 91 90 89 90 91 92 92 91 92 93 93 94 94 94 94 93 91 91 -9999 -9999 -9999 -9999 -9999 -9999 -9999 -9999 -9999 -9999
-9999 36 36 37 38 39 39 40 41 41 42 42 43 44 44 43 44 44 43 43 43 47 52 53 49 44 49 56 58 57 62 70 71 72 73 75 78 78 74 70 71 74 74 75 77 80 81 82 85 88 87 86 86 87 86 86 86 86 86 86 87 87 88 89 88 88 89 90 92 94 97 98 96 96 97 98 98 98 96 94 92 91 -9999 -9999 -9999 -9999 -9999 -9999 -9999 -9999
-9999 37 37 38 39 40 40 41 42 42 42 43 43 44 44 43 44 43 43 43 43 43 44 44 44 43 47 48 51 48 55 65 67 74 79 82 83 83 78 74 75 77 78 79 80 82 83 84 85 86 86 86 85 85 85 84 83 82 78 78 82 83 84 85 86 86 87 88 89 91 95 97 98 99 100 100 102 105 102 99 96 93 91 -9999 -9999 -9999 -9999 -9999 -9999 -9999
-9999 37 38 39 40 40 41 41 42 42 43 43 44 44 45 44 44 43 43 43 43 43 43 43 43 43 43 44 45 49 67 76 81 83 88 91 90 87 83 81 80 80 82 83 84 84 85 85 85 85 85 84 83 82 81 68 64 68 65 63 64 64 68 72 77 80 83 86 86 86 89 91 93 96 97 98 99 101 105 102 99 96 92 91 -9999 -9999 -9999 -9999 -9999 -9999
-9999 38 38 39 40 41 41 42 43 43 44 44 45 45 46 45 45 44 44 43 43 43 43 43 43 43 43 44 46 52 66 73 81 87 92 99 99 97 93 92 88 85 85 86 87 87 86 86 86 84 84 82 81 77 66 58 56 55 55 53 53 54 54 57 61 62 65 68 70 70 73 77 84 89 94 95 97 99 103 104 104 98 95 92 89 -9999 -9999 -9999 -9999 -9999
-9999 39 39 40 41 41 42 44 47 46 45 45 45 46 47 48 46 46 45 44 44 43 43 43 43 43 43 45 46 48 56 65 77 87 96 106 106 103 102 100 98 92 90 89 89 90 88 87 86 84 82 81 80 73 61 53 51 49 47 47 47 46 46 47 49 51 54 55 56 60 64 68 72 79 85 91 95 98 102 104 103 101 98 95 92 89 -9999 -9999 -9999 -9999
-9999 39 40 41 41 42 43 44 47 50 49 46 46 46 47 48 49 47 46 45 45 44 44 44 44 43 44 46 48 56 59 65 75 84 92 103 109 107 106 104 104 102 100 94 90 90 89 88 86 84 82 80 78 67 56 49 47 46 46 45 45 44 44 45 46 47 48 49 49 53 60 63 64 68 74 79 88 93 98 100 102 103 100 98 96 93 85 81 -9999 -9999
-9999 40 41 41 42 43 47 50 52 53 54 53 53 54 51 48 47 47 47 46 45 45 45 45 44 44 45 47 52 66 69 69 74 80 90 105 114 112 110 109 109 109 108 102 93 90 89 89 86 83 81 79 69 60 52 47 46 45 45 44 43 43 43 44 45 46 46 48 49 50 53 57 59 64 69 69 77 85 91 96 98 100 100 99 98 96 90 80 75 -9999
-9999 40 41 41 42 43 44 49 54 56 57 58 61 64 60 55 51 47 46 46 46 46 46 46 45 45 46 47 50 64 70 73 79 87 95 111 116 111 113 112 113 112 110 107 97 92 89 87 84 82 79 72 62 54 48 46 45 44 44 43 42 41 41 42 44 44 45 47 48 49 50 53 57 60 63 66 69 73 77 89 96 97 98 98 98 98 96 86 76 71
-9999 40 42 42 43 43 44 44 45 46 47 52 56 62 62 60 59 55 48 47 47 47 47 47 46 46 47 48 50 60 69 70 76 82 88 98 102 101 109 114 114 113 111 108 100 93 90 87 83 78 72 64 57 51 47 46 44 44 43 42 41 40 39 41 42 43 44 46 47 48 50 52 55 58 61 64 66 69 74 83 94 96 96 97 97 96 96 95 89 72
-9999 40 41 42 43 43 43 44 44 45 45 46 48 53 54 52 51 51 52 52 48 47 48 48 47 47 47 49 50 52 56 65 76 84 86 88 93 94 105 122 118 115 112 109 102 96 91 87 82 72 64 56 51 47 46 45 44 43 41 40 39 38 38 39 40 42 43 44 46 48 50 51 53 56 60 63 65 68 72 80 89 95 96 96 95 95 95 95 85 70
-9999 42 42 42 43 43 43 44 44 44 43 45 46 46 47 47 47 47 47 48 48 47 48 48 48 48 48 50 51 53 54 56 72 84 83 84 87 94 116 131 125 119 113 110 97 91 91 84 75 66 57 50 48 47 46 44 43 42 40 39 38 37 37 38 39 41 42 43 45 47 49 51 52 54 58 61 63 66 72 78 87 93 93 96 95 95 95 90 74 70
-9999 43 43 43 44 44 44 45 45 44 41 37 35 34 34 35 38 42 47 48 49 48 48 48 49 48 49 50 51 52 54 55 57 60 61 63 85 92 104 130 130 124 118 112 95 82 80 75 68 59 55 50 48 47 45 44 42 41 40 38 37 37 37 38 39 40 42 43 44 46 48 50 52 53 54 58 61 65 71 75 81 87 90 93 93 94 94 79 71 -9999
-9999 43 44 44 45 45 45 46 46 43 40 35 33 33 34 38 40 43 49 47 48 49 50 50 49 49 49 50 51 52 53 53 55 57 58 60 66 75 81 102 119 117 112 87 75 72 69 65 60 56 51 49 -9999 -9999 -9999 -9999 -9999 41 40 39 38 37 37 38 39 40 42 43 44 46 47 49 50 52 53 53 57 61 65 69 74 83 84 90 91 90 80 71 -9999 -9999
-9999 47 52 54 52 47 47 47 47 48 48 49 49 34 36 43 41 44 47 48 49 50 51 51 55 53 51 51 51 52 52 53 53 -9999 -9999 -9999 60 64 69 75 89 83 74 64 63 64 62 58 53 51 -9999 -9999 -9999 -9999 -9999 -9999 -9999 39 38 -9999 38 37 37 -9999 -9999 -9999 -9999 -9999 -9999 -9999 47 48 49 50 51 52 53 56 62 65 71 76 80 80 80 80 73 65 -9999 -9999
