Humedad_Suelo_ASC/terraclimate_soil_1986.txt
ncols         92
nrows         62
xllcorner     -72.083333333358
yllcorner     17.458333333309
cellsize      0.041666666666657
NODATA_value  -9999
[rows 0 to 39 of 62, columns 0 to 89 of 92]
-9999 -9999 -9999 -9999 -9999 -9999 -9999 -9999 -9999 -9999 -9999 -9999 -9999 -9999 -9999 -9999 -9999 -9999 -9999 -9999 -9999 -9999 -9999 -9999 -9999 -9999 -9999 -9999 -9999 -9999 -9999 -9999 -9999 -9999 -9999 -9999 -9999 -9999 -9999 -9999 -9999 -9999 -9999 -9999 -9999 -9999 -9999 -9999 -9999 -9999 -9999 -9999 -9999 -9999 -9999 -9999 -9999 -9999 -9999 -9999 -9999 -9999 -9999 -9999 -9999 -9999 -9999 -9999 -9999 -9999 -9999 -9999 -9999 -9999 -9999 -9999 -9999 -9999 -9999 -9999 -9999 -9999 -9999 -9999 -9999 -9999 -9999 -9999 -9999 -9999
-9999 -9999 -9999 -9999 -9999 -9999 -9999 -9999 -9999 -9999 -9999 -9999 -9999 -9999 -9999 -9999 -9999 -9999 -9999 -9999 -9999 -9999 -9999 -9999 -9999 -9999 -9999 -9999 -9999 -9999 -9999 -9999 -9999 -9999 -9999 -9999 -9999 -9999 -9999 -9999 -9999 -9999 -9999 -9999 -9999 -9999 -9999 -9999 -9999 -9999 -9999 -9999 -9999 -9999 -9999 -9999 -9999 -9999 -9999 -9999 -9999 -9999 -9999 -9999 -9999 -9999 -9999 -9999 -9999 -9999 -9999 -9999 -9999 -9999 -9999 -9999 -9999 -9999 -9999 -9999 -9999 -9999 -9999 -9999 -9999 -9999 -9999 -9999 -9999 -9999
-9999 -9999 -9999 -9999 -9999 -9999 -9999 -9999 -9999 -9999 -9999 -9999 -9999 -9999 -9999 -9999 -9999 -9999 -9999 -9999 -9999 -9999 -9999 -9999 121 152 168 -9999 -9999 -9999 -9999 -9999 -9999 -9999 -9999 -9999 -9999 -9999 -9999 -9999 -9999 -9999 -9999 -9999 -9999 -9999 -9999 -9999 -9999 -9999 -9999 -9999 -9999 -9999 -9999 -9999 -9999 -9999 -9999 -9999 -9999 -9999 -9999 -9999 -9999 -9999 -9999 -9999 -9999 -9999 -9999 -9999 -9999 -9999 -9999 -9999 -9999 -9999 -9999 -9999 -9999 -9999 -9999 -9999 -9999 -9999 -9999 -9999 -9999 -9999
-9999 -9999 -9999 -9999 -9999 -9999 79 -9999 -9999 -9999 24 18 19 21 18 14 -9999 -9999 -9999 -9999 -9999 -9999 -9999 -9999 124 174 193 198 196 193 191 -9999 -9999 -9999 -9999 -9999 -9999 -9999 -9999 -9999 -9999 -9999 -9999 -9999 -9999 -9999 -9999 -9999 -9999 -9999 -9999 -9999 -9999 -9999 -9999 -9999 -9999 -9999 -9999 -9999 -9999 -9999 -9999 -9999 -9999 -9999 -9999 -9999 -9999 -9999 -9999 -9999 -9999 -9999 -9999 -9999 -9999 -9999 -9999 -9999 -9999 -9999 -9999 -9999 -9999 -9999 -9999 -9999 -9999 -9999
-9999 -9999 -9999 -9999 -9999 -9999 -9999 -9999 -9999 22 23 22 20 23 29 25 24 19 21 20 33 40 56 84 111 147 184 203 200 197 194 191 188 -9999 -9999 -9999 -9999 -9999 -9999 -9999 -9999 -9999 -9999 -9999 -9999 -9999 -9999 -9999 -9999 -9999 -9999 -9999 -9999 -9999 -9999 -9999 -9999 -9999 -9999 -9999 -9999 -9999 -9999 -9999 -9999 -9999 -9999 -9999 -9999 -9999 -9999 -9999 -9999 -9999 -9999 -9999 -9999 -9999 -9999 -9999 -9999 -9999 -9999 -9999 -9999 -9999 -9999 -9999 -9999 -9999
-9999 -9999 -9999 -9999 -9999 -9999 -9999 25 21 19 18 17 18 18 23 27 39 51 51 36 37 51 59 82 107 133 166 199 204 200 197 194 190 187 -9999 -9999 -9999 -9999 -9999 -9999 -9999 -9999 -9999 -9999 -9999 -9999 -9999 -9999 -9999 -9999 -9999 -9999 -9999 -9999 -9999 -9999 -9999 -9999 -9999 -9999 -9999 -9999 -9999 -9999 -9999 -9999 -9999 -9999 -9999 -9999 -9999 -9999 -9999 -9999 -9999 -9999 -9999 -9999 -9999 -9999 -9999 -9999 -9999 -9999 -9999 -9999 -9999 -9999 -9999 -9999
-9999 -9999 -9999 -9999 -9999 -9999 -9999 23 18 15 14 10 11 13 17 19 24 47 52 67 86 166 186 136 137 145 172 207 208 204 200 196 192 188 184 180 177 173 170 169 -9999 -9999 -9999 -9999 -9999 -9999 -9999 -9999 -9999 -9999 -9999 -9999 -9999 -9999 -9999 -9999 -9999 -9999 -9999 -9999 -9999 -9999 -9999 -9999 -9999 -9999 -9999 -9999 -9999 -9999 -9999 -9999 -9999 -9999 -9999 -9999 -9999 -9999 -9999 -9999 -9999 -9999 -9999 -9999 -9999 -9999 -9999 -9999 -9999 -9999
-9999 88 83 79 54 37 30 -9999 10 10 9 9 9 9 9 9 12 20 25 37 42 68 118 201 221 188 195 206 212 207 203 198 194 190 185 181 176 172 169 168 167 -9999 -9999 -9999 -9999 -9999 -9999 -9999 -9999 -9999 -9999 -9999 -9999 -9999 -9999 -9999 -9999 -9999 -9999 -9999 -9999 -9999 -9999 -9999 -9999 -9999 -9999 -9999 -9999 -9999 -9999 -9999 -9999 -9999 -9999 -9999 -9999 -9999 -9999 -9999 -9999 -9999 -9999 -9999 -9999 -9999 -9999 -9999 -9999 -9999
-9999 80 76 78 60 41 31 22 18 15 13 11 11 10 10 10 10 12 15 19 25 36 45 70 125 202 226 221 216 211 206 201 196 191 186 181 176 171 168 167 166 164 163 -9999 -9999 -9999 -9999 -9999 157 156 155 155 -9999 -9999 -9999 -9999 -9999 -9999 -9999 -9999 -9999 -9999 -9999 -9999 -9999 -9999 -9999 -9999 -9999 -9999 -9999 -9999 -9999 -9999 -9999 -9999 -9999 -9999 -9999 -9999 -9999 -9999 -9999 -9999 -9999 -9999 -9999 -9999 -9999 -9999
-9999 75 70 69 73 42 33 27 26 28 28 27 26 21 20 19 15 19 16 15 16 20 21 27 35 53 106 223 220 214 209 203 198 192 187 181 176 170 167 166 165 164 162 161 160 159 -9999 157 156 155 154 154 154 -9999 -9999 -9999 -9999 -9999 -9999 -9999 -9999 -9999 -9999 -9999 -9999 -9999 -9999 -9999 -9999 -9999 -9999 -9999 -9999 -9999 -9999 -9999 -9999 -9999 -9999 -9999 -9999 -9999 -9999 -9999 -9999 -9999 -9999 -9999 -9999 -9999
-9999 70 71 66 73 59 46 33 34 34 38 37 38 37 35 34 30 47 38 29 23 21 19 19 21 29 45 71 135 211 212 206 200 194 187 181 175 169 166 165 164 163 161 160 159 158 157 156 155 154 153 153 153 -9999 -9999 -9999 -9999 -9999 -9999 -9999 -9999 -9999 -9999 -9999 -9999 -9999 -9999 -9999 -9999 -9999 -9999 -9999 -9999 -9999 -9999 -9999 -9999 -9999 -9999 -9999 -9999 -9999 -9999 -9999 -9999 -9999 -9999 -9999 -9999 -9999
-9999 71 60 62 64 69 68 50 47 50 55 49 44 50 56 42 39 47 73 58 46 37 30 23 16 20 31 43 63 101 155 206 201 195 188 182 175 168 165 164 163 162 161 160 158 157 156 155 154 153 153 153 152 -9999 -9999 -9999 -9999 -9999 -9999 -9999 -9999 -9999 -9999 -9999 -9999 -9999 -9999 -9999 -9999 -9999 -9999 -9999 -9999 -9999 -9999 -9999 -9999 -9999 -9999 -9999 -9999 -9999 -9999 -9999 -9999 -9999 -9999 -9999 -9999 -9999
-9999 45 53 61 60 66 75 82 78 74 108 104 79 75 61 50 45 55 62 68 85 69 61 35 28 27 29 38 47 57 73 93 120 168 189 182 175 168 164 163 162 161 160 159 158 157 156 155 154 153 152 152 152 152 -9999 -9999 -9999 -9999 -9999 -9999 -9999 -9999 -9999 -9999 -9999 -9999 -9999 -9999 -9999 -9999 -9999 -9999 -9999 -9999 -9999 -9999 -9999 -9999 -9999 -9999 -9999 -9999 -9999 -9999 -9999 -9999 -9999 -9999 -9999 -9999
-9999 32 40 55 64 77 77 88 91 97 115 139 147 114 92 74 63 63 67 66 75 78 83 48 43 37 33 49 78 69 64 67 80 91 116 146 172 165 161 160 160 159 158 157 156 155 155 154 153 152 152 151 151 -9999 -9999 -9999 -9999 -9999 -9999 -9999 -9999 -9999 -9999 -9999 -9999 -9999 -9999 -9999 -9999 -9999 -9999 -9999 -9999 -9999 -9999 -9999 -9999 -9999 -9999 -9999 -9999 -9999 -9999 -9999 -9999 -9999 -9999 -9999 -9999 -9999
-9999 34 36 49 60 72 85 88 92 98 108 131 145 153 136 101 111 99 86 84 100 100 106 57 65 65 52 70 108 118 86 60 60 65 77 91 116 145 154 157 156 156 155 155 154 154 153 153 152 152 151 151 151 151 -9999 -9999 -9999 -9999 -9999 -9999 -9999 -9999 -9999 -9999 -9999 -9999 -9999 -9999 -9999 -9999 -9999 -9999 -9999 -9999 -9999 -9999 -9999 -9999 -9999 -9999 -9999 -9999 -9999 -9999 -9999 -9999 -9999 -9999 -9999 -9999
-9999 26 29 42 54 68 78 90 98 105 110 122 134 141 139 137 139 145 145 127 147 137 115 88 111 112 82 71 88 116 103 67 55 65 65 74 85 99 114 134 146 153 153 153 152 152 152 152 151 151 151 151 151 150 -9999 -9999 -9999 -9999 -9999 -9999 -9999 -9999 -9999 -9999 -9999 -9999 -9999 -9999 -9999 -9999 -9999 -9999 -9999 -9999 -9999 -9999 -9999 -9999 -9999 -9999 -9999 -9999 -9999 -9999 -9999 -9999 -9999 -9999 -9999 -9999
-9999 26 29 40 49 60 72 81 91 102 110 122 133 140 133 135 136 138 140 138 136 139 139 125 135 114 103 111 112 110 93 93 68 84 71 74 80 87 95 108 126 133 142 150 150 150 150 150 150 150 150 150 150 150 150 -9999 -9999 -9999 -9999 -9999 -9999 -9999 -9999 -9999 -9999 -9999 -9999 148 148 -9999 -9999 -9999 -9999 -9999 -9999 -9999 -9999 -9999 -9999 -9999 -9999 -9999 -9999 -9999 -9999 -9999 -9999 -9999 -9999 -9999
-9999 23 27 35 46 55 64 74 82 90 99 108 120 132 137 134 133 134 133 130 130 135 134 133 135 137 116 106 110 102 87 75 67 87 84 80 85 86 94 100 114 119 122 128 138 148 149 149 150 150 150 150 150 150 149 149 -9999 -9999 -9999 149 148 148 148 148 148 148 148 148 148 148 148 -9999 -9999 -9999 -9999 -9999 -9999 -9999 -9999 -9999 -9999 -9999 -9999 -9999 -9999 -9999 -9999 -9999 -9999 -9999
-9999 24 26 33 42 50 57 66 73 80 88 97 107 120 128 133 133 128 124 124 127 131 130 128 128 130 130 122 110 107 104 104 88 88 99 97 98 99 103 103 104 109 113 117 122 132 143 148 149 149 150 149 149 149 149 149 149 149 148 148 148 148 148 148 148 148 148 147 147 147 147 -9999 -9999 -9999 -9999 -9999 -9999 -9999 -9999 -9999 -9999 -9999 -9999 -9999 -9999 -9999 -9999 -9999 -9999 -9999
-9999 22 25 30 38 45 49 57 66 70 73 81 95 109 114 114 120 121 118 118 118 120 120 121 120 120 119 115 110 109 107 108 106 104 102 98 100 102 99 97 97 102 106 110 115 123 129 138 148 149 149 149 149 149 149 148 148 148 148 148 148 147 147 147 147 147 147 147 147 147 -9999 -9999 -9999 -9999 -9999 -9999 -9999 -9999 -9999 -9999 -9999 -9999 -9999 -9999 -9999 -9999 -9999 -9999 -9999 -9999
-9999 22 23 28 33 39 39 45 56 65 68 72 82 91 95 95 98 103 106 108 108 109 111 111 111 110 107 104 102 101 103 104 100 98 96 95 91 95 95 95 94 96 99 103 108 113 120 125 134 145 149 149 148 148 148 148 148 148 147 -9999 -9999 -9999 147 147 147 147 147 147 147 -9999 -9999 -9999 -9999 -9999 -9999 -9999 -9999 -9999 -9999 -9999 -9999 -9999 -9999 -9999 -9999 -9999 -9999 -9999 -9999 -9999
-9999 23 24 25 29 32 35 37 40 48 52 61 67 71 80 86 86 86 83 82 86 92 96 96 94 93 96 95 94 94 96 96 92 89 87 87 89 90 93 95 95 95 100 101 105 107 113 120 125 132 137 141 145 144 145 142 141 141 143 -9999 -9999 -9999 -9999 -9999 -9999 -9999 -9999 -9999 -9999 -9999 -9999 -9999 -9999 -9999 -9999 -9999 -9999 -9999 -9999 -9999 -9999 -9999 -9999 -9999 -9999 -9999 -9999 -9999 -9999 -9999
-9999 24 24 26 27 30 33 35 37 39 42 51 58 63 72 74 73 72 69 68 72 77 79 83 81 79 83 88 89 88 87 86 86 86 86 85 85 91 89 92 97 97 102 102 104 106 111 119 123 127 132 134 136 137 136 133 135 133 133 -9999 135 143 146 146 146 -9999 -9999 -9999 -9999 -9999 -9999 -9999 -9999 -9999 -9999 -9999 -9999 -9999 -9999 -9999 -9999 -9999 -9999 -9999 -9999 -9999 -9999 -9999 -9999 -9999
-9999 25 25 26 27 29 31 33 35 36 38 41 47 56 59 62 61 58 52 52 60 65 67 69 71 71 72 78 76 74 74 75 76 79 78 80 81 86 89 93 96 98 103 105 105 109 111 115 120 123 129 132 137 135 134 132 130 128 132 131 134 140 146 146 146 145 140 -9999 -9999 -9999 -9999 -9999 -9999 -9999 -9999 -9999 -9999 -9999 -9999 -9999 -9999 -9999 -9999 -9999 -9999 -9999 -9999 -9999 -9999 -9999
-9999 26 26 27 28 29 30 31 33 34 35 36 38 40 41 45 45 48 41 39 43 49 52 54 55 56 58 61 69 69 68 68 70 73 72 72 76 81 85 89 95 97 101 102 102 109 111 114 117 120 121 122 129 128 124 125 125 124 127 128 131 137 143 145 144 137 137 131 128 126 128 130 -9999 136 130 124 120 -9999 -9999 -9999 -9999 -9999 -9999 -9999 -9999 -9999 -9999 -9999 -9999 -9999
-9999 27 27 28 28 29 30 31 33 33 34 35 35 36 37 36 37 38 36 36 39 45 47 48 47 47 48 51 59 63 63 65 67 67 67 68 73 83 85 90 95 99 101 104 107 107 110 112 116 118 115 117 120 122 119 118 118 117 119 118 120 125 129 134 134 136 132 132 135 133 136 139 145 146 143 137 135 126 116 114 -9999 -9999 -9999 -9999 -9999 -9999 -9999 -9999 -9999 -9999
-9999 29 28 29 29 30 31 32 33 33 34 34 34 35 35 35 35 36 35 34 36 41 46 48 44 37 42 48 50 46 53 60 61 64 68 74 83 88 90 93 102 112 103 104 107 109 110 111 115 116 113 111 113 114 112 110 109 107 107 107 106 110 114 118 121 120 120 120 122 128 135 143 146 145 144 147 147 147 134 121 112 107 -9999 -9999 -9999 -9999 -9999 -9999 -9999 -9999
-9999 28 29 30 30 31 32 33 34 34 35 35 35 35 35 34 35 35 35 33 34 36 37 38 38 36 39 40 40 38 41 50 52 62 73 84 92 96 94 93 99 106 102 105 109 112 112 111 111 112 109 108 104 105 107 102 98 97 96 94 96 98 100 103 105 108 107 108 109 110 116 126 130 135 137 139 148 148 148 141 124 109 104 -9999 -9999 -9999 -9999 -9999 -9999 -9999
-9999 30 31 31 32 32 33 34 35 35 35 35 35 36 36 35 34 34 33 32 32 33 34 34 35 35 36 37 38 40 58 65 70 71 82 94 94 95 94 95 93 100 107 107 108 111 112 110 109 108 106 103 98 96 93 90 88 90 88 84 83 83 86 90 93 93 95 98 98 95 100 104 107 113 116 119 123 141 149 149 135 117 105 100 -9999 -9999 -9999 -9999 -9999 -9999
-9999 31 32 32 34 35 36 37 38 38 37 37 37 38 39 38 36 35 34 33 32 32 32 33 33 34 34 35 38 41 57 65 72 79 83 95 101 101 105 106 102 98 103 110 110 112 113 112 109 104 102 99 95 91 86 82 80 79 77 76 73 75 75 77 80 82 84 86 87 87 88 92 94 99 104 107 112 121 146 150 149 127 110 101 96 -9999 -9999 -9999 -9999 -9999
-9999 31 32 33 35 36 38 41 45 43 40 39 39 40 41 42 41 38 36 34 32 32 32 32 32 33 31 35 38 40 43 54 71 81 89 101 105 102 105 112 110 107 105 106 112 115 111 112 108 104 99 96 93 88 83 78 76 74 70 68 66 65 66 68 71 73 74 75 77 81 83 87 88 92 98 101 103 112 128 145 147 137 124 109 100 96 -9999 -9999 -9999 -9999
-9999 33 34 35 36 37 38 39 42 45 43 41 40 41 41 42 42 41 40 37 34 33 32 31 31 31 31 32 40 44 45 55 68 77 85 97 106 106 108 115 115 116 119 110 108 110 107 109 106 100 97 92 89 84 78 73 70 68 65 62 60 60 60 61 62 64 66 66 68 72 79 82 81 84 90 94 98 102 111 120 132 142 132 118 110 100 96 92 -9999 -9999
-9999 34 35 36 37 38 44 49 50 50 49 48 47 46 43 42 40 40 40 38 36 36 35 32 30 30 31 32 42 55 57 56 63 70 82 98 109 105 108 118 119 118 121 117 106 107 105 105 103 100 95 89 84 80 76 71 66 65 62 57 55 53 52 55 57 56 57 60 63 66 70 74 75 80 86 86 93 97 100 105 112 123 126 121 117 110 101 95 92 -9999
-9999 32 34 35 36 37 39 46 52 54 55 56 58 61 57 49 43 41 38 38 37 37 38 37 32 29 32 33 36 50 58 61 69 79 89 104 107 102 108 112 118 119 120 121 105 105 105 100 98 94 90 86 80 76 72 68 65 61 59 55 50 48 46 48 50 50 52 55 58 61 64 70 73 77 80 84 88 91 94 99 105 111 116 116 116 115 107 99 91 84
-9999 30 31 32 34 35 36 37 38 39 39 45 49 58 57 54 53 47 42 39 37 37 38 37 32 30 31 32 34 46 54 56 63 69 75 88 92 88 97 110 114 119 120 117 104 102 102 98 94 88 84 80 77 74 70 67 63 59 55 49 46 42 41 43 45 46 48 50 53 57 62 67 70 75 78 82 85 88 92 97 101 107 109 111 111 111 109 104 97 85
-9999 30 30 31 31 31 33 34 29 33 33 37 40 43 44 42 41 41 42 42 38 34 38 39 37 32 30 32 33 35 39 46 62 71 70 73 78 78 91 116 115 116 114 113 102 98 100 97 91 84 79 75 73 70 67 64 61 56 52 46 42 39 38 39 41 42 43 47 50 55 59 64 69 73 78 81 85 88 90 95 98 102 107 107 106 106 106 103 95 85
-9999 31 31 31 31 30 26 26 23 22 21 22 26 34 32 30 32 25 26 33 31 29 29 30 29 30 30 32 33 35 37 38 47 68 68 61 63 72 103 128 123 114 110 109 100 95 96 92 87 80 75 71 67 65 66 62 58 53 48 42 38 36 36 37 38 40 41 43 47 51 56 62 66 71 75 79 82 86 91 95 98 101 102 104 103 105 105 97 88 86
-9999 36 34 33 35 32 31 27 22 21 20 19 18 16 15 16 17 18 20 22 24 28 28 29 29 30 31 32 32 34 36 37 39 43 46 50 64 72 88 125 131 125 116 111 100 91 90 88 83 76 73 69 67 63 63 61 56 50 44 41 37 35 35 36 38 39 40 42 44 48 54 58 63 67 70 74 78 83 91 94 98 101 102 103 103 102 101 91 86 -9999
-9999 39 39 39 38 38 32 28 24 22 20 18 16 14 13 14 16 18 21 22 24 25 27 29 31 32 32 32 32 34 35 36 37 39 41 45 51 61 70 91 116 115 112 90 81 82 81 79 77 74 70 66 -9999 -9999 -9999 -9999 -9999 47 43 41 37 36 36 37 38 39 41 42 43 46 51 54 57 61 63 67 74 80 85 90 94 98 100 102 101 99 92 86 -9999 -9999
-9999 44 50 53 48 42 40 37 31 25 30 32 24 14 14 15 17 20 22 23 25 26 29 34 44 43 42 35 33 34 35 36 38 -9999 -9999 -9999 48 55 61 67 80 78 72 68 70 73 74 71 67 66 -9999 -9999 -9999 -9999 -9999 -9999 -9999 39 38 -9999 37 36 36 -9999 -9999 -9999 -9999 -9999 -9999 -9999 49 51 52 54 57 62 70 74 81 87 92 96 97 95 94 92 87 81 -9999 -9999
