Humedad_Suelo_ASC/terraclimate_soil_2015.txt
ncols         92
nrows         62
xllcorner     -72.083333333358
yllcorner     17.458333333309
cellsize      0.041666666666657
NODATA_value  -9999
[rows 0 to 39 of 62, columns 0 to 89 of 92]
-9999 -9999 -9999 -9999 -9999 -9999 -9999 -9999 -9999 -9999 -9999 -9999 -9999 -9999 -9999 -9999 -9999 -9999 -9999 -9999 -9999 -9999 -9999 -9999 -9999 -9999 -9999 -9999 -9999 -9999 -9999 -9999 -9999 -9999 -9999 -9999 -9999 -9999 -9999 -9999 -9999 -9999 -9999 -9999 -9999 -9999 -9999 -9999 -9999 -9999 -9999 -9999 -9999 -9999 -9999 -9999 -9999 -9999 -9999 -9999 -9999 -9999 -9999 -9999 -9999 -9999 -9999 -9999 -9999 -9999 -9999 -9999 -9999 -9999 -9999 -9999 -9999 -9999 -9999 -9999 -9999 -9999 -9999 -9999 -9999 -9999 -9999 -9999 -9999 -9999
-9999 -9999 -9999 -9999 -9999 -9999 -9999 -9999 -9999 -9999 -9999 -9999 -9999 -9999 -9999 -9999 -9999 -9999 -9999 -9999 -9999 -9999 -9999 -9999 -9999 -9999 -9999 -9999 -9999 -9999 -9999 -9999 -9999 -9999 -9999 -9999 -9999 -9999 -9999 -9999 -9999 -9999 -9999 -9999 -9999 -9999 -9999 -9999 -9999 -9999 -9999 -9999 -9999 -9999 -9999 -9999 -9999 -9999 -9999 -9999 -9999 -9999 -9999 -9999 -9999 -9999 -9999 -9999 -9999 -9999 -9999 -9999 -9999 -9999 -9999 -9999 -9999 -9999 -9999 -9999 -9999 -9999 -9999 -9999 -9999 -9999 -9999 -9999 -9999 -9999
-9999 -9999 -9999 -9999 -9999 -9999 -9999 -9999 -9999 -9999 -9999 -9999 -9999 -9999 -9999 -9999 -9999 -9999 -9999 -9999 -9999 -9999 -9999 -9999 102 116 125 -9999 -9999 -9999 -9999 -9999 -9999 -9999 -9999 -9999 -9999 -9999 -9999 -9999 -9999 -9999 -9999 -9999 -9999 -9999 -9999 -9999 -9999 -9999 -9999 -9999 -9999 -9999 -9999 -9999 -9999 -9999 -9999 -9999 -9999 -9999 -9999 -9999 -9999 -9999 -9999 -9999 -9999 -9999 -9999 -9999 -9999 -9999 -9999 -9999 -9999 -9999 -9999 -9999 -9999 -9999 -9999 -9999 -9999 -9999 -9999 -9999 -9999 -9999
-9999 -9999 -9999 -9999 -9999 -9999 103 -9999 -9999 -9999 43 37 39 42 39 36 -9999 -9999 -9999 -9999 -9999 -9999 -9999 -9999 105 127 138 142 148 151 150 -9999 -9999 -9999 -9999 -9999 -9999 -9999 -9999 -9999 -9999 -9999 -9999 -9999 -9999 -9999 -9999 -9999 -9999 -9999 -9999 -9999 -9999 -9999 -9999 -9999 -9999 -9999 -9999 -9999 -9999 -9999 -9999 -9999 -9999 -9999 -9999 -9999 -9999 -9999 -9999 -9999 -9999 -9999 -9999 -9999 -9999 -9999 -9999 -9999 -9999 -9999 -9999 -9999 -9999 -9999 -9999 -9999 -9999 -9999
-9999 -9999 -9999 -9999 -9999 -9999 -9999 -9999 -9999 43 43 42 41 45 49 46 45 41 43 41 50 56 67 83 102 121 138 148 156 161 158 154 153 -9999 -9999 -9999 -9999 -9999 -9999 -9999 -9999 -9999 -9999 -9999 -9999 -9999 -9999 -9999 -9999 -9999 -9999 -9999 -9999 -9999 -9999 -9999 -9999 -9999 -9999 -9999 -9999 -9999 -9999 -9999 -9999 -9999 -9999 -9999 -9999 -9999 -9999 -9999 -9999 -9999 -9999 -9999 -9999 -9999 -9999 -9999 -9999 -9999 -9999 -9999 -9999 -9999 -9999 -9999 -9999 -9999
-9999 -9999 -9999 -9999 -9999 -9999 -9999 46 44 42 41 40 40 41 45 49 53 57 59 53 54 65 71 84 97 111 126 141 158 166 163 160 157 154 -9999 -9999 -9999 -9999 -9999 -9999 -9999 -9999 -9999 -9999 -9999 -9999 -9999 -9999 -9999 -9999 -9999 -9999 -9999 -9999 -9999 -9999 -9999 -9999 -9999 -9999 -9999 -9999 -9999 -9999 -9999 -9999 -9999 -9999 -9999 -9999 -9999 -9999 -9999 -9999 -9999 -9999 -9999 -9999 -9999 -9999 -9999 -9999 -9999 -9999 -9999 -9999 -9999 -9999 -9999 -9999
-9999 -9999 -9999 -9999 -9999 -9999 -9999 45 42 40 38 34 35 37 41 43 47 55 58 65 74 103 112 99 102 108 121 139 149 166 166 162 159 156 153 149 146 143 139 136 -9999 -9999 -9999 -9999 -9999 -9999 -9999 -9999 -9999 -9999 -9999 -9999 -9999 -9999 -9999 -9999 -9999 -9999 -9999 -9999 -9999 -9999 -9999 -9999 -9999 -9999 -9999 -9999 -9999 -9999 -9999 -9999 -9999 -9999 -9999 -9999 -9999 -9999 -9999 -9999 -9999 -9999 -9999 -9999 -9999 -9999 -9999 -9999 -9999 -9999
-9999 59 62 68 62 46 42 -9999 35 35 34 32 30 31 30 31 36 43 46 51 54 65 85 116 128 115 119 131 142 154 160 157 158 156 153 148 144 140 136 135 132 -9999 -9999 -9999 -9999 -9999 -9999 -9999 -9999 -9999 -9999 -9999 -9999 -9999 -9999 -9999 -9999 -9999 -9999 -9999 -9999 -9999 -9999 -9999 -9999 -9999 -9999 -9999 -9999 -9999 -9999 -9999 -9999 -9999 -9999 -9999 -9999 -9999 -9999 -9999 -9999 -9999 -9999 -9999 -9999 -9999 -9999 -9999 -9999 -9999
-9999 52 55 63 63 47 41 35 30 29 29 30 31 30 30 29 30 35 38 41 44 50 55 67 90 119 146 142 138 144 146 147 149 154 150 146 141 136 134 133 131 126 124 -9999 -9999 -9999 -9999 -9999 157 156 155 155 -9999 -9999 -9999 -9999 -9999 -9999 -9999 -9999 -9999 -9999 -9999 -9999 -9999 -9999 -9999 -9999 -9999 -9999 -9999 -9999 -9999 -9999 -9999 -9999 -9999 -9999 -9999 -9999 -9999 -9999 -9999 -9999 -9999 -9999 -9999 -9999 -9999 -9999
-9999 47 50 59 60 41 39 35 31 32 32 33 33 32 33 34 32 33 34 35 36 39 43 47 51 59 83 119 139 129 128 128 128 133 133 133 135 133 131 131 129 128 125 123 126 137 -9999 157 156 155 154 154 154 -9999 -9999 -9999 -9999 -9999 -9999 -9999 -9999 -9999 -9999 -9999 -9999 -9999 -9999 -9999 -9999 -9999 -9999 -9999 -9999 -9999 -9999 -9999 -9999 -9999 -9999 -9999 -9999 -9999 -9999 -9999 -9999 -9999 -9999 -9999 -9999 -9999
-9999 42 46 55 66 41 40 34 32 31 35 36 38 38 38 37 35 44 38 36 35 35 37 37 40 46 54 64 88 114 119 124 128 124 123 121 118 124 123 126 123 122 121 120 122 135 145 156 155 154 153 153 153 -9999 -9999 -9999 -9999 -9999 -9999 -9999 -9999 -9999 -9999 -9999 -9999 -9999 -9999 -9999 -9999 -9999 -9999 -9999 -9999 -9999 -9999 -9999 -9999 -9999 -9999 -9999 -9999 -9999 -9999 -9999 -9999 -9999 -9999 -9999 -9999 -9999
-9999 38 40 51 49 39 38 34 31 33 39 42 43 49 53 40 37 43 54 46 42 38 36 35 33 36 44 51 57 72 91 104 114 118 124 119 118 110 110 114 113 113 118 115 117 128 144 155 154 153 153 153 152 -9999 -9999 -9999 -9999 -9999 -9999 -9999 -9999 -9999 -9999 -9999 -9999 -9999 -9999 -9999 -9999 -9999 -9999 -9999 -9999 -9999 -9999 -9999 -9999 -9999 -9999 -9999 -9999 -9999 -9999 -9999 -9999 -9999 -9999 -9999 -9999 -9999
-9999 30 35 47 46 40 40 39 38 41 52 56 54 57 55 46 40 47 51 52 57 49 46 36 34 36 39 45 49 52 56 64 75 87 101 107 115 120 108 101 106 110 111 107 111 126 140 155 154 153 152 152 152 152 -9999 -9999 -9999 -9999 -9999 -9999 -9999 -9999 -9999 -9999 -9999 -9999 -9999 -9999 -9999 -9999 -9999 -9999 -9999 -9999 -9999 -9999 -9999 -9999 -9999 -9999 -9999 -9999 -9999 -9999 -9999 -9999 -9999 -9999 -9999 -9999
-9999 26 32 46 57 68 46 52 46 47 62 88 83 68 62 55 51 50 51 49 50 51 51 39 37 37 37 44 52 51 50 51 55 58 66 73 85 94 104 100 108 111 107 102 108 122 133 150 153 152 152 151 151 -9999 -9999 -9999 -9999 -9999 -9999 -9999 -9999 -9999 -9999 -9999 -9999 -9999 -9999 -9999 -9999 -9999 -9999 -9999 -9999 -9999 -9999 -9999 -9999 -9999 -9999 -9999 -9999 -9999 -9999 -9999 -9999 -9999 -9999 -9999 -9999 -9999
-9999 29 30 41 52 63 70 58 48 50 57 81 95 95 68 56 58 54 49 47 48 49 50 39 42 43 41 46 52 53 50 45 45 47 48 49 58 66 75 88 103 104 101 97 102 114 127 142 152 152 151 151 151 151 -9999 -9999 -9999 -9999 -9999 -9999 -9999 -9999 -9999 -9999 -9999 -9999 -9999 -9999 -9999 -9999 -9999 -9999 -9999 -9999 -9999 -9999 -9999 -9999 -9999 -9999 -9999 -9999 -9999 -9999 -9999 -9999 -9999 -9999 -9999 -9999
-9999 27 28 35 46 58 67 74 73 65 63 73 83 86 74 65 63 70 64 53 56 50 45 41 46 47 43 42 45 49 47 42 40 41 41 43 45 47 51 60 69 85 95 94 100 112 124 133 151 151 151 151 151 150 -9999 -9999 -9999 -9999 -9999 -9999 -9999 -9999 -9999 -9999 -9999 -9999 -9999 -9999 -9999 -9999 -9999 -9999 -9999 -9999 -9999 -9999 -9999 -9999 -9999 -9999 -9999 -9999 -9999 -9999 -9999 -9999 -9999 -9999 -9999 -9999
-9999 28 29 33 39 51 57 62 69 74 74 86 98 98 78 80 77 77 80 68 54 55 47 42 45 43 41 43 43 43 41 42 39 41 39 40 40 41 43 46 52 63 73 80 92 105 121 135 148 150 150 150 150 150 150 -9999 -9999 -9999 -9999 -9999 -9999 -9999 -9999 -9999 -9999 -9999 -9999 148 148 -9999 -9999 -9999 -9999 -9999 -9999 -9999 -9999 -9999 -9999 -9999 -9999 -9999 -9999 -9999 -9999 -9999 -9999 -9999 -9999 -9999
-9999 26 28 32 36 41 47 51 57 57 65 75 88 102 96 86 85 89 87 73 67 79 57 53 48 47 39 37 39 38 36 35 35 38 38 38 38 38 40 42 45 49 57 64 76 96 109 123 137 150 150 150 150 150 149 149 -9999 -9999 -9999 149 148 148 148 148 148 148 148 148 148 148 148 -9999 -9999 -9999 -9999 -9999 -9999 -9999 -9999 -9999 -9999 -9999 -9999 -9999 -9999 -9999 -9999 -9999 -9999 -9999
-9999 23 26 29 34 38 40 43 44 47 53 58 69 87 99 107 100 89 82 82 89 99 87 85 69 80 50 38 36 36 36 36 34 35 37 37 37 36 39 40 43 44 46 51 60 79 101 114 128 149 150 149 149 149 149 149 149 149 148 148 148 148 148 148 148 148 148 147 147 147 147 -9999 -9999 -9999 -9999 -9999 -9999 -9999 -9999 -9999 -9999 -9999 -9999 -9999 -9999 -9999 -9999 -9999 -9999 -9999
-9999 18 21 28 33 34 35 39 42 43 43 47 63 81 94 91 95 90 82 86 86 96 85 88 78 75 71 43 38 36 38 36 36 36 36 36 35 36 37 39 41 43 44 45 52 70 90 106 121 144 149 149 149 149 149 148 148 148 148 148 148 147 147 147 147 147 147 147 147 147 -9999 -9999 -9999 -9999 -9999 -9999 -9999 -9999 -9999 -9999 -9999 -9999 -9999 -9999 -9999 -9999 -9999 -9999 -9999 -9999
-9999 15 17 23 29 32 30 33 39 43 43 44 49 60 63 58 64 79 82 85 89 93 89 95 89 76 57 50 44 42 43 39 33 33 35 35 35 36 37 38 40 42 43 44 46 59 75 94 111 128 149 149 148 148 148 148 148 148 147 -9999 -9999 -9999 147 147 147 147 147 147 147 -9999 -9999 -9999 -9999 -9999 -9999 -9999 -9999 -9999 -9999 -9999 -9999 -9999 -9999 -9999 -9999 -9999 -9999 -9999 -9999 -9999
-9999 16 16 19 22 24 26 27 29 33 33 38 41 43 48 55 53 61 53 51 60 81 83 78 66 50 60 53 44 44 43 37 32 31 31 32 35 37 37 39 40 41 42 43 44 53 67 85 103 117 134 148 148 148 148 148 147 147 147 -9999 -9999 -9999 -9999 -9999 -9999 -9999 -9999 -9999 -9999 -9999 -9999 -9999 -9999 -9999 -9999 -9999 -9999 -9999 -9999 -9999 -9999 -9999 -9999 -9999 -9999 -9999 -9999 -9999 -9999 -9999
-9999 18 17 19 21 22 24 25 26 28 30 33 37 40 45 46 46 47 43 43 50 58 68 71 55 43 52 64 55 46 40 36 33 30 31 33 36 38 37 40 41 41 42 43 44 52 64 85 102 113 130 146 148 147 147 147 147 147 147 -9999 146 146 146 146 146 -9999 -9999 -9999 -9999 -9999 -9999 -9999 -9999 -9999 -9999 -9999 -9999 -9999 -9999 -9999 -9999 -9999 -9999 -9999 -9999 -9999 -9999 -9999 -9999 -9999
-9999 21 19 20 21 22 23 24 25 26 27 29 31 38 39 41 40 37 33 32 41 47 57 58 59 52 59 59 39 33 31 30 30 31 30 31 33 35 37 41 42 43 43 44 45 53 65 82 100 110 127 144 147 147 147 147 146 146 146 146 146 146 146 146 146 146 146 -9999 -9999 -9999 -9999 -9999 -9999 -9999 -9999 -9999 -9999 -9999 -9999 -9999 -9999 -9999 -9999 -9999 -9999 -9999 -9999 -9999 -9999 -9999
-9999 21 21 21 21 22 23 23 24 25 25 26 26 27 28 31 30 33 28 27 29 33 37 42 43 45 45 46 42 37 34 31 32 33 29 27 30 32 34 41 44 45 47 46 46 60 71 82 97 107 117 132 147 147 146 146 146 146 146 146 145 145 145 145 145 145 145 145 145 145 145 145 -9999 145 146 146 146 -9999 -9999 -9999 -9999 -9999 -9999 -9999 -9999 -9999 -9999 -9999 -9999 -9999
-9999 22 22 22 22 22 23 23 24 25 25 24 24 24 25 24 24 25 23 23 28 33 34 37 33 32 36 31 38 36 36 34 33 31 26 25 27 32 34 41 47 49 47 46 50 63 72 82 96 106 110 125 143 146 146 145 145 145 144 144 144 144 144 144 144 144 144 145 145 145 145 145 146 146 146 146 146 147 147 147 -9999 -9999 -9999 -9999 -9999 -9999 -9999 -9999 -9999 -9999
-9999 23 23 22 22 23 24 24 24 24 24 24 23 23 23 22 23 23 22 20 22 27 28 28 28 23 25 31 28 23 26 27 27 26 26 32 37 35 35 44 54 57 48 45 54 67 75 86 96 104 107 116 132 145 144 144 143 143 142 142 142 141 141 142 142 143 143 144 144 145 145 146 146 147 147 147 147 147 147 148 148 148 -9999 -9999 -9999 -9999 -9999 -9999 -9999 -9999
-9999 23 23 22 22 23 24 25 25 25 25 24 23 23 22 22 22 22 21 19 19 22 23 24 24 21 25 25 24 21 22 24 23 27 31 34 37 38 37 44 51 53 46 48 56 70 80 86 93 101 105 112 117 131 143 142 142 141 141 137 139 139 139 140 141 141 142 143 144 145 146 146 147 148 149 149 148 148 148 148 148 148 148 -9999 -9999 -9999 -9999 -9999 -9999 -9999
-9999 25 24 23 23 24 24 25 27 26 25 25 24 24 23 22 21 20 19 18 18 18 18 17 19 19 21 20 22 24 30 34 35 37 43 50 39 37 38 39 43 49 52 46 53 71 81 86 92 97 102 108 110 115 120 126 126 132 129 119 116 119 127 136 139 137 141 142 144 138 146 147 148 149 150 150 149 149 149 149 149 149 148 148 -9999 -9999 -9999 -9999 -9999 -9999
-9999 24 26 25 26 26 27 28 29 28 27 26 26 26 27 25 23 21 19 18 18 17 17 17 17 17 17 17 19 25 30 36 41 58 68 75 64 44 42 40 40 43 46 47 53 71 82 88 92 94 97 102 107 109 110 109 110 107 104 103 94 103 102 108 112 117 117 120 122 123 123 134 136 145 151 151 151 150 150 150 149 149 149 148 148 -9999 -9999 -9999 -9999 -9999
-9999 24 24 26 27 30 32 35 38 37 31 28 28 28 29 30 28 26 22 19 18 17 17 17 17 17 17 18 18 21 26 29 42 60 70 79 64 42 42 42 42 42 43 46 53 64 78 88 91 93 95 97 104 105 101 97 97 93 80 79 77 78 87 87 93 95 95 97 103 110 113 120 122 126 142 151 152 151 151 150 150 150 149 149 148 148 -9999 -9999 -9999 -9999
-9999 26 27 28 31 31 31 32 33 35 33 30 29 29 30 30 30 29 27 22 18 18 17 17 17 16 16 17 21 27 26 31 34 42 49 77 55 42 42 44 44 46 50 46 56 65 69 87 90 91 93 94 97 95 88 84 79 77 69 66 66 67 69 71 72 75 78 78 81 88 101 104 101 107 120 133 145 152 152 151 151 150 149 149 148 148 147 142 -9999 -9999
-9999 27 29 30 31 35 41 42 42 40 39 35 33 32 30 29 28 27 27 24 19 18 18 17 16 16 16 17 22 30 30 30 32 35 41 61 59 43 43 48 51 55 60 57 57 74 75 86 89 92 93 92 90 86 84 78 70 69 63 59 57 56 54 59 62 61 61 66 70 75 81 87 90 98 109 112 134 145 152 152 151 150 150 149 149 148 147 147 140 -9999
-9999 22 27 28 29 30 33 37 41 43 41 41 42 50 40 33 30 27 25 23 19 20 19 19 17 15 17 17 18 29 32 32 35 40 46 70 50 43 43 46 53 59 62 62 56 76 82 83 86 87 88 89 85 82 77 73 70 65 59 54 49 47 46 48 50 49 52 55 60 64 68 78 84 89 96 102 119 131 140 152 152 151 150 149 149 148 147 147 131 112
-9999 15 17 18 23 26 26 27 27 28 27 30 33 39 37 35 35 31 28 25 19 19 19 18 17 15 16 16 18 22 28 28 33 35 36 43 42 36 38 44 52 58 63 63 61 76 82 83 83 83 84 81 78 79 74 70 69 59 53 47 44 40 40 41 43 44 46 48 51 56 63 71 76 84 89 95 96 113 132 153 152 151 151 150 149 148 147 147 147 108
-9999 15 15 15 14 16 22 22 15 18 18 23 27 29 29 29 27 26 28 28 20 18 19 19 19 17 14 16 15 18 20 21 29 36 33 33 35 28 34 53 50 58 60 61 60 68 82 83 82 79 75 72 70 70 68 66 64 53 49 43 39 35 34 36 37 38 39 43 46 52 58 64 68 70 78 84 92 96 109 137 153 152 151 150 149 148 147 147 142 107
-9999 17 15 15 15 14 12 13 13 13 13 13 16 19 18 18 18 15 15 18 17 15 15 15 14 14 14 15 15 16 17 18 22 29 29 25 24 24 41 69 62 52 56 63 61 67 80 81 80 76 69 65 64 63 70 65 59 49 44 38 35 33 33 33 33 34 35 38 42 46 50 53 55 56 58 66 73 80 108 124 147 152 151 150 149 148 147 147 114 109
-9999 27 23 20 24 15 15 13 12 13 13 13 13 13 13 13 13 13 13 13 13 14 14 14 14 14 15 15 14 15 15 15 17 19 20 21 24 24 31 75 86 80 66 66 62 65 72 75 72 68 71 70 69 61 61 63 56 45 39 37 34 32 31 32 32 31 32 32 34 36 41 42 43 42 44 49 56 68 96 117 140 152 151 150 149 148 147 126 104 -9999
-9999 40 33 29 29 27 16 14 13 13 13 13 13 13 13 13 13 13 13 13 13 14 14 14 15 15 15 14 14 14 14 14 14 15 16 18 21 22 23 37 73 69 67 43 43 62 64 65 66 63 62 60 -9999 -9999 -9999 -9999 -9999 40 37 35 33 31 30 30 30 30 30 30 32 32 33 34 33 32 32 36 43 57 78 100 129 152 151 150 149 148 121 103 -9999 -9999
-9999 43 47 49 41 32 28 18 17 14 17 19 15 13 13 13 13 14 14 14 14 14 14 16 21 24 20 16 14 14 14 14 14 -9999 -9999 -9999 18 20 21 23 34 33 32 32 35 40 49 57 57 56 -9999 -9999 -9999 -9999 -9999 -9999 -9999 34 32 -9999 31 29 29 -9999 -9999 -9999 -9999 -9999 -9999 -9999 31 30 29 27 25 28 36 44 61 86 116 141 146 137 132 126 111 80 -9999 -9999
