Humedad_Suelo_ASC/terraclimate_soil_1983.txt
ncols         92
nrows         62
xllcorner     -72.083333333358
yllcorner     17.458333333309
cellsize      0.041666666666657
NODATA_value  -9999
[rows 0 to 39 of 62, columns 0 to 90 of 92]
-9999 -9999 -9999 -9999 -9999 -9999 -9999 -9999 -9999 -9999 -9999 -9999 -9999 -9999 -9999 -9999 -9999 -9999 -9999 -9999 -9999 -9999 -9999 -9999 -9999 -9999 -9999 -9999 -9999 -9999 -9999 -9999 -9999 -9999 -9999 -9999 -9999 -9999 -9999 -9999 -9999 -9999 -9999 -9999 -9999 -9999 -9999 -9999 -9999 -9999 -9999 -9999 -9999 -9999 -9999 -9999 -9999 -9999 -9999 -9999 -9999 -9999 -9999 -9999 -9999 -9999 -9999 -9999 -9999 -9999 -9999 -9999 -9999 -9999 -9999 -9999 -9999 -9999 -9999 -9999 -9999 -9999 -9999 -9999 -9999 -9999 -9999 -9999 -9999 -9999 -9999
-9999 -9999 -9999 -9999 -9999 -9999 -9999 -9999 -9999 -9999 -9999 -9999 -9999 -9999 -9999 -9999 -9999 -9999 -9999 -9999 -9999 -9999 -9999 -9999 -9999 -9999 -9999 -9999 -9999 -9999 -9999 -9999 -9999 -9999 -9999 -9999 -9999 -9999 -9999 -9999 -9999 -9999 -9999 -9999 -9999 -9999 -9999 -9999 -9999 -9999 -9999 -9999 -9999 -9999 -9999 -9999 -9999 -9999 -9999 -9999 -9999 -9999 -9999 -9999 -9999 -9999 -9999 -9999 -9999 -9999 -9999 -9999 -9999 -9999 -9999 -9999 -9999 -9999 -9999 -9999 -9999 -9999 -9999 -9999 -9999 -9999 -9999 -9999 -9999 -9999 -9999
-9999 -9999 -9999 -9999 -9999 -9999 -9999 -9999 -9999 -9999 -9999 -9999 -9999 -9999 -9999 -9999 -9999 -9999 -9999 -9999 -9999 -9999 -9999 -9999 125 147 165 -9999 -9999 -9999 -9999 -9999 -9999 -9999 -9999 -9999 -9999 -9999 -9999 -9999 -9999 -9999 -9999 -9999 -9999 -9999 -9999 -9999 -9999 -9999 -9999 -9999 -9999 -9999 -9999 -9999 -9999 -9999 -9999 -9999 -9999 -9999 -9999 -9999 -9999 -9999 -9999 -9999 -9999 -9999 -9999 -9999 -9999 -9999 -9999 -9999 -9999 -9999 -9999 -9999 -9999 -9999 -9999 -9999 -9999 -9999 -9999 -9999 -9999 -9999 -9999
-9999 -9999 -9999 -9999 -9999 -9999 41 -9999 -9999 -9999 17 16 17 18 18 18 -9999 -9999 -9999 -9999 -9999 -9999 -9999 -9999 128 160 183 187 187 186 185 -9999 -9999 -9999 -9999 -9999 -9999 -9999 -9999 -9999 -9999 -9999 -9999 -9999 -9999 -9999 -9999 -9999 -9999 -9999 -9999 -9999 -9999 -9999 -9999 -9999 -9999 -9999 -9999 -9999 -9999 -9999 -9999 -9999 -9999 -9999 -9999 -9999 -9999 -9999 -9999 -9999 -9999 -9999 -9999 -9999 -9999 -9999 -9999 -9999 -9999 -9999 -9999 -9999 -9999 -9999 -9999 -9999 -9999 -9999 -9999
-9999 -9999 -9999 -9999 -9999 -9999 -9999 -9999 -9999 17 17 18 18 19 22 21 21 21 22 22 39 53 75 98 124 154 184 190 192 192 190 186 185 -9999 -9999 -9999 -9999 -9999 -9999 -9999 -9999 -9999 -9999 -9999 -9999 -9999 -9999 -9999 -9999 -9999 -9999 -9999 -9999 -9999 -9999 -9999 -9999 -9999 -9999 -9999 -9999 -9999 -9999 -9999 -9999 -9999 -9999 -9999 -9999 -9999 -9999 -9999 -9999 -9999 -9999 -9999 -9999 -9999 -9999 -9999 -9999 -9999 -9999 -9999 -9999 -9999 -9999 -9999 -9999 -9999 -9999
-9999 -9999 -9999 -9999 -9999 -9999 -9999 16 16 17 17 18 18 19 21 23 29 33 37 36 40 60 76 98 117 140 168 194 196 197 195 193 190 187 -9999 -9999 -9999 -9999 -9999 -9999 -9999 -9999 -9999 -9999 -9999 -9999 -9999 -9999 -9999 -9999 -9999 -9999 -9999 -9999 -9999 -9999 -9999 -9999 -9999 -9999 -9999 -9999 -9999 -9999 -9999 -9999 -9999 -9999 -9999 -9999 -9999 -9999 -9999 -9999 -9999 -9999 -9999 -9999 -9999 -9999 -9999 -9999 -9999 -9999 -9999 -9999 -9999 -9999 -9999 -9999 -9999
-9999 -9999 -9999 -9999 -9999 -9999 -9999 16 16 17 17 17 18 19 20 21 24 31 34 46 62 97 115 111 121 137 160 189 197 198 196 193 192 188 184 180 177 173 170 169 -9999 -9999 -9999 -9999 -9999 -9999 -9999 -9999 -9999 -9999 -9999 -9999 -9999 -9999 -9999 -9999 -9999 -9999 -9999 -9999 -9999 -9999 -9999 -9999 -9999 -9999 -9999 -9999 -9999 -9999 -9999 -9999 -9999 -9999 -9999 -9999 -9999 -9999 -9999 -9999 -9999 -9999 -9999 -9999 -9999 -9999 -9999 -9999 -9999 -9999 -9999
-9999 60 40 28 21 16 16 -9999 15 16 17 18 18 19 20 20 21 23 25 29 34 49 81 120 141 137 150 175 196 196 193 187 187 189 185 181 176 172 169 168 167 -9999 -9999 -9999 -9999 -9999 -9999 -9999 -9999 -9999 -9999 -9999 -9999 -9999 -9999 -9999 -9999 -9999 -9999 -9999 -9999 -9999 -9999 -9999 -9999 -9999 -9999 -9999 -9999 -9999 -9999 -9999 -9999 -9999 -9999 -9999 -9999 -9999 -9999 -9999 -9999 -9999 -9999 -9999 -9999 -9999 -9999 -9999 -9999 -9999 -9999
-9999 50 38 33 22 17 15 16 16 17 18 19 20 20 21 21 21 23 23 24 26 30 38 63 99 139 169 167 179 192 191 187 185 183 181 179 175 169 168 167 166 164 163 -9999 -9999 -9999 -9999 -9999 149 148 146 146 -9999 -9999 -9999 -9999 -9999 -9999 -9999 -9999 -9999 -9999 -9999 -9999 -9999 -9999 -9999 -9999 -9999 -9999 -9999 -9999 -9999 -9999 -9999 -9999 -9999 -9999 -9999 -9999 -9999 -9999 -9999 -9999 -9999 -9999 -9999 -9999 -9999 -9999 -9999
-9999 48 38 28 20 14 15 15 17 18 19 21 22 22 23 23 23 23 24 24 24 25 27 29 36 54 96 142 165 166 172 178 181 178 174 171 167 164 165 166 164 163 162 160 157 155 -9999 148 149 150 150 149 145 -9999 -9999 -9999 -9999 -9999 -9999 -9999 -9999 -9999 -9999 -9999 -9999 -9999 -9999 -9999 -9999 -9999 -9999 -9999 -9999 -9999 -9999 -9999 -9999 -9999 -9999 -9999 -9999 -9999 -9999 -9999 -9999 -9999 -9999 -9999 -9999 -9999 -9999
-9999 45 47 27 25 14 15 15 17 19 22 24 26 28 28 27 26 32 29 26 25 25 25 26 28 30 43 66 106 145 158 155 167 177 172 167 162 158 155 158 156 157 157 158 154 153 150 149 148 148 150 153 146 -9999 -9999 -9999 -9999 -9999 -9999 -9999 -9999 -9999 -9999 -9999 -9999 -9999 -9999 -9999 -9999 -9999 -9999 -9999 -9999 -9999 -9999 -9999 -9999 -9999 -9999 -9999 -9999 -9999 -9999 -9999 -9999 -9999 -9999 -9999 -9999 -9999 -9999
-9999 67 44 41 18 15 16 17 19 22 25 27 29 32 34 32 30 33 37 35 32 29 27 26 26 27 30 37 55 82 112 139 157 168 175 168 160 153 149 149 148 149 152 152 150 149 151 150 147 146 147 147 144 -9999 -9999 -9999 -9999 -9999 -9999 -9999 -9999 -9999 -9999 -9999 -9999 -9999 -9999 -9999 -9999 -9999 -9999 -9999 -9999 -9999 -9999 -9999 -9999 -9999 -9999 -9999 -9999 -9999 -9999 -9999 -9999 -9999 -9999 -9999 -9999 -9999 -9999
-9999 50 57 68 23 21 20 20 22 25 30 32 33 36 36 34 34 35 36 37 40 38 36 29 27 28 29 32 35 42 57 75 96 119 147 161 160 155 149 146 145 147 148 146 146 149 150 148 145 145 144 142 140 139 -9999 -9999 -9999 -9999 -9999 -9999 -9999 -9999 -9999 -9999 -9999 -9999 -9999 -9999 -9999 -9999 -9999 -9999 -9999 -9999 -9999 -9999 -9999 -9999 -9999 -9999 -9999 -9999 -9999 -9999 -9999 -9999 -9999 -9999 -9999 -9999 -9999
-9999 38 46 61 61 74 31 34 27 27 35 55 47 41 40 38 36 36 36 36 37 38 39 33 32 30 29 32 39 39 38 43 55 66 84 101 124 146 147 145 144 148 146 143 144 145 145 146 145 143 142 142 139 -9999 -9999 -9999 -9999 -9999 -9999 -9999 -9999 -9999 -9999 -9999 -9999 -9999 -9999 -9999 -9999 -9999 -9999 -9999 -9999 -9999 -9999 -9999 -9999 -9999 -9999 -9999 -9999 -9999 -9999 -9999 -9999 -9999 -9999 -9999 -9999 -9999 -9999
-9999 41 40 53 63 74 85 50 34 33 35 55 69 60 43 38 39 38 36 36 37 38 39 32 33 34 31 33 42 44 38 33 34 38 47 58 77 94 116 139 141 143 140 139 140 140 141 143 143 143 142 141 140 139 -9999 -9999 -9999 -9999 -9999 -9999 -9999 -9999 -9999 -9999 -9999 -9999 -9999 -9999 -9999 -9999 -9999 -9999 -9999 -9999 -9999 -9999 -9999 -9999 -9999 -9999 -9999 -9999 -9999 -9999 -9999 -9999 -9999 -9999 -9999 -9999 -9999
-9999 29 31 44 56 69 80 91 82 62 50 58 66 58 48 44 44 49 47 39 45 41 36 34 37 38 34 30 33 39 37 30 28 30 32 38 45 58 71 90 109 134 136 135 136 139 140 138 139 141 140 140 140 137 -9999 -9999 -9999 -9999 -9999 -9999 -9999 -9999 -9999 -9999 -9999 -9999 -9999 -9999 -9999 -9999 -9999 -9999 -9999 -9999 -9999 -9999 -9999 -9999 -9999 -9999 -9999 -9999 -9999 -9999 -9999 -9999 -9999 -9999 -9999 -9999 -9999
-9999 28 31 41 49 61 72 80 90 96 85 96 104 90 53 54 52 54 56 49 43 44 38 35 37 35 33 33 33 33 30 31 26 30 29 31 32 35 46 61 76 92 111 129 131 133 138 140 137 137 139 140 138 137 136 -9999 -9999 -9999 -9999 -9999 -9999 -9999 -9999 -9999 -9999 -9999 -9999 139 135 -9999 -9999 -9999 -9999 -9999 -9999 -9999 -9999 -9999 -9999 -9999 -9999 -9999 -9999 -9999 -9999 -9999 -9999 -9999 -9999 -9999 -9999
-9999 25 27 34 44 54 62 70 79 84 87 94 104 114 93 74 70 73 66 54 50 57 44 41 36 36 32 30 30 28 25 23 22 26 27 27 29 30 35 42 54 64 77 98 121 127 130 133 133 134 137 138 137 136 135 133 -9999 -9999 -9999 139 139 138 137 136 137 139 145 144 142 131 129 -9999 -9999 -9999 -9999 -9999 -9999 -9999 -9999 -9999 -9999 -9999 -9999 -9999 -9999 -9999 -9999 -9999 -9999 -9999 -9999
-9999 24 26 30 38 47 53 61 67 73 76 76 87 106 117 126 106 85 68 67 81 100 67 64 48 53 37 30 27 26 25 24 22 22 25 27 27 28 31 34 40 48 57 73 92 121 124 126 129 132 133 135 134 135 134 135 138 140 137 138 139 141 140 139 139 142 144 147 141 133 130 -9999 -9999 -9999 -9999 -9999 -9999 -9999 -9999 -9999 -9999 -9999 -9999 -9999 -9999 -9999 -9999 -9999 -9999 -9999 -9999
-9999 22 25 30 34 39 43 50 59 64 59 61 85 105 117 113 115 97 80 91 90 119 82 97 65 58 51 31 29 27 27 26 24 24 25 24 25 28 29 32 35 40 50 62 83 110 118 121 125 129 132 133 132 132 131 133 135 136 135 137 137 138 137 136 138 140 142 141 138 135 -9999 -9999 -9999 -9999 -9999 -9999 -9999 -9999 -9999 -9999 -9999 -9999 -9999 -9999 -9999 -9999 -9999 -9999 -9999 -9999 -9999
-9999 22 23 28 32 36 37 40 51 60 61 57 64 82 85 72 78 107 108 112 113 115 117 116 117 91 36 33 30 28 29 27 22 21 23 25 25 27 29 32 33 37 45 56 74 96 112 115 119 123 126 127 128 128 128 128 127 128 127 -9999 -9999 -9999 130 132 133 136 138 136 133 -9999 -9999 -9999 -9999 -9999 -9999 -9999 -9999 -9999 -9999 -9999 -9999 -9999 -9999 -9999 -9999 -9999 -9999 -9999 -9999 -9999 -9999
-9999 22 23 25 28 32 35 36 40 43 42 46 46 48 62 78 69 87 74 71 89 95 100 101 100 45 75 44 31 32 29 24 21 18 18 21 25 28 30 32 34 38 49 60 75 88 105 112 115 119 121 122 123 122 123 122 121 122 123 -9999 -9999 -9999 -9999 -9999 -9999 -9999 -9999 -9999 -9999 -9999 -9999 -9999 -9999 -9999 -9999 -9999 -9999 -9999 -9999 -9999 -9999 -9999 -9999 -9999 -9999 -9999 -9999 -9999 -9999 -9999 -9999
-9999 23 24 25 27 29 32 34 32 33 35 41 44 47 61 66 64 72 50 52 74 80 82 87 85 51 82 95 80 51 29 23 21 19 19 22 26 31 30 39 46 50 62 74 84 89 100 112 115 118 121 121 121 121 121 120 121 120 120 -9999 120 122 123 126 126 -9999 -9999 -9999 -9999 -9999 -9999 -9999 -9999 -9999 -9999 -9999 -9999 -9999 -9999 -9999 -9999 -9999 -9999 -9999 -9999 -9999 -9999 -9999 -9999 -9999 -9999
-9999 25 25 26 26 28 30 30 29 30 33 36 39 44 45 57 50 42 35 34 60 68 70 73 74 75 76 84 43 22 19 19 19 20 21 20 27 31 33 44 59 71 84 95 93 95 102 110 114 117 120 120 122 121 121 120 120 119 120 120 120 122 124 125 124 123 121 -9999 -9999 -9999 -9999 -9999 -9999 -9999 -9999 -9999 -9999 -9999 -9999 -9999 -9999 -9999 -9999 -9999 -9999 -9999 -9999 -9999 -9999 -9999 -9999
-9999 25 25 26 27 27 29 28 32 32 30 29 29 29 30 38 35 40 29 26 33 45 54 57 58 59 60 64 74 49 34 23 24 30 21 18 20 27 29 50 70 84 99 102 96 108 109 110 113 116 117 117 119 119 117 118 118 118 119 119 120 121 123 123 122 120 120 118 116 116 116 116 -9999 116 114 112 111 -9999 -9999 -9999 -9999 -9999 -9999 -9999 -9999 -9999 -9999 -9999 -9999 -9999 -9999
-9999 26 26 27 28 27 29 31 32 32 29 28 26 24 24 21 23 25 19 18 29 45 47 49 47 47 51 40 63 61 58 45 38 26 17 17 19 26 28 57 80 98 102 104 106 107 108 110 113 116 115 115 116 116 115 115 115 115 115 115 116 117 118 119 118 119 118 118 119 118 118 118 119 119 118 116 116 113 106 92 -9999 -9999 -9999 -9999 -9999 -9999 -9999 -9999 -9999 -9999 -9999
-9999 28 28 29 28 29 31 32 30 29 28 26 22 20 19 18 18 19 17 16 17 25 29 31 34 18 23 47 32 17 22 21 21 19 19 28 46 33 29 61 103 109 102 101 108 109 110 111 113 115 111 109 112 112 110 108 106 105 106 107 106 110 113 114 114 114 114 114 115 117 120 121 121 121 120 121 121 120 115 109 88 77 -9999 -9999 -9999 -9999 -9999 -9999 -9999 -9999 -9999
-9999 28 29 30 27 28 30 33 34 32 29 26 21 19 18 17 18 17 17 15 15 16 18 18 19 15 23 20 19 14 15 16 15 22 29 28 31 34 32 59 89 102 94 105 109 111 111 109 108 109 105 104 101 102 104 98 94 94 92 91 94 97 99 102 106 108 108 109 109 110 114 118 118 120 120 120 123 127 122 117 113 76 67 -9999 -9999 -9999 -9999 -9999 -9999 -9999 -9999
-9999 30 30 29 28 29 29 34 35 33 29 26 22 19 19 18 17 16 15 15 14 14 14 14 14 14 15 14 16 17 34 45 38 49 81 83 38 30 33 36 57 94 106 96 106 109 109 107 105 104 102 98 93 91 88 78 76 80 78 76 77 81 84 88 92 93 96 101 101 99 104 100 96 113 114 115 116 120 124 121 116 92 63 57 -9999 -9999 -9999 -9999 -9999 -9999 -9999
-9999 31 32 32 34 34 35 37 37 37 30 29 26 25 27 22 19 17 15 14 14 13 13 13 13 13 13 13 14 17 30 46 73 80 85 97 103 54 40 40 41 69 91 97 106 109 109 108 104 99 96 92 84 77 70 64 62 61 60 59 58 62 62 66 71 72 75 77 78 67 61 57 56 66 72 80 93 110 122 123 122 105 71 55 49 -9999 -9999 -9999 -9999 -9999 -9999
-9999 30 32 33 34 36 37 39 42 41 40 33 30 29 31 34 29 21 17 15 14 13 13 13 13 13 13 14 14 15 18 24 69 81 90 102 106 46 45 46 46 58 72 89 103 106 107 106 101 98 92 85 78 71 63 57 55 53 49 47 46 46 47 49 52 53 55 54 51 44 42 41 40 41 57 53 59 97 118 122 121 117 95 68 54 46 -9999 -9999 -9999 -9999 -9999
-9999 32 33 35 36 37 38 39 40 42 41 38 31 30 34 35 32 31 24 17 15 14 13 13 13 13 13 14 16 19 18 28 37 69 83 96 67 36 39 49 52 58 76 82 103 102 91 103 99 93 86 77 71 64 56 51 47 44 42 42 41 41 41 40 41 42 43 41 39 38 36 34 33 34 43 42 53 61 82 106 118 119 109 85 71 51 42 40 -9999 -9999 -9999
-9999 33 35 36 36 38 41 45 46 46 46 45 44 41 34 30 26 23 23 18 15 15 14 14 13 13 13 14 16 26 25 21 26 32 47 96 77 39 38 49 55 62 76 85 91 102 94 98 95 92 82 72 64 57 51 45 42 41 40 39 38 36 35 35 36 36 35 34 32 32 29 29 30 34 38 34 44 45 48 62 80 104 99 90 84 67 45 39 35 -9999 -9999
-9999 20 34 35 36 37 39 43 49 51 51 52 55 59 53 42 31 23 18 17 15 16 15 15 14 13 14 14 15 19 28 28 34 41 59 102 52 37 36 42 52 63 67 75 71 99 98 92 90 82 74 66 58 51 46 42 39 38 36 35 32 30 29 30 30 28 27 27 27 27 25 27 28 29 31 30 31 36 39 44 55 69 77 77 81 78 60 41 34 30 -9999
-9999 12 13 14 19 29 28 29 25 27 20 33 38 54 49 43 49 37 24 18 15 15 15 15 14 13 13 14 14 17 19 20 25 27 27 36 32 28 30 37 45 54 62 68 67 84 90 84 77 67 63 56 49 43 40 37 35 33 31 29 27 26 25 25 24 23 23 23 24 23 23 25 26 27 28 28 27 30 34 40 46 58 63 63 65 70 69 55 41 30 27
-9999 12 12 12 12 13 15 15 13 13 13 15 20 28 27 26 20 18 21 22 16 14 15 15 15 14 13 14 14 15 16 18 20 29 25 24 26 24 29 42 41 48 51 57 56 61 72 69 58 48 42 41 38 35 34 32 30 28 26 25 24 22 20 20 20 20 20 21 21 21 22 23 24 25 26 26 26 27 29 35 40 45 52 55 55 59 60 51 39 29 -9999
-9999 13 12 12 13 13 12 13 13 13 13 13 14 14 14 14 14 14 14 14 14 14 14 14 13 13 14 14 14 15 15 16 19 21 23 22 23 24 34 55 49 42 44 50 50 51 57 53 44 39 36 33 31 29 28 28 27 25 24 22 19 17 17 17 18 18 18 19 19 20 21 22 23 24 24 24 25 25 28 33 37 41 42 45 46 51 52 40 30 28 -9999
-9999 28 17 14 16 13 13 13 13 13 13 13 13 13 13 13 13 13 13 13 13 14 14 14 14 14 14 14 14 14 15 15 15 17 17 18 23 24 29 60 67 61 51 49 43 43 43 41 38 34 33 31 29 28 26 26 24 22 20 18 17 16 16 16 16 16 17 17 18 18 19 20 21 22 22 22 22 23 26 29 33 35 38 41 41 43 42 33 28 -9999 -9999
-9999 38 38 34 30 24 13 13 13 13 13 13 13 13 13 13 14 14 14 14 14 14 14 14 14 14 14 14 14 14 14 14 14 15 16 17 20 22 23 33 52 50 49 36 34 38 36 34 33 31 29 29 -9999 -9999 -9999 -9999 -9999 18 17 16 16 16 16 16 16 16 16 17 17 18 18 19 19 19 19 20 20 21 22 25 29 34 35 39 39 38 32 27 -9999 -9999 -9999
-9999 40 46 48 44 39 24 14 14 13 14 15 14 14 14 14 14 14 14 14 14 14 14 15 17 18 16 14 14 14 14 14 15 -9999 -9999 -9999 18 20 21 23 30 30 29 29 31 32 32 31 30 29 -9999 -9999 -9999 -9999 -9999 -9999 -9999 17 17 -9999 16 16 16 -9999 -9999 -9999 -9999 -9999 -9999 -9999 18 18 17 17 16 18 19 20 21 22 25 29 31 30 30 30 26 23 -9999 -9999 -9999
