Humedad_Suelo_ASC/terraclimate_soil_1977.txt
ncols         92
nrows         62
xllcorner     -72.083333333358
yllcorner     17.458333333309
cellsize      0.041666666666657
NODATA_value  -9999
[rows 0 to 40 of 62, columns 0 to 91 of 92]
-9999 -9999 -9999 -9999 -9999 -9999 -9999 -9999 -9999 -9999 -9999 -9999 -9999 -9999 -9999 -9999 -9999 -9999 -9999 -9999 -9999 -9999 -9999 -9999 -9999 -9999 -9999 -9999 -9999 -9999 -9999 -9999 -9999 -9999 -9999 -9999 -9999 -9999 -9999 -9999 -9999 -9999 -9999 -9999 -9999 -9999 -9999 -9999 -9999 -9999 -9999 -9999 -9999 -9999 -9999 -9999 -9999 -9999 -9999 -9999 -9999 -9999 -9999 -9999 -9999 -9999 -9999 -9999 -9999 -9999 -9999 -9999 -9999 -9999 -9999 -9999 -9999 -9999 -9999 -9999 -9999 -9999 -9999 -9999 -9999 -9999 -9999 -9999 -9999 -9999 -9999 -9999
-9999 -9999 -9999 -9999 -9999 -9999 -9999 -9999 -9999 -9999 -9999 -9999 -9999 -9999 -9999 -9999 -9999 -9999 -9999 -9999 -9999 -9999 -9999 -9999 -9999 -9999 -9999 -9999 -9999 -9999 -9999 -9999 -9999 -9999 -9999 -9999 -9999 -9999 -9999 -9999 -9999 -9999 -9999 -9999 -9999 -9999 -9999 -9999 -9999 -9999 -9999 -9999 -9999 -9999 -9999 -9999 -9999 -9999 -9999 -9999 -9999 -9999 -9999 -9999 -9999 -9999 -9999 -9999 -9999 -9999 -9999 -9999 -9999 -9999 -9999 -9999 -9999 -9999 -9999 -9999 -9999 -9999 -9999 -9999 -9999 -9999 -9999 -9999 -9999 -9999 -9999 -9999
-9999 -9999 -9999 -9999 -9999 -9999 -9999 -9999 -9999 -9999 -9999 -9999 -9999 -9999 -9999 -9999 -9999 -9999 -9999 -9999 -9999 -9999 -9999 -9999 15 16 16 -9999 -9999 -9999 -9999 -9999 -9999 -9999 -9999 -9999 -9999 -9999 -9999 -9999 -9999 -9999 -9999 -9999 -9999 -9999 -9999 -9999 -9999 -9999 -9999 -9999 -9999 -9999 -9999 -9999 -9999 -9999 -9999 -9999 -9999 -9999 -9999 -9999 -9999 -9999 -9999 -9999 -9999 -9999 -9999 -9999 -9999 -9999 -9999 -9999 -9999 -9999 -9999 -9999 -9999 -9999 -9999 -9999 -9999 -9999 -9999 -9999 -9999 -9999 -9999 -9999
-9999 -9999 -9999 -9999 -9999 -9999 11 -9999 -9999 -9999 12 13 13 13 13 14 -9999 -9999 -9999 -9999 -9999 -9999 -9999 -9999 16 17 17 17 17 17 17 -9999 -9999 -9999 -9999 -9999 -9999 -9999 -9999 -9999 -9999 -9999 -9999 -9999 -9999 -9999 -9999 -9999 -9999 -9999 -9999 -9999 -9999 -9999 -9999 -9999 -9999 -9999 -9999 -9999 -9999 -9999 -9999 -9999 -9999 -9999 -9999 -9999 -9999 -9999 -9999 -9999 -9999 -9999 -9999 -9999 -9999 -9999 -9999 -9999 -9999 -9999 -9999 -9999 -9999 -9999 -9999 -9999 -9999 -9999 -9999 -9999
-9999 -9999 -9999 -9999 -9999 -9999 -9999 -9999 -9999 12 12 13 13 14 14 14 14 14 14 15 15 15 16 16 16 17 17 17 18 18 18 18 18 -9999 -9999 -9999 -9999 -9999 -9999 -9999 -9999 -9999 -9999 -9999 -9999 -9999 -9999 -9999 -9999 -9999 -9999 -9999 -9999 -9999 -9999 -9999 -9999 -9999 -9999 -9999 -9999 -9999 -9999 -9999 -9999 -9999 -9999 -9999 -9999 -9999 -9999 -9999 -9999 -9999 -9999 -9999 -9999 -9999 -9999 -9999 -9999 -9999 -9999 -9999 -9999 -9999 -9999 -9999 -9999 -9999 -9999 -9999
-9999 -9999 -9999 -9999 -9999 -9999 -9999 11 11 12 12 13 13 14 14 15 15 15 15 15 15 16 16 17 17 17 18 17 19 20 20 20 19 18 -9999 -9999 -9999 -9999 -9999 -9999 -9999 -9999 -9999 -9999 -9999 -9999 -9999 -9999 -9999 -9999 -9999 -9999 -9999 -9999 -9999 -9999 -9999 -9999 -9999 -9999 -9999 -9999 -9999 -9999 -9999 -9999 -9999 -9999 -9999 -9999 -9999 -9999 -9999 -9999 -9999 -9999 -9999 -9999 -9999 -9999 -9999 -9999 -9999 -9999 -9999 -9999 -9999 -9999 -9999 -9999 -9999 -9999
-9999 -9999 -9999 -9999 -9999 -9999 -9999 11 11 12 13 13 14 14 15 15 15 15 16 16 17 22 23 18 18 18 19 19 20 21 22 29 25 23 19 19 22 23 21 20 -9999 -9999 -9999 -9999 -9999 -9999 -9999 -9999 -9999 -9999 -9999 -9999 -9999 -9999 -9999 -9999 -9999 -9999 -9999 -9999 -9999 -9999 -9999 -9999 -9999 -9999 -9999 -9999 -9999 -9999 -9999 -9999 -9999 -9999 -9999 -9999 -9999 -9999 -9999 -9999 -9999 -9999 -9999 -9999 -9999 -9999 -9999 -9999 -9999 -9999 -9999 -9999
-9999 8 8 8 9 9 10 -9999 11 12 12 13 13 14 14 15 15 16 16 16 16 17 19 27 33 22 21 21 21 22 27 38 33 24 23 21 24 25 27 26 20 -9999 -9999 -9999 -9999 -9999 -9999 -9999 -9999 -9999 -9999 -9999 -9999 -9999 -9999 -9999 -9999 -9999 -9999 -9999 -9999 -9999 -9999 -9999 -9999 -9999 -9999 -9999 -9999 -9999 -9999 -9999 -9999 -9999 -9999 -9999 -9999 -9999 -9999 -9999 -9999 -9999 -9999 -9999 -9999 -9999 -9999 -9999 -9999 -9999 -9999 -9999
-9999 9 8 8 9 9 10 10 11 11 12 12 13 14 14 14 15 15 16 16 16 17 17 18 20 27 43 43 33 34 30 32 32 28 22 19 21 23 25 26 20 21 23 -9999 -9999 -9999 -9999 -9999 42 47 46 44 -9999 -9999 -9999 -9999 -9999 -9999 -9999 -9999 -9999 -9999 -9999 -9999 -9999 -9999 -9999 -9999 -9999 -9999 -9999 -9999 -9999 -9999 -9999 -9999 -9999 -9999 -9999 -9999 -9999 -9999 -9999 -9999 -9999 -9999 -9999 -9999 -9999 -9999 -9999 -9999
-9999 13 14 12 12 10 10 11 11 11 12 12 13 14 14 14 14 15 15 16 16 16 17 18 18 19 20 33 45 39 37 35 36 34 30 23 20 19 19 20 23 26 29 34 33 34 -9999 41 46 56 61 59 48 -9999 -9999 -9999 -9999 -9999 -9999 -9999 -9999 -9999 -9999 -9999 -9999 -9999 -9999 -9999 -9999 -9999 -9999 -9999 -9999 -9999 -9999 -9999 -9999 -9999 -9999 -9999 -9999 -9999 -9999 -9999 -9999 -9999 -9999 -9999 -9999 -9999 -9999 -9999
-9999 17 20 19 22 15 15 13 13 13 14 14 14 14 15 15 15 16 15 16 16 16 17 17 18 19 19 19 21 29 36 41 44 40 39 29 21 20 23 21 24 28 29 33 32 37 39 42 48 54 66 74 52 -9999 -9999 -9999 -9999 -9999 -9999 -9999 -9999 -9999 -9999 -9999 -9999 -9999 -9999 -9999 -9999 -9999 -9999 -9999 -9999 -9999 -9999 -9999 -9999 -9999 -9999 -9999 -9999 -9999 -9999 -9999 -9999 -9999 -9999 -9999 -9999 -9999 -9999 -9999
-9999 19 20 24 21 21 21 20 20 21 22 18 15 17 18 15 15 16 20 18 17 16 16 17 17 18 19 19 19 19 20 26 36 37 40 35 38 32 26 22 23 28 26 28 31 37 41 43 46 49 55 53 46 -9999 -9999 -9999 -9999 -9999 -9999 -9999 -9999 -9999 -9999 -9999 -9999 -9999 -9999 -9999 -9999 -9999 -9999 -9999 -9999 -9999 -9999 -9999 -9999 -9999 -9999 -9999 -9999 -9999 -9999 -9999 -9999 -9999 -9999 -9999 -9999 -9999 -9999 -9999
-9999 17 19 23 24 26 25 25 26 26 31 31 27 25 20 17 16 17 19 20 24 20 19 17 17 18 18 19 19 18 18 18 18 19 27 30 37 41 32 24 26 35 27 28 39 46 41 41 41 42 43 44 43 46 -9999 -9999 -9999 -9999 -9999 -9999 -9999 -9999 -9999 -9999 -9999 -9999 -9999 -9999 -9999 -9999 -9999 -9999 -9999 -9999 -9999 -9999 -9999 -9999 -9999 -9999 -9999 -9999 -9999 -9999 -9999 -9999 -9999 -9999 -9999 -9999 -9999 -9999
-9999 17 18 22 26 33 35 39 32 31 38 51 42 33 29 24 20 19 20 19 22 23 25 17 17 17 18 19 20 19 18 17 17 16 16 16 20 25 32 28 33 43 29 27 32 32 35 36 37 39 41 44 45 -9999 -9999 -9999 -9999 -9999 -9999 -9999 -9999 -9999 -9999 -9999 -9999 -9999 -9999 -9999 -9999 -9999 -9999 -9999 -9999 -9999 -9999 -9999 -9999 -9999 -9999 -9999 -9999 -9999 -9999 -9999 -9999 -9999 -9999 -9999 -9999 -9999 -9999 -9999
-9999 17 18 22 26 32 38 42 40 38 39 52 60 51 38 32 34 31 27 26 31 30 30 17 18 19 18 20 26 25 18 16 15 15 15 15 15 15 17 22 29 33 28 27 30 31 32 34 36 39 43 46 48 51 -9999 -9999 -9999 -9999 -9999 -9999 -9999 -9999 -9999 -9999 -9999 -9999 -9999 -9999 -9999 -9999 -9999 -9999 -9999 -9999 -9999 -9999 -9999 -9999 -9999 -9999 -9999 -9999 -9999 -9999 -9999 -9999 -9999 -9999 -9999 -9999 -9999 -9999
-9999 18 19 22 25 31 36 42 48 53 50 55 60 53 44 41 41 46 43 37 41 38 32 26 30 30 24 19 22 25 21 16 15 15 14 14 13 13 13 14 15 19 25 29 34 42 46 38 34 38 45 51 53 52 -9999 -9999 -9999 -9999 -9999 -9999 -9999 -9999 -9999 -9999 -9999 -9999 -9999 -9999 -9999 -9999 -9999 -9999 -9999 -9999 -9999 -9999 -9999 -9999 -9999 -9999 -9999 -9999 -9999 -9999 -9999 -9999 -9999 -9999 -9999 -9999 -9999 -9999
-9999 18 19 22 25 30 35 39 44 52 58 69 80 77 51 51 50 51 52 47 42 41 37 33 33 29 27 27 25 24 20 19 15 16 14 13 13 12 12 13 13 15 16 19 22 31 50 60 39 37 46 57 59 55 54 -9999 -9999 -9999 -9999 -9999 -9999 -9999 -9999 -9999 -9999 -9999 -9999 120 107 -9999 -9999 -9999 -9999 -9999 -9999 -9999 -9999 -9999 -9999 -9999 -9999 -9999 -9999 -9999 -9999 -9999 -9999 -9999 -9999 -9999 -9999 -9999
-9999 19 20 23 25 28 33 37 42 46 51 60 72 83 79 66 61 63 57 51 48 50 41 38 34 32 27 25 24 22 19 16 14 17 15 13 13 12 12 12 12 13 14 16 18 22 28 33 36 46 61 65 57 54 54 55 -9999 -9999 -9999 91 100 111 111 111 117 124 137 137 134 88 90 -9999 -9999 -9999 -9999 -9999 -9999 -9999 -9999 -9999 -9999 -9999 -9999 -9999 -9999 -9999 -9999 -9999 -9999 -9999 -9999 -9999
-9999 19 20 23 25 28 31 35 39 43 47 51 60 74 83 87 86 73 60 59 65 78 55 50 42 42 33 26 24 22 21 20 18 17 17 16 15 12 12 13 13 13 14 15 16 19 22 28 36 53 60 56 53 55 57 60 71 100 102 108 116 120 121 119 120 132 136 140 135 97 92 -9999 -9999 -9999 -9999 -9999 -9999 -9999 -9999 -9999 -9999 -9999 -9999 -9999 -9999 -9999 -9999 -9999 -9999 -9999 -9999 -9999
-9999 19 20 23 25 27 29 32 37 40 43 47 52 66 72 72 76 77 69 75 73 80 65 75 50 45 41 28 25 23 23 22 21 19 19 17 16 15 15 15 15 15 15 16 17 19 20 24 32 42 57 67 68 61 59 64 71 73 84 105 109 113 115 115 118 126 133 134 132 107 -9999 -9999 -9999 -9999 -9999 -9999 -9999 -9999 -9999 -9999 -9999 -9999 -9999 -9999 -9999 -9999 -9999 -9999 -9999 -9999 -9999 -9999
-9999 19 21 23 25 27 29 31 34 38 40 43 47 51 54 54 58 64 67 68 70 72 74 74 72 66 34 31 28 25 25 22 20 19 19 19 19 18 17 17 17 17 17 18 18 19 20 22 28 36 47 59 66 64 61 63 63 66 68 -9999 -9999 -9999 102 106 109 118 126 126 122 -9999 -9999 -9999 -9999 -9999 -9999 -9999 -9999 -9999 -9999 -9999 -9999 -9999 -9999 -9999 -9999 -9999 -9999 -9999 -9999 -9999 -9999 -9999
-9999 20 21 23 25 26 28 30 31 33 36 40 42 45 48 49 49 50 49 48 52 58 61 61 57 42 56 39 29 29 26 21 19 18 18 18 20 20 20 20 20 20 19 20 20 20 21 24 29 37 47 60 69 69 67 64 62 65 69 -9999 -9999 -9999 -9999 -9999 -9999 -9999 -9999 -9999 -9999 -9999 -9999 -9999 -9999 -9999 -9999 -9999 -9999 -9999 -9999 -9999 -9999 -9999 -9999 -9999 -9999 -9999 -9999 -9999 -9999 -9999 -9999 -9999
-9999 21 22 23 24 26 27 29 30 31 33 36 38 41 44 44 44 44 43 42 44 45 48 50 47 44 48 51 49 39 27 21 18 18 18 18 20 21 20 22 22 22 22 22 22 22 23 28 41 55 68 69 70 71 71 70 71 72 72 -9999 74 79 79 86 89 -9999 -9999 -9999 -9999 -9999 -9999 -9999 -9999 -9999 -9999 -9999 -9999 -9999 -9999 -9999 -9999 -9999 -9999 -9999 -9999 -9999 -9999 -9999 -9999 -9999 -9999 -9999
-9999 22 22 24 25 26 27 28 29 30 31 32 34 37 38 39 39 38 36 36 38 40 40 41 40 40 41 43 38 24 21 19 18 19 20 18 21 21 21 23 25 25 25 26 25 24 26 32 44 61 65 67 69 69 70 70 69 69 72 72 74 78 81 86 84 75 69 -9999 -9999 -9999 -9999 -9999 -9999 -9999 -9999 -9999 -9999 -9999 -9999 -9999 -9999 -9999 -9999 -9999 -9999 -9999 -9999 -9999 -9999 -9999 -9999 -9999
-9999 23 23 24 25 25 26 27 28 29 29 30 31 32 32 32 32 33 31 31 31 33 34 34 34 35 34 35 36 36 34 25 26 29 21 18 18 20 20 25 28 29 31 33 30 34 39 40 52 58 59 60 64 65 64 65 66 67 69 70 73 77 80 81 81 79 73 67 55 49 47 46 -9999 45 42 37 35 -9999 -9999 -9999 -9999 -9999 -9999 -9999 -9999 -9999 -9999 -9999 -9999 -9999 -9999 -9999
-9999 24 24 25 25 26 26 27 28 28 29 29 30 30 30 29 29 30 27 27 29 30 31 31 30 30 31 31 33 34 34 34 34 27 18 16 18 19 20 28 32 35 35 36 38 44 45 51 54 57 55 56 59 61 61 60 61 61 64 65 67 70 73 74 75 78 79 81 71 63 59 56 56 54 51 48 41 35 30 28 -9999 -9999 -9999 -9999 -9999 -9999 -9999 -9999 -9999 -9999 -9999 -9999
-9999 24 25 25 26 26 27 27 28 28 29 29 29 28 26 25 26 27 24 22 24 29 30 31 29 25 28 31 31 21 27 26 24 21 20 25 34 23 20 31 38 39 38 38 46 49 49 50 53 57 53 52 54 56 55 54 54 54 55 56 57 60 64 66 68 69 71 73 78 82 92 90 65 59 54 56 61 60 44 32 27 24 -9999 -9999 -9999 -9999 -9999 -9999 -9999 -9999 -9999 -9999
-9999 25 25 26 26 26 27 28 28 29 29 30 29 26 24 24 24 23 23 21 21 22 24 25 26 20 28 26 24 14 17 19 15 23 28 23 22 22 22 32 38 39 38 45 48 51 51 51 51 52 50 50 48 49 52 48 46 46 45 45 48 51 53 55 58 61 60 60 56 60 76 83 70 70 66 62 77 104 71 53 33 25 23 -9999 -9999 -9999 -9999 -9999 -9999 -9999 -9999 -9999
-9999 25 26 26 26 27 28 28 29 29 30 30 29 27 25 24 23 21 20 18 16 16 17 15 16 16 19 14 19 20 35 38 37 40 44 52 27 21 24 25 31 41 47 42 49 51 52 51 50 48 47 46 44 44 44 43 42 43 42 42 42 42 42 45 48 49 51 55 46 41 43 40 38 49 47 46 50 58 85 63 43 27 22 21 -9999 -9999 -9999 -9999 -9999 -9999 -9999 -9999
-9999 26 26 27 27 28 28 29 29 30 30 30 31 31 32 29 25 22 18 15 12 9 8 8 8 8 8 8 9 20 32 39 41 46 50 59 60 36 23 23 25 35 44 46 51 52 52 52 49 46 45 44 43 42 41 40 40 40 40 39 39 39 39 40 42 42 42 41 38 35 34 32 32 34 34 34 35 38 67 68 68 29 23 20 19 -9999 -9999 -9999 -9999 -9999 -9999 -9999
-9999 26 27 27 28 29 29 30 30 31 31 31 31 32 32 32 32 29 22 15 10 8 7 7 7 8 7 8 9 9 17 25 42 48 56 65 64 32 28 25 25 29 36 48 52 54 52 51 48 45 44 43 42 41 40 39 39 38 37 36 36 36 36 36 37 37 35 35 33 30 29 28 27 28 32 29 29 35 48 56 60 40 26 22 20 18 -9999 -9999 -9999 -9999 -9999 -9999
-9999 27 27 28 29 29 29 30 31 32 32 31 32 32 32 32 32 32 30 22 12 8 7 7 7 7 7 7 10 23 16 30 37 45 51 60 48 24 25 26 27 29 34 44 50 51 50 49 47 44 43 42 41 40 39 38 37 36 35 35 34 33 31 29 29 29 30 29 29 28 27 26 26 26 28 26 28 29 30 36 48 54 32 24 21 19 18 17 -9999 -9999 -9999 -9999
-9999 27 28 29 29 29 30 31 33 33 33 33 34 34 34 32 31 29 29 23 15 12 8 7 7 7 7 7 10 27 25 20 26 32 43 60 59 28 25 26 28 33 39 46 49 48 47 47 45 44 42 41 40 39 37 36 35 35 34 32 30 28 28 26 26 26 27 27 26 26 26 26 26 26 26 25 26 25 25 26 28 32 29 25 24 21 19 17 16 -9999 -9999 -9999
-9999 25 28 29 29 30 30 31 32 33 34 35 36 37 36 35 33 29 23 20 14 14 13 9 7 7 7 7 8 20 28 27 33 38 48 64 38 27 24 26 28 36 37 38 47 47 46 45 44 42 41 40 38 37 36 35 34 33 30 29 27 26 25 24 24 25 25 25 25 25 25 25 25 25 25 24 23 23 23 23 23 24 24 24 25 24 20 18 16 14 -9999 -9999
-9999 6 11 18 24 29 30 30 30 31 26 32 34 36 36 36 35 34 30 22 10 9 10 8 7 7 7 7 8 10 13 14 22 23 22 31 25 20 22 25 27 30 34 37 47 47 46 44 42 40 39 38 37 36 35 33 31 29 27 26 24 23 23 23 23 24 24 24 25 24 24 25 25 25 24 23 22 22 22 22 22 22 23 23 23 23 22 19 16 14 13 -9999
-9999 5 5 6 5 6 21 21 4 7 7 16 26 32 32 31 25 22 26 28 13 8 9 9 8 7 7 7 7 8 9 10 13 25 17 16 18 15 21 28 27 28 31 33 39 47 45 44 41 39 38 36 34 31 30 29 28 27 25 24 23 22 22 22 23 23 23 23 23 23 24 24 24 24 23 23 23 22 22 22 22 23 23 23 22 22 22 19 17 15 -9999 -9999
-9999 12 6 5 5 4 4 4 4 4 4 4 5 7 7 7 7 5 6 7 7 6 7 7 7 7 7 7 7 8 8 8 10 13 13 12 12 13 24 32 29 28 30 32 37 43 45 43 41 37 33 30 29 28 27 27 26 25 24 23 22 22 21 22 22 22 22 22 22 23 23 23 24 24 23 23 23 22 23 22 23 23 23 23 22 22 21 18 16 15 -9999 -9999
-9999 29 21 18 22 6 6 4 4 4 4 4 4 4 4 4 4 4 4 4 4 6 6 6 6 7 7 7 7 8 8 8 9 9 10 10 12 13 19 39 40 37 32 32 32 36 41 40 35 31 30 29 28 26 25 25 24 24 23 22 22 21 21 21 21 20 19 20 21 21 22 23 23 23 23 23 22 22 23 23 23 24 24 24 23 22 21 18 17 -9999 -9999 -9999
-9999 30 31 31 31 29 6 4 4 4 4 4 4 4 4 4 4 4 4 4 4 4 5 6 7 7 7 7 7 7 8 8 8 9 9 10 11 12 16 25 35 33 33 29 30 33 33 32 31 29 27 26 -9999 -9999 -9999 -9999 -9999 23 23 22 22 21 21 21 20 19 18 18 19 20 21 21 21 21 20 21 22 22 23 23 24 24 24 25 23 22 19 18 -9999 -9999 -9999 -9999
-9999 31 33 34 34 32 29 8 6 4 6 7 4 4 4 4 4 4 4 4 4 4 6 8 11 15 9 8 7 7 8 8 8 -9999 -9999 -9999 10 11 13 17 24 25 26 27 28 29 29 28 28 27 -9999 -9999 -9999 -9999 -9999 -9999 -9999 23 23 -9999 22 21 21 -9999 -9999 -9999 -9999 -9999 -9999 -9999 20 20 20 19 19 20 20 22 22 23 24 24 24 23 22 21 21 18 -9999 -9999 -9999 -9999
-9999 36 37 37 37 36 37 37 36 30 24 22 13 7 4 4 4 4 4 4 4 5 5 7 9 20 24 9 8 7 8 8 8 -9999 -9999 -9999 10 11 11 13 17 20 24 25 26 27 27 27 26 -9999 -9999 -9999 -9999 -9999 -9999 -9999 -9999 -9999 -9999 -9999 -9999 -9999 -9999 -9999 -9999 -9999 -9999 -9999 -9999 -9999 -9999 -9999 -9999 19 18 -9999 -9999 21 22 23 23 23 23 22 21 20 19 19 -9999 -9999 -9999 -9999
