Humedad_Suelo_ASC/terraclimate_soil_2012.txt
ncols         92
nrows         62
xllcorner     -72.083333333358
yllcorner     17.458333333309
cellsize      0.041666666666657
NODATA_value  -9999
[rows 0 to 40 of 62, columns 0 to 90 of 92]
-9999 -9999 -9999 -9999 -9999 -9999 -9999 -9999 -9999 -9999 -9999 -9999 -9999 -9999 -9999 -9999 -9999 -9999 -9999 -9999 -9999 -9999 -9999 -9999 -9999 -9999 -9999 -9999 -9999 -9999 -9999 -9999 -9999 -9999 -9999 -9999 -9999 -9999 -9999 -9999 -9999 -9999 -9999 -9999 -9999 -9999 -9999 -9999 -9999 -9999 -9999 -9999 -9999 -9999 -9999 -9999 -9999 -9999 -9999 -9999 -9999 -9999 -9999 -9999 -9999 -9999 -9999 -9999 -9999 -9999 -9999 -9999 -9999 -9999 -9999 -9999 -9999 -9999 -9999 -9999 -9999 -9999 -9999 -9999 -9999 -9999 -9999 -9999 -9999 -9999 -9999
-9999 -9999 -9999 -9999 -9999 -9999 -9999 -9999 -9999 -9999 -9999 -9999 -9999 -9999 -9999 -9999 -9999 -9999 -9999 -9999 -9999 -9999 -9999 -9999 -9999 -9999 -9999 -9999 -9999 -9999 -9999 -9999 -9999 -9999 -9999 -9999 -9999 -9999 -9999 -9999 -9999 -9999 -9999 -9999 -9999 -9999 -9999 -9999 -9999 -9999 -9999 -9999 -9999 -9999 -9999 -9999 -9999 -9999 -9999 -9999 -9999 -9999 -9999 -9999 -9999 -9999 -9999 -9999 -9999 -9999 -9999 -9999 -9999 -9999 -9999 -9999 -9999 -9999 -9999 -9999 -9999 -9999 -9999 -9999 -9999 -9999 -9999 -9999 -9999 -9999 -9999
-9999 -9999 -9999 -9999 -9999 -9999 -9999 -9999 -9999 -9999 -9999 -9999 -9999 -9999 -9999 -9999 -9999 -9999 -9999 -9999 -9999 -9999 -9999 -9999 69 83 95 -9999 -9999 -9999 -9999 -9999 -9999 -9999 -9999 -9999 -9999 -9999 -9999 -9999 -9999 -9999 -9999 -9999 -9999 -9999 -9999 -9999 -9999 -9999 -9999 -9999 -9999 -9999 -9999 -9999 -9999 -9999 -9999 -9999 -9999 -9999 -9999 -9999 -9999 -9999 -9999 -9999 -9999 -9999 -9999 -9999 -9999 -9999 -9999 -9999 -9999 -9999 -9999 -9999 -9999 -9999 -9999 -9999 -9999 -9999 -9999 -9999 -9999 -9999 -9999
-9999 -9999 -9999 -9999 -9999 -9999 21 -9999 -9999 -9999 12 12 12 13 13 13 -9999 -9999 -9999 -9999 -9999 -9999 -9999 -9999 71 92 108 117 125 130 134 -9999 -9999 -9999 -9999 -9999 -9999 -9999 -9999 -9999 -9999 -9999 -9999 -9999 -9999 -9999 -9999 -9999 -9999 -9999 -9999 -9999 -9999 -9999 -9999 -9999 -9999 -9999 -9999 -9999 -9999 -9999 -9999 -9999 -9999 -9999 -9999 -9999 -9999 -9999 -9999 -9999 -9999 -9999 -9999 -9999 -9999 -9999 -9999 -9999 -9999 -9999 -9999 -9999 -9999 -9999 -9999 -9999 -9999 -9999 -9999
-9999 -9999 -9999 -9999 -9999 -9999 -9999 -9999 -9999 11 12 12 12 13 14 14 14 14 16 19 31 39 47 56 70 91 110 123 135 143 145 144 151 -9999 -9999 -9999 -9999 -9999 -9999 -9999 -9999 -9999 -9999 -9999 -9999 -9999 -9999 -9999 -9999 -9999 -9999 -9999 -9999 -9999 -9999 -9999 -9999 -9999 -9999 -9999 -9999 -9999 -9999 -9999 -9999 -9999 -9999 -9999 -9999 -9999 -9999 -9999 -9999 -9999 -9999 -9999 -9999 -9999 -9999 -9999 -9999 -9999 -9999 -9999 -9999 -9999 -9999 -9999 -9999 -9999 -9999
-9999 -9999 -9999 -9999 -9999 -9999 -9999 11 11 11 12 12 12 13 13 14 15 21 25 26 28 38 46 55 65 80 99 117 137 155 159 157 158 160 -9999 -9999 -9999 -9999 -9999 -9999 -9999 -9999 -9999 -9999 -9999 -9999 -9999 -9999 -9999 -9999 -9999 -9999 -9999 -9999 -9999 -9999 -9999 -9999 -9999 -9999 -9999 -9999 -9999 -9999 -9999 -9999 -9999 -9999 -9999 -9999 -9999 -9999 -9999 -9999 -9999 -9999 -9999 -9999 -9999 -9999 -9999 -9999 -9999 -9999 -9999 -9999 -9999 -9999 -9999 -9999 -9999
-9999 -9999 -9999 -9999 -9999 -9999 -9999 11 11 11 11 11 12 12 13 13 14 18 22 29 35 49 63 58 65 76 91 111 127 148 159 163 166 164 161 157 154 151 147 144 -9999 -9999 -9999 -9999 -9999 -9999 -9999 -9999 -9999 -9999 -9999 -9999 -9999 -9999 -9999 -9999 -9999 -9999 -9999 -9999 -9999 -9999 -9999 -9999 -9999 -9999 -9999 -9999 -9999 -9999 -9999 -9999 -9999 -9999 -9999 -9999 -9999 -9999 -9999 -9999 -9999 -9999 -9999 -9999 -9999 -9999 -9999 -9999 -9999 -9999 -9999
-9999 31 19 10 9 10 10 -9999 10 10 11 11 11 12 12 12 13 14 15 16 22 30 42 66 80 77 85 102 116 130 137 131 149 164 161 157 153 150 145 143 141 -9999 -9999 -9999 -9999 -9999 -9999 -9999 -9999 -9999 -9999 -9999 -9999 -9999 -9999 -9999 -9999 -9999 -9999 -9999 -9999 -9999 -9999 -9999 -9999 -9999 -9999 -9999 -9999 -9999 -9999 -9999 -9999 -9999 -9999 -9999 -9999 -9999 -9999 -9999 -9999 -9999 -9999 -9999 -9999 -9999 -9999 -9999 -9999 -9999 -9999
-9999 29 20 15 10 9 10 10 9 10 10 11 11 11 12 12 12 13 13 14 15 16 24 38 51 79 96 93 104 111 120 122 128 138 144 152 149 144 142 141 139 136 136 -9999 -9999 -9999 -9999 -9999 149 154 155 155 -9999 -9999 -9999 -9999 -9999 -9999 -9999 -9999 -9999 -9999 -9999 -9999 -9999 -9999 -9999 -9999 -9999 -9999 -9999 -9999 -9999 -9999 -9999 -9999 -9999 -9999 -9999 -9999 -9999 -9999 -9999 -9999 -9999 -9999 -9999 -9999 -9999 -9999 -9999
-9999 31 30 21 16 11 11 10 10 10 10 11 11 12 12 12 12 12 13 13 13 14 15 16 24 35 50 79 88 93 96 98 99 110 114 118 121 134 139 140 138 136 135 133 134 138 -9999 143 150 155 154 154 154 -9999 -9999 -9999 -9999 -9999 -9999 -9999 -9999 -9999 -9999 -9999 -9999 -9999 -9999 -9999 -9999 -9999 -9999 -9999 -9999 -9999 -9999 -9999 -9999 -9999 -9999 -9999 -9999 -9999 -9999 -9999 -9999 -9999 -9999 -9999 -9999 -9999 -9999
-9999 33 35 29 31 16 16 14 14 13 14 12 12 12 12 12 12 13 13 13 13 13 14 14 15 17 26 38 52 80 87 79 87 96 97 99 101 109 115 133 131 133 132 132 133 137 140 144 149 154 153 153 153 -9999 -9999 -9999 -9999 -9999 -9999 -9999 -9999 -9999 -9999 -9999 -9999 -9999 -9999 -9999 -9999 -9999 -9999 -9999 -9999 -9999 -9999 -9999 -9999 -9999 -9999 -9999 -9999 -9999 -9999 -9999 -9999 -9999 -9999 -9999 -9999 -9999 -9999
-9999 38 32 33 28 23 19 18 18 19 20 18 14 14 15 13 13 13 15 14 14 14 14 14 14 14 16 20 33 42 55 72 83 89 96 99 86 89 95 103 103 109 129 128 129 134 140 145 148 152 153 153 152 -9999 -9999 -9999 -9999 -9999 -9999 -9999 -9999 -9999 -9999 -9999 -9999 -9999 -9999 -9999 -9999 -9999 -9999 -9999 -9999 -9999 -9999 -9999 -9999 -9999 -9999 -9999 -9999 -9999 -9999 -9999 -9999 -9999 -9999 -9999 -9999 -9999 -9999
-9999 30 35 47 31 30 28 24 22 22 27 27 23 21 15 14 13 13 14 14 16 15 15 14 14 14 15 16 17 22 31 38 45 57 75 85 87 89 84 86 86 97 111 108 117 134 139 143 146 150 152 152 152 152 -9999 -9999 -9999 -9999 -9999 -9999 -9999 -9999 -9999 -9999 -9999 -9999 -9999 -9999 -9999 -9999 -9999 -9999 -9999 -9999 -9999 -9999 -9999 -9999 -9999 -9999 -9999 -9999 -9999 -9999 -9999 -9999 -9999 -9999 -9999 -9999 -9999
-9999 25 29 44 40 49 36 39 33 28 36 47 39 26 22 16 14 14 14 14 14 15 15 14 14 14 14 15 16 16 17 22 27 33 40 45 60 74 79 79 86 103 100 94 112 131 136 141 145 149 152 151 151 -9999 -9999 -9999 -9999 -9999 -9999 -9999 -9999 -9999 -9999 -9999 -9999 -9999 -9999 -9999 -9999 -9999 -9999 -9999 -9999 -9999 -9999 -9999 -9999 -9999 -9999 -9999 -9999 -9999 -9999 -9999 -9999 -9999 -9999 -9999 -9999 -9999 -9999
-9999 26 28 35 47 58 56 43 39 37 38 47 50 45 29 22 21 16 14 13 14 15 16 13 14 14 14 15 18 19 16 15 15 18 24 30 37 43 56 71 81 91 89 85 100 126 132 138 143 148 151 151 151 151 -9999 -9999 -9999 -9999 -9999 -9999 -9999 -9999 -9999 -9999 -9999 -9999 -9999 -9999 -9999 -9999 -9999 -9999 -9999 -9999 -9999 -9999 -9999 -9999 -9999 -9999 -9999 -9999 -9999 -9999 -9999 -9999 -9999 -9999 -9999 -9999 -9999
-9999 26 27 32 39 52 62 63 56 48 47 49 49 45 35 30 28 30 25 17 20 17 15 13 16 16 14 14 15 17 16 14 13 13 14 19 25 33 38 43 52 69 78 82 97 126 131 134 139 146 151 151 151 150 -9999 -9999 -9999 -9999 -9999 -9999 -9999 -9999 -9999 -9999 -9999 -9999 -9999 -9999 -9999 -9999 -9999 -9999 -9999 -9999 -9999 -9999 -9999 -9999 -9999 -9999 -9999 -9999 -9999 -9999 -9999 -9999 -9999 -9999 -9999 -9999 -9999
-9999 26 27 32 36 45 55 56 61 63 60 70 72 58 41 39 36 35 34 28 21 20 17 15 17 15 15 15 15 15 14 14 12 13 13 14 16 21 28 35 39 42 51 62 81 112 130 136 137 142 149 150 150 150 150 -9999 -9999 -9999 -9999 -9999 -9999 -9999 -9999 -9999 -9999 -9999 -9999 148 148 -9999 -9999 -9999 -9999 -9999 -9999 -9999 -9999 -9999 -9999 -9999 -9999 -9999 -9999 -9999 -9999 -9999 -9999 -9999 -9999 -9999 -9999
-9999 25 27 31 35 39 48 50 52 52 57 64 71 74 55 46 44 43 40 32 28 31 21 20 18 18 15 14 14 13 12 12 12 12 13 14 16 18 21 26 30 33 37 42 58 86 122 129 133 139 146 150 150 150 149 149 -9999 -9999 -9999 149 148 148 148 148 148 148 148 148 148 148 148 -9999 -9999 -9999 -9999 -9999 -9999 -9999 -9999 -9999 -9999 -9999 -9999 -9999 -9999 -9999 -9999 -9999 -9999 -9999 -9999
-9999 24 26 30 34 38 41 43 44 46 48 50 58 68 73 78 57 46 40 38 41 47 34 33 25 27 19 15 13 13 13 13 12 12 13 15 16 18 19 20 23 27 31 35 42 66 102 123 130 137 142 149 149 149 149 149 149 149 148 148 148 148 148 148 148 148 148 147 147 147 147 -9999 -9999 -9999 -9999 -9999 -9999 -9999 -9999 -9999 -9999 -9999 -9999 -9999 -9999 -9999 -9999 -9999 -9999 -9999 -9999
-9999 22 25 30 33 36 39 41 43 42 42 44 54 68 80 71 68 50 43 45 44 67 40 46 33 30 28 16 15 14 14 14 14 14 15 15 16 18 18 19 21 24 29 33 40 58 89 118 126 134 142 147 149 149 149 148 148 148 148 148 148 147 147 147 147 147 147 147 147 147 -9999 -9999 -9999 -9999 -9999 -9999 -9999 -9999 -9999 -9999 -9999 -9999 -9999 -9999 -9999 -9999 -9999 -9999 -9999 -9999 -9999
-9999 21 22 28 32 35 35 37 41 43 42 42 45 51 52 44 45 65 63 64 70 78 67 78 69 44 22 20 18 17 18 16 13 13 15 16 17 17 18 19 21 23 26 29 36 47 73 107 120 128 135 140 147 148 148 148 148 148 147 -9999 -9999 -9999 147 147 147 147 147 147 147 -9999 -9999 -9999 -9999 -9999 -9999 -9999 -9999 -9999 -9999 -9999 -9999 -9999 -9999 -9999 -9999 -9999 -9999 -9999 -9999 -9999 -9999
-9999 22 23 24 29 31 32 31 33 35 34 37 38 37 41 47 42 52 44 42 49 77 86 68 51 26 38 27 19 21 19 15 14 13 14 15 17 18 19 21 22 25 27 29 34 42 65 99 116 124 129 135 140 143 148 148 147 147 147 -9999 -9999 -9999 -9999 -9999 -9999 -9999 -9999 -9999 -9999 -9999 -9999 -9999 -9999 -9999 -9999 -9999 -9999 -9999 -9999 -9999 -9999 -9999 -9999 -9999 -9999 -9999 -9999 -9999 -9999 -9999 -9999
-9999 23 23 25 26 27 28 28 29 29 30 33 35 36 41 43 41 43 34 34 46 51 71 66 44 31 39 48 36 28 20 15 15 14 15 16 17 21 20 24 26 28 30 31 37 41 62 100 116 123 129 133 137 141 145 147 147 147 147 -9999 146 146 146 146 146 -9999 -9999 -9999 -9999 -9999 -9999 -9999 -9999 -9999 -9999 -9999 -9999 -9999 -9999 -9999 -9999 -9999 -9999 -9999 -9999 -9999 -9999 -9999 -9999 -9999 -9999
-9999 24 24 25 26 26 27 27 27 27 28 30 31 35 35 39 36 31 27 25 38 43 55 64 57 44 58 49 26 15 14 13 14 15 15 15 18 21 23 26 29 31 34 35 37 44 64 95 115 121 128 133 138 141 144 147 146 146 146 146 146 146 146 146 146 146 146 -9999 -9999 -9999 -9999 -9999 -9999 -9999 -9999 -9999 -9999 -9999 -9999 -9999 -9999 -9999 -9999 -9999 -9999 -9999 -9999 -9999 -9999 -9999 -9999
-9999 25 25 26 26 26 26 26 27 27 27 26 26 25 26 30 27 30 23 19 25 30 35 39 39 51 51 41 34 27 23 18 18 22 15 14 15 19 22 27 31 32 34 34 36 46 68 94 114 121 125 129 135 138 139 144 146 146 146 146 145 145 145 145 145 145 145 145 145 145 145 145 -9999 145 146 146 146 -9999 -9999 -9999 -9999 -9999 -9999 -9999 -9999 -9999 -9999 -9999 -9999 -9999 -9999
-9999 26 26 27 26 26 26 27 27 27 26 25 23 21 21 19 19 19 16 15 24 30 32 36 31 28 34 25 35 29 28 24 23 19 13 13 15 19 22 28 31 34 35 35 39 47 70 97 114 121 123 127 132 136 137 140 142 142 143 142 144 144 144 144 144 144 144 145 145 145 145 145 146 146 146 146 146 147 144 144 -9999 -9999 -9999 -9999 -9999 -9999 -9999 -9999 -9999 -9999 -9999
-9999 27 27 28 27 27 27 27 27 26 26 24 21 19 18 16 16 16 15 14 14 18 22 23 24 14 17 26 21 13 17 17 16 14 14 19 26 22 22 28 36 38 35 34 39 50 71 97 115 121 122 124 128 131 132 135 135 135 134 133 134 137 141 142 142 143 143 143 144 145 145 146 146 147 147 147 147 147 147 148 143 141 -9999 -9999 -9999 -9999 -9999 -9999 -9999 -9999 -9999
-9999 28 28 28 27 27 27 28 28 27 26 24 21 18 16 16 16 15 15 14 13 13 14 14 15 11 17 16 15 9 11 13 11 16 20 19 22 25 24 29 32 35 33 35 39 55 78 101 115 119 122 123 123 127 131 131 129 128 128 125 126 128 130 132 133 135 135 135 136 137 143 146 147 148 149 149 148 148 148 148 148 142 138 -9999 -9999 -9999 -9999 -9999 -9999 -9999 -9999
-9999 29 30 28 28 27 27 28 28 28 26 24 20 18 17 16 15 15 14 13 13 12 11 11 10 10 11 9 11 13 21 24 23 24 32 32 24 22 25 26 28 32 35 33 36 54 77 99 114 117 120 121 120 121 122 123 122 124 122 118 116 117 120 124 125 125 126 128 129 127 131 136 138 142 144 147 149 149 149 149 149 148 140 136 -9999 -9999 -9999 -9999 -9999 -9999 -9999
-9999 30 31 31 33 32 33 33 33 30 27 26 23 21 22 19 16 15 14 13 13 12 11 10 7 7 6 6 8 13 21 25 33 47 58 65 44 28 27 29 27 29 32 34 36 54 82 104 115 115 117 119 120 119 118 117 116 115 113 111 108 110 110 113 115 118 118 120 121 122 122 127 128 132 136 139 143 149 150 150 149 149 145 138 134 -9999 -9999 -9999 -9999 -9999 -9999
-9999 30 31 32 34 35 37 38 39 40 35 28 26 25 26 28 24 17 14 13 12 10 8 7 6 6 5 6 7 9 12 17 34 49 58 65 42 26 27 29 29 29 30 31 36 52 72 101 114 116 116 117 118 117 116 114 113 111 106 104 102 101 104 105 108 110 110 112 115 118 120 123 124 127 133 135 137 143 151 150 150 150 149 144 137 134 -9999 -9999 -9999 -9999 -9999
-9999 32 33 34 35 36 37 36 38 38 36 29 27 26 29 28 27 26 18 14 12 10 6 5 5 4 4 5 9 15 12 20 23 33 39 65 34 23 25 30 30 35 36 32 37 52 65 100 114 115 116 115 115 114 112 110 105 99 92 90 88 89 89 91 93 95 99 98 102 111 117 120 119 121 126 130 133 137 144 151 151 150 149 149 145 139 136 133 -9999 -9999 -9999
-9999 33 34 35 35 37 39 40 41 41 42 37 34 31 28 25 21 18 18 14 12 11 8 5 3 3 3 4 9 18 17 15 17 21 27 47 40 23 24 31 33 37 45 40 42 63 72 94 115 117 116 114 113 111 109 102 94 93 88 79 76 75 75 79 82 79 79 84 88 94 103 110 112 121 124 125 131 133 136 140 146 150 150 149 149 146 141 137 135 -9999 -9999
-9999 25 33 34 35 37 39 40 42 42 43 43 45 50 41 32 26 18 15 13 11 11 10 8 3 3 3 3 5 14 19 19 22 25 35 58 29 21 23 27 32 39 46 51 44 68 89 93 111 114 113 113 107 103 100 99 91 86 85 77 69 68 65 65 70 65 66 69 75 81 83 94 101 104 112 123 128 130 132 136 141 146 150 149 149 148 145 140 133 129 -9999
-9999 9 14 17 22 29 28 28 24 26 20 29 31 41 35 33 35 29 19 14 7 7 8 6 3 3 3 3 4 8 12 13 16 17 17 23 20 18 19 24 30 38 47 53 51 72 87 95 100 102 105 102 99 97 98 95 89 85 81 70 63 56 54 56 57 57 59 62 64 69 78 85 89 93 98 112 122 128 131 136 137 143 144 147 147 146 146 142 138 129 125
-9999 6 6 6 5 4 15 14 3 3 3 8 19 24 24 22 16 14 17 17 8 4 7 7 6 3 3 4 4 4 5 7 12 18 15 15 16 12 17 26 26 34 41 51 53 66 85 94 93 94 91 88 90 87 85 86 87 81 73 63 56 49 47 49 49 50 51 54 57 65 70 75 82 86 93 104 115 127 130 133 135 140 144 144 143 142 144 143 136 129 -9999
-9999 15 6 5 4 3 3 3 3 3 3 3 3 4 3 3 3 3 3 3 3 3 3 3 3 3 3 4 4 4 4 4 6 11 11 9 8 8 19 32 31 29 37 47 56 66 81 86 87 86 82 78 78 83 87 84 80 75 66 56 50 46 46 44 45 46 46 49 51 56 64 72 76 81 86 97 108 120 132 134 137 139 141 142 142 143 143 138 130 130 -9999
-9999 31 19 17 18 3 3 3 3 3 3 3 3 3 3 3 3 3 3 3 3 3 3 3 3 3 4 4 4 4 4 4 4 4 4 4 8 7 13 40 54 51 43 48 60 64 74 80 81 76 79 80 84 78 78 82 77 69 60 53 48 45 41 41 40 40 42 43 47 51 60 65 70 74 79 87 99 117 131 134 137 141 141 142 143 141 140 133 129 -9999 -9999
-9999 38 38 35 30 26 3 3 3 3 3 3 3 3 3 3 3 3 3 3 3 3 3 3 4 4 4 4 4 4 4 4 4 4 4 4 4 5 6 17 40 41 46 34 47 60 65 69 72 72 72 69 -9999 -9999 -9999 -9999 -9999 60 54 52 47 42 39 40 40 40 42 43 44 49 54 59 62 66 70 77 92 108 123 132 135 139 141 142 142 139 133 128 -9999 -9999 -9999
-9999 40 41 42 42 37 25 6 3 3 3 4 3 3 3 3 3 3 3 3 3 3 3 4 8 10 6 4 4 4 4 4 4 -9999 -9999 -9999 4 4 4 9 16 18 19 23 39 54 58 61 62 63 -9999 -9999 -9999 -9999 -9999 -9999 -9999 40 40 -9999 40 38 38 -9999 -9999 -9999 -9999 -9999 -9999 -9999 50 54 55 57 61 71 85 96 115 127 134 138 139 137 135 133 128 123 -9999 -9999 -9999
-9999 50 53 52 48 44 45 46 37 26 18 12 8 4 3 3 3 3 3 3 3 4 4 4 6 12 17 7 4 4 4 4 4 -9999 -9999 -9999 4 4 4 4 9 12 14 17 28 44 48 52 51 -9999 -9999 -9999 -9999 -9999 -9999 -9999 -9999 -9999 -9999 -9999 -9999 -9999 -9999 -9999 -9999 -9999 -9999 -9999 -9999 -9999 -9999 -9999 -9999 47 47 -9999 -9999 95 101 117 129 132 132 129 128 126 124 123 -9999 -9999 -9999
