Humedad_Suelo_ASC/terraclimate_soil_1974.txt
ncols         92
nrows         62
xllcorner     -72.083333333358
yllcorner     17.458333333309
cellsize      0.041666666666657
NODATA_value  -9999
[rows 0 to 39 of 62, columns 0 to 90 of 92]
-9999 -9999 -9999 -9999 -9999 -9999 -9999 -9999 -9999 -9999 -9999 -9999 -9999 -9999 -9999 -9999 -9999 -9999 -9999 -9999 -9999 -9999 -9999 -9999 -9999 -9999 -9999 -9999 -9999 -9999 -9999 -9999 -9999 -9999 -9999 -9999 -9999 -9999 -9999 -9999 -9999 -9999 -9999 -9999 -9999 -9999 -9999 -9999 -9999 -9999 -9999 -9999 -9999 -9999 -9999 -9999 -9999 -9999 -9999 -9999 -9999 -9999 -9999 -9999 -9999 -9999 -9999 -9999 -9999 -9999 -9999 -9999 -9999 -9999 -9999 -9999 -9999 -9999 -9999 -9999 -9999 -9999 -9999 -9999 -9999 -9999 -9999 -9999 -9999 -9999 -9999
-9999 -9999 -9999 -9999 -9999 -9999 -9999 -9999 -9999 -9999 -9999 -9999 -9999 -9999 -9999 -9999 -9999 -9999 -9999 -9999 -9999 -9999 -9999 -9999 -9999 -9999 -9999 -9999 -9999 -9999 -9999 -9999 -9999 -9999 -9999 -9999 -9999 -9999 -9999 -9999 -9999 -9999 -9999 -9999 -9999 -9999 -9999 -9999 -9999 -9999 -9999 -9999 -9999 -9999 -9999 -9999 -9999 -9999 -9999 -9999 -9999 -9999 -9999 -9999 -9999 -9999 -9999 -9999 -9999 -9999 -9999 -9999 -9999 -9999 -9999 -9999 -9999 -9999 -9999 -9999 -9999 -9999 -9999 -9999 -9999 -9999 -9999 -9999 -9999 -9999 -9999
-9999 -9999 -9999 -9999 -9999 -9999 -9999 -9999 -9999 -9999 -9999 -9999 -9999 -9999 -9999 -9999 -9999 -9999 -9999 -9999 -9999 -9999 -9999 -9999 135 159 181 -9999 -9999 -9999 -9999 -9999 -9999 -9999 -9999 -9999 -9999 -9999 -9999 -9999 -9999 -9999 -9999 -9999 -9999 -9999 -9999 -9999 -9999 -9999 -9999 -9999 -9999 -9999 -9999 -9999 -9999 -9999 -9999 -9999 -9999 -9999 -9999 -9999 -9999 -9999 -9999 -9999 -9999 -9999 -9999 -9999 -9999 -9999 -9999 -9999 -9999 -9999 -9999 -9999 -9999 -9999 -9999 -9999 -9999 -9999 -9999 -9999 -9999 -9999 -9999
-9999 -9999 -9999 -9999 -9999 -9999 28 -9999 -9999 -9999 5 4 5 6 7 8 -9999 -9999 -9999 -9999 -9999 -9999 -9999 -9999 135 176 200 198 196 193 191 -9999 -9999 -9999 -9999 -9999 -9999 -9999 -9999 -9999 -9999 -9999 -9999 -9999 -9999 -9999 -9999 -9999 -9999 -9999 -9999 -9999 -9999 -9999 -9999 -9999 -9999 -9999 -9999 -9999 -9999 -9999 -9999 -9999 -9999 -9999 -9999 -9999 -9999 -9999 -9999 -9999 -9999 -9999 -9999 -9999 -9999 -9999 -9999 -9999 -9999 -9999 -9999 -9999 -9999 -9999 -9999 -9999 -9999 -9999 -9999
-9999 -9999 -9999 -9999 -9999 -9999 -9999 -9999 -9999 6 6 5 4 6 11 10 15 17 24 29 48 62 82 102 126 163 205 203 200 197 194 191 188 -9999 -9999 -9999 -9999 -9999 -9999 -9999 -9999 -9999 -9999 -9999 -9999 -9999 -9999 -9999 -9999 -9999 -9999 -9999 -9999 -9999 -9999 -9999 -9999 -9999 -9999 -9999 -9999 -9999 -9999 -9999 -9999 -9999 -9999 -9999 -9999 -9999 -9999 -9999 -9999 -9999 -9999 -9999 -9999 -9999 -9999 -9999 -9999 -9999 -9999 -9999 -9999 -9999 -9999 -9999 -9999 -9999 -9999
-9999 -9999 -9999 -9999 -9999 -9999 -9999 4 4 4 4 5 4 4 5 12 23 36 40 39 42 61 79 99 117 144 182 207 204 200 197 194 190 187 -9999 -9999 -9999 -9999 -9999 -9999 -9999 -9999 -9999 -9999 -9999 -9999 -9999 -9999 -9999 -9999 -9999 -9999 -9999 -9999 -9999 -9999 -9999 -9999 -9999 -9999 -9999 -9999 -9999 -9999 -9999 -9999 -9999 -9999 -9999 -9999 -9999 -9999 -9999 -9999 -9999 -9999 -9999 -9999 -9999 -9999 -9999 -9999 -9999 -9999 -9999 -9999 -9999 -9999 -9999 -9999 -9999
-9999 -9999 -9999 -9999 -9999 -9999 -9999 5 4 4 4 4 4 4 5 6 14 31 38 51 69 127 147 124 130 145 179 212 208 204 200 196 192 188 184 180 177 173 170 169 -9999 -9999 -9999 -9999 -9999 -9999 -9999 -9999 -9999 -9999 -9999 -9999 -9999 -9999 -9999 -9999 -9999 -9999 -9999 -9999 -9999 -9999 -9999 -9999 -9999 -9999 -9999 -9999 -9999 -9999 -9999 -9999 -9999 -9999 -9999 -9999 -9999 -9999 -9999 -9999 -9999 -9999 -9999 -9999 -9999 -9999 -9999 -9999 -9999 -9999 -9999
-9999 43 29 22 19 16 13 -9999 4 4 4 4 4 4 4 4 4 5 12 24 33 53 97 158 193 167 182 214 212 207 203 198 194 190 185 181 176 172 169 168 167 -9999 -9999 -9999 -9999 -9999 -9999 -9999 -9999 -9999 -9999 -9999 -9999 -9999 -9999 -9999 -9999 -9999 -9999 -9999 -9999 -9999 -9999 -9999 -9999 -9999 -9999 -9999 -9999 -9999 -9999 -9999 -9999 -9999 -9999 -9999 -9999 -9999 -9999 -9999 -9999 -9999 -9999 -9999 -9999 -9999 -9999 -9999 -9999 -9999 -9999
-9999 43 32 27 20 18 15 12 10 7 6 6 6 5 5 5 5 5 5 5 8 20 35 65 114 175 226 221 216 211 206 201 196 191 186 181 176 171 168 167 166 164 163 -9999 -9999 -9999 -9999 -9999 157 156 155 155 -9999 -9999 -9999 -9999 -9999 -9999 -9999 -9999 -9999 -9999 -9999 -9999 -9999 -9999 -9999 -9999 -9999 -9999 -9999 -9999 -9999 -9999 -9999 -9999 -9999 -9999 -9999 -9999 -9999 -9999 -9999 -9999 -9999 -9999 -9999 -9999 -9999 -9999 -9999
-9999 52 46 31 26 20 19 17 16 17 18 16 15 9 9 8 7 8 6 6 6 6 8 21 34 53 102 190 220 214 209 203 198 192 187 181 176 170 167 166 165 164 162 161 160 159 -9999 157 156 155 154 154 154 -9999 -9999 -9999 -9999 -9999 -9999 -9999 -9999 -9999 -9999 -9999 -9999 -9999 -9999 -9999 -9999 -9999 -9999 -9999 -9999 -9999 -9999 -9999 -9999 -9999 -9999 -9999 -9999 -9999 -9999 -9999 -9999 -9999 -9999 -9999 -9999 -9999 -9999
-9999 64 68 54 54 25 23 21 22 22 24 24 24 23 21 20 16 28 22 14 9 8 7 7 10 21 38 67 120 188 212 206 200 194 187 181 175 169 166 165 164 163 161 160 159 158 157 156 155 154 153 153 153 -9999 -9999 -9999 -9999 -9999 -9999 -9999 -9999 -9999 -9999 -9999 -9999 -9999 -9999 -9999 -9999 -9999 -9999 -9999 -9999 -9999 -9999 -9999 -9999 -9999 -9999 -9999 -9999 -9999 -9999 -9999 -9999 -9999 -9999 -9999 -9999 -9999 -9999
-9999 61 61 64 46 33 29 26 26 28 30 29 28 29 31 27 23 28 39 32 26 20 13 9 7 8 16 33 56 89 131 186 201 195 188 182 175 168 165 164 163 162 161 160 158 157 156 155 154 153 153 153 152 -9999 -9999 -9999 -9999 -9999 -9999 -9999 -9999 -9999 -9999 -9999 -9999 -9999 -9999 -9999 -9999 -9999 -9999 -9999 -9999 -9999 -9999 -9999 -9999 -9999 -9999 -9999 -9999 -9999 -9999 -9999 -9999 -9999 -9999 -9999 -9999 -9999 -9999
-9999 48 56 67 53 53 41 37 34 34 42 43 38 37 33 30 29 31 34 37 43 36 32 18 11 11 11 19 30 41 61 81 106 148 189 182 175 168 164 163 162 161 160 159 158 157 156 155 154 153 152 152 152 152 -9999 -9999 -9999 -9999 -9999 -9999 -9999 -9999 -9999 -9999 -9999 -9999 -9999 -9999 -9999 -9999 -9999 -9999 -9999 -9999 -9999 -9999 -9999 -9999 -9999 -9999 -9999 -9999 -9999 -9999 -9999 -9999 -9999 -9999 -9999 -9999 -9999
-9999 30 39 56 60 72 66 75 50 42 56 89 64 47 43 37 34 35 36 36 41 42 43 28 24 19 15 24 35 37 39 47 59 73 97 126 172 165 161 160 160 159 158 157 156 155 155 154 153 152 152 151 151 -9999 -9999 -9999 -9999 -9999 -9999 -9999 -9999 -9999 -9999 -9999 -9999 -9999 -9999 -9999 -9999 -9999 -9999 -9999 -9999 -9999 -9999 -9999 -9999 -9999 -9999 -9999 -9999 -9999 -9999 -9999 -9999 -9999 -9999 -9999 -9999 -9999 -9999
-9999 33 32 43 54 66 78 77 77 65 63 95 104 81 52 44 47 44 41 41 47 48 52 32 35 33 27 33 53 65 50 34 36 42 57 72 95 123 158 157 156 156 155 155 154 154 153 153 152 152 151 151 151 151 -9999 -9999 -9999 -9999 -9999 -9999 -9999 -9999 -9999 -9999 -9999 -9999 -9999 -9999 -9999 -9999 -9999 -9999 -9999 -9999 -9999 -9999 -9999 -9999 -9999 -9999 -9999 -9999 -9999 -9999 -9999 -9999 -9999 -9999 -9999 -9999 -9999
-9999 23 25 34 46 59 69 81 88 91 95 102 104 84 65 56 56 69 64 54 66 62 53 44 53 53 40 34 41 57 56 34 26 32 39 50 61 77 91 115 147 153 153 153 152 152 152 152 151 151 151 151 151 150 -9999 -9999 -9999 -9999 -9999 -9999 -9999 -9999 -9999 -9999 -9999 -9999 -9999 -9999 -9999 -9999 -9999 -9999 -9999 -9999 -9999 -9999 -9999 -9999 -9999 -9999 -9999 -9999 -9999 -9999 -9999 -9999 -9999 -9999 -9999 -9999 -9999
-9999 24 25 31 39 50 61 69 80 91 97 110 123 128 79 80 79 83 86 76 65 67 61 57 62 54 48 52 51 50 44 47 32 44 36 41 47 53 65 80 98 121 147 150 150 150 150 150 150 150 150 150 150 150 150 -9999 -9999 -9999 -9999 -9999 -9999 -9999 -9999 -9999 -9999 -9999 -9999 148 148 -9999 -9999 -9999 -9999 -9999 -9999 -9999 -9999 -9999 -9999 -9999 -9999 -9999 -9999 -9999 -9999 -9999 -9999 -9999 -9999 -9999 -9999
-9999 22 24 29 35 44 53 61 70 76 85 96 110 125 127 108 102 106 99 84 77 88 72 65 62 61 52 47 48 45 37 32 29 38 39 39 44 49 55 61 71 84 97 121 148 149 149 149 150 150 150 150 150 150 149 149 -9999 -9999 -9999 149 148 148 148 148 148 148 148 148 148 148 148 -9999 -9999 -9999 -9999 -9999 -9999 -9999 -9999 -9999 -9999 -9999 -9999 -9999 -9999 -9999 -9999 -9999 -9999 -9999 -9999
-9999 21 23 27 32 38 45 52 59 65 74 83 94 110 122 131 130 120 101 98 111 134 99 94 78 81 68 50 45 44 43 44 37 36 42 44 45 49 52 55 59 66 74 89 109 143 148 148 149 149 150 149 149 149 149 149 149 149 148 148 148 148 148 148 148 148 148 147 147 147 147 -9999 -9999 -9999 -9999 -9999 -9999 -9999 -9999 -9999 -9999 -9999 -9999 -9999 -9999 -9999 -9999 -9999 -9999 -9999 -9999
-9999 20 22 27 31 34 37 43 52 57 61 69 84 101 109 110 119 119 114 119 119 125 114 127 96 89 84 56 50 47 49 51 53 51 51 43 45 55 53 52 54 62 69 78 97 125 146 147 148 149 149 149 149 149 149 148 148 148 148 148 148 147 147 147 147 147 147 147 147 147 -9999 -9999 -9999 -9999 -9999 -9999 -9999 -9999 -9999 -9999 -9999 -9999 -9999 -9999 -9999 -9999 -9999 -9999 -9999 -9999 -9999
-9999 21 22 25 30 33 35 38 44 52 55 60 69 80 84 83 90 99 105 109 112 115 117 119 120 119 67 59 54 51 54 54 47 47 51 52 50 53 57 56 58 62 67 74 86 102 132 146 147 148 149 149 148 148 148 148 148 148 147 -9999 -9999 -9999 147 147 147 147 147 147 147 -9999 -9999 -9999 -9999 -9999 -9999 -9999 -9999 -9999 -9999 -9999 -9999 -9999 -9999 -9999 -9999 -9999 -9999 -9999 -9999 -9999 -9999
-9999 21 22 24 26 29 32 34 37 41 43 50 56 60 68 76 76 80 76 76 82 92 99 100 98 78 102 80 59 63 58 50 44 41 42 46 58 65 70 72 73 75 79 81 88 101 127 145 146 148 148 148 148 148 148 148 147 147 147 -9999 -9999 -9999 -9999 -9999 -9999 -9999 -9999 -9999 -9999 -9999 -9999 -9999 -9999 -9999 -9999 -9999 -9999 -9999 -9999 -9999 -9999 -9999 -9999 -9999 -9999 -9999 -9999 -9999 -9999 -9999 -9999
-9999 22 23 24 25 27 29 31 34 36 39 42 48 52 60 64 63 64 61 59 67 73 79 85 81 78 87 99 100 98 63 43 43 44 46 51 56 74 74 90 101 95 99 104 108 117 140 144 146 147 148 148 148 147 147 147 147 147 147 -9999 146 146 146 146 146 -9999 -9999 -9999 -9999 -9999 -9999 -9999 -9999 -9999 -9999 -9999 -9999 -9999 -9999 -9999 -9999 -9999 -9999 -9999 -9999 -9999 -9999 -9999 -9999 -9999 -9999
-9999 23 23 25 26 27 28 29 31 33 35 38 41 45 49 52 51 49 44 44 54 61 66 70 72 73 76 87 82 48 35 35 36 41 43 42 60 75 85 113 125 131 133 135 137 139 141 143 145 147 148 147 147 147 147 147 146 146 146 146 146 146 146 146 146 146 146 -9999 -9999 -9999 -9999 -9999 -9999 -9999 -9999 -9999 -9999 -9999 -9999 -9999 -9999 -9999 -9999 -9999 -9999 -9999 -9999 -9999 -9999 -9999 -9999
-9999 24 24 25 26 26 27 28 30 31 31 33 34 36 38 40 40 40 38 36 38 42 48 51 53 57 59 64 77 76 74 57 62 78 47 35 45 68 75 124 126 128 130 133 135 137 139 142 144 146 147 147 147 147 146 146 146 146 146 146 145 145 145 145 145 145 145 145 145 145 145 145 -9999 145 146 132 115 -9999 -9999 -9999 -9999 -9999 -9999 -9999 -9999 -9999 -9999 -9999 -9999 -9999 -9999
-9999 25 25 25 26 27 27 28 29 30 30 31 31 32 33 33 33 34 32 31 36 39 41 43 42 43 46 48 62 68 68 71 74 65 32 28 38 62 73 124 127 129 131 133 135 137 139 141 144 146 147 146 146 146 146 145 145 145 144 144 144 144 144 144 144 144 144 145 145 145 145 145 146 146 146 146 139 111 87 69 -9999 -9999 -9999 -9999 -9999 -9999 -9999 -9999 -9999 -9999 -9999
-9999 25 25 26 26 27 28 28 29 30 30 31 31 31 30 29 30 31 28 26 28 37 39 41 37 31 36 44 46 28 43 46 43 32 33 57 96 74 65 130 131 133 134 136 137 139 141 142 144 145 146 144 145 145 143 143 141 140 140 138 138 141 141 142 142 143 143 144 144 145 145 146 146 147 147 147 147 147 125 89 61 46 -9999 -9999 -9999 -9999 -9999 -9999 -9999 -9999 -9999
-9999 25 26 27 27 28 29 30 31 31 31 31 31 30 29 28 29 28 27 25 25 27 28 30 32 24 36 33 31 21 22 23 21 35 58 54 63 72 73 122 136 137 138 139 140 141 142 143 144 145 142 140 133 136 141 130 123 122 119 117 121 127 131 134 137 139 138 138 139 140 145 146 147 148 149 149 148 148 148 136 90 44 34 -9999 -9999 -9999 -9999 -9999 -9999 -9999 -9999
-9999 26 27 27 28 29 30 30 32 31 31 31 32 31 30 29 27 26 25 23 23 23 23 23 22 22 23 22 23 25 52 62 67 70 85 103 67 52 67 77 108 132 141 142 142 143 143 144 144 139 134 126 118 115 112 104 102 106 103 99 98 100 105 111 114 115 119 125 125 120 127 126 114 144 138 129 146 149 149 149 110 60 32 28 -9999 -9999 -9999 -9999 -9999 -9999 -9999
-9999 27 28 29 30 31 32 33 34 34 33 33 33 35 35 35 30 27 24 23 23 22 22 22 21 22 21 21 21 25 48 59 69 79 85 103 110 89 66 71 72 116 129 144 145 145 145 145 141 130 123 118 110 105 97 90 88 86 85 84 82 85 85 89 93 96 98 101 103 96 85 76 72 77 76 78 85 95 150 150 149 76 35 27 23 -9999 -9999 -9999 -9999 -9999 -9999
-9999 27 28 29 31 32 34 35 37 37 36 35 35 36 38 38 37 34 27 24 23 22 22 21 21 21 20 21 21 22 23 31 65 77 88 105 111 68 66 70 73 94 120 127 143 147 142 145 135 126 117 112 106 99 90 82 80 78 73 71 70 69 71 73 76 78 80 81 83 68 61 57 53 51 66 57 56 85 127 149 142 96 62 31 24 20 -9999 -9999 -9999 -9999 -9999
-9999 29 30 31 32 33 34 35 36 37 38 37 36 37 38 38 38 38 37 27 23 22 21 21 21 20 20 20 22 27 24 38 55 69 79 96 98 45 50 69 74 89 115 127 128 134 128 134 128 118 111 105 99 92 82 75 71 69 64 62 61 61 61 64 65 67 69 62 56 52 48 44 39 39 49 44 53 53 60 78 114 121 77 46 31 23 18 16 -9999 -9999 -9999
-9999 29 31 32 32 34 36 37 38 39 39 39 39 40 39 38 37 36 36 28 24 24 23 22 20 20 20 20 23 34 32 26 31 41 69 93 108 49 45 65 72 86 113 133 118 125 120 121 119 115 107 98 91 84 77 70 65 64 61 56 54 53 52 56 54 47 44 44 41 40 35 34 34 37 39 31 43 41 36 42 48 69 66 53 45 30 21 16 15 -9999 -9999
-9999 28 30 31 32 33 35 37 39 41 42 43 45 48 44 41 39 36 29 27 24 24 24 24 21 20 20 21 22 27 35 33 44 57 79 99 68 40 40 49 64 84 94 111 111 116 118 110 109 103 98 91 83 77 72 67 62 59 57 53 49 47 45 39 37 35 34 34 33 33 29 31 31 31 30 27 26 26 26 31 33 37 42 43 44 40 27 18 14 12 -9999
-9999 23 27 29 30 31 32 33 35 36 36 39 40 45 45 43 42 40 37 28 24 24 24 23 21 20 20 21 21 24 25 26 28 29 30 42 34 28 31 42 53 67 80 90 105 107 110 104 98 91 87 82 77 73 69 64 60 56 53 47 42 36 33 32 31 29 28 28 28 27 26 28 28 27 27 25 22 23 24 26 28 31 34 34 34 35 32 23 15 12 11
-9999 23 23 24 23 24 30 29 21 24 24 28 35 39 40 39 31 29 33 34 25 22 24 24 23 21 20 21 21 22 23 24 26 31 28 27 28 27 29 46 48 56 66 73 86 96 102 99 91 84 78 73 71 67 62 59 57 53 49 39 33 31 29 28 26 25 24 25 25 24 24 25 25 24 24 23 22 22 22 24 26 30 33 32 31 30 29 23 15 13 -9999
-9999 27 24 23 23 22 19 19 16 13 10 11 18 24 23 21 22 15 16 22 21 19 19 20 19 19 20 21 21 22 23 24 25 27 27 27 27 27 33 59 54 50 57 64 75 89 93 90 84 78 72 66 63 62 61 56 53 46 39 32 29 27 25 25 24 22 22 22 22 22 22 23 23 23 22 22 22 22 23 25 28 30 31 32 30 29 27 19 15 13 -9999
-9999 32 31 30 31 24 23 20 13 10 5 3 2 3 3 3 4 3 3 4 9 17 17 18 18 19 20 21 21 22 23 23 24 25 26 27 27 28 29 66 77 71 63 63 60 71 82 81 76 70 69 66 60 51 48 50 43 37 32 29 27 24 23 22 21 20 19 19 20 21 22 22 22 22 22 21 21 22 23 25 28 31 33 32 30 28 26 17 15 -9999 -9999
-9999 34 35 34 34 34 24 21 16 9 4 2 2 2 2 2 2 3 3 3 7 12 15 18 21 21 21 21 21 22 22 23 23 24 25 26 26 28 29 32 60 60 61 44 43 55 57 56 58 55 51 46 -9999 -9999 -9999 -9999 -9999 29 27 26 24 23 22 21 21 19 17 17 18 19 20 20 20 20 20 20 21 22 22 24 28 33 33 34 31 26 19 17 -9999 -9999 -9999
-9999 36 38 39 38 37 36 27 23 17 21 23 14 2 2 3 3 3 3 6 9 13 17 22 26 27 25 23 22 22 22 23 24 -9999 -9999 -9999 27 28 29 29 31 31 31 33 34 38 41 40 39 40 -9999 -9999 -9999 -9999 -9999 -9999 -9999 25 25 -9999 23 22 22 -9999 -9999 -9999 -9999 -9999 -9999 -9999 19 19 19 19 19 19 20 21 22 23 26 31 31 28 24 22 20 17 -9999 -9999 -9999
