Humedad_Suelo_ASC/terraclimate_soil_1979.txt
ncols         92
nrows         62
xllcorner     -72.083333333358
yllcorner     17.458333333309
cellsize      0.041666666666657
NODATA_value  -9999
[rows 0 to 39 of 62, columns 0 to 90 of 92]
-9999 -9999 -9999 -9999 -9999 -9999 -9999 -9999 -9999 -9999 -9999 -9999 -9999 -9999 -9999 -9999 -9999 -9999 -9999 -9999 -9999 -9999 -9999 -9999 -9999 -9999 -9999 -9999 -9999 -9999 -9999 -9999 -9999 -9999 -9999 -9999 -9999 -9999 -9999 -9999 -9999 -9999 -9999 -9999 -9999 -9999 -9999 -9999 -9999 -9999 -9999 -9999 -9999 -9999 -9999 -9999 -9999 -9999 -9999 -9999 -9999 -9999 -9999 -9999 -9999 -9999 -9999 -9999 -9999 -9999 -9999 -9999 -9999 -9999 -9999 -9999 -9999 -9999 -9999 -9999 -9999 -9999 -9999 -9999 -9999 -9999 -9999 -9999 -9999 -9999 -9999
-9999 -9999 -9999 -9999 -9999 -9999 -9999 -9999 -9999 -9999 -9999 -9999 -9999 -9999 -9999 -9999 -9999 -9999 -9999 -9999 -9999 -9999 -9999 -9999 -9999 -9999 -9999 -9999 -9999 -9999 -9999 -9999 -9999 -9999 -9999 -9999 -9999 -9999 -9999 -9999 -9999 -9999 -9999 -9999 -9999 -9999 -9999 -9999 -9999 -9999 -9999 -9999 -9999 -9999 -9999 -9999 -9999 -9999 -9999 -9999 -9999 -9999 -9999 -9999 -9999 -9999 -9999 -9999 -9999 -9999 -9999 -9999 -9999 -9999 -9999 -9999 -9999 -9999 -9999 -9999 -9999 -9999 -9999 -9999 -9999 -9999 -9999 -9999 -9999 -9999 -9999
-9999 -9999 -9999 -9999 -9999 -9999 -9999 -9999 -9999 -9999 -9999 -9999 -9999 -9999 -9999 -9999 -9999 -9999 -9999 -9999 -9999 -9999 -9999 -9999 35 45 51 -9999 -9999 -9999 -9999 -9999 -9999 -9999 -9999 -9999 -9999 -9999 -9999 -9999 -9999 -9999 -9999 -9999 -9999 -9999 -9999 -9999 -9999 -9999 -9999 -9999 -9999 -9999 -9999 -9999 -9999 -9999 -9999 -9999 -9999 -9999 -9999 -9999 -9999 -9999 -9999 -9999 -9999 -9999 -9999 -9999 -9999 -9999 -9999 -9999 -9999 -9999 -9999 -9999 -9999 -9999 -9999 -9999 -9999 -9999 -9999 -9999 -9999 -9999 -9999
-9999 -9999 -9999 -9999 -9999 -9999 24 -9999 -9999 -9999 14 13 14 14 14 13 -9999 -9999 -9999 -9999 -9999 -9999 -9999 -9999 38 53 59 60 67 72 74 -9999 -9999 -9999 -9999 -9999 -9999 -9999 -9999 -9999 -9999 -9999 -9999 -9999 -9999 -9999 -9999 -9999 -9999 -9999 -9999 -9999 -9999 -9999 -9999 -9999 -9999 -9999 -9999 -9999 -9999 -9999 -9999 -9999 -9999 -9999 -9999 -9999 -9999 -9999 -9999 -9999 -9999 -9999 -9999 -9999 -9999 -9999 -9999 -9999 -9999 -9999 -9999 -9999 -9999 -9999 -9999 -9999 -9999 -9999 -9999
-9999 -9999 -9999 -9999 -9999 -9999 -9999 -9999 -9999 13 14 14 14 15 17 16 16 15 16 16 18 20 24 29 37 48 59 65 75 84 86 81 88 -9999 -9999 -9999 -9999 -9999 -9999 -9999 -9999 -9999 -9999 -9999 -9999 -9999 -9999 -9999 -9999 -9999 -9999 -9999 -9999 -9999 -9999 -9999 -9999 -9999 -9999 -9999 -9999 -9999 -9999 -9999 -9999 -9999 -9999 -9999 -9999 -9999 -9999 -9999 -9999 -9999 -9999 -9999 -9999 -9999 -9999 -9999 -9999 -9999 -9999 -9999 -9999 -9999 -9999 -9999 -9999 -9999 -9999
-9999 -9999 -9999 -9999 -9999 -9999 -9999 14 13 13 13 13 13 14 15 17 20 23 23 20 20 25 27 32 38 46 54 64 83 99 100 104 101 101 -9999 -9999 -9999 -9999 -9999 -9999 -9999 -9999 -9999 -9999 -9999 -9999 -9999 -9999 -9999 -9999 -9999 -9999 -9999 -9999 -9999 -9999 -9999 -9999 -9999 -9999 -9999 -9999 -9999 -9999 -9999 -9999 -9999 -9999 -9999 -9999 -9999 -9999 -9999 -9999 -9999 -9999 -9999 -9999 -9999 -9999 -9999 -9999 -9999 -9999 -9999 -9999 -9999 -9999 -9999 -9999 -9999
-9999 -9999 -9999 -9999 -9999 -9999 -9999 13 12 12 12 12 12 13 14 14 17 21 23 28 34 70 80 53 50 50 61 74 81 97 114 129 126 128 110 112 125 134 135 133 -9999 -9999 -9999 -9999 -9999 -9999 -9999 -9999 -9999 -9999 -9999 -9999 -9999 -9999 -9999 -9999 -9999 -9999 -9999 -9999 -9999 -9999 -9999 -9999 -9999 -9999 -9999 -9999 -9999 -9999 -9999 -9999 -9999 -9999 -9999 -9999 -9999 -9999 -9999 -9999 -9999 -9999 -9999 -9999 -9999 -9999 -9999 -9999 -9999 -9999 -9999
-9999 42 29 26 23 19 16 -9999 11 11 11 12 12 12 12 12 13 15 17 19 22 29 51 91 110 78 78 80 90 101 113 133 132 128 124 119 131 136 141 140 135 -9999 -9999 -9999 -9999 -9999 -9999 -9999 -9999 -9999 -9999 -9999 -9999 -9999 -9999 -9999 -9999 -9999 -9999 -9999 -9999 -9999 -9999 -9999 -9999 -9999 -9999 -9999 -9999 -9999 -9999 -9999 -9999 -9999 -9999 -9999 -9999 -9999 -9999 -9999 -9999 -9999 -9999 -9999 -9999 -9999 -9999 -9999 -9999 -9999 -9999
-9999 36 29 27 24 20 17 13 11 11 11 12 12 12 12 12 13 14 14 15 17 20 23 32 56 94 142 140 116 121 115 122 124 120 115 116 123 128 134 138 134 133 138 -9999 -9999 -9999 -9999 -9999 130 129 127 124 -9999 -9999 -9999 -9999 -9999 -9999 -9999 -9999 -9999 -9999 -9999 -9999 -9999 -9999 -9999 -9999 -9999 -9999 -9999 -9999 -9999 -9999 -9999 -9999 -9999 -9999 -9999 -9999 -9999 -9999 -9999 -9999 -9999 -9999 -9999 -9999 -9999 -9999 -9999
-9999 34 34 29 26 22 20 18 16 17 17 16 15 13 14 14 13 14 14 15 15 16 18 20 23 29 47 112 147 132 128 122 126 126 117 106 106 110 119 129 134 142 144 142 139 137 -9999 131 131 131 130 129 120 -9999 -9999 -9999 -9999 -9999 -9999 -9999 -9999 -9999 -9999 -9999 -9999 -9999 -9999 -9999 -9999 -9999 -9999 -9999 -9999 -9999 -9999 -9999 -9999 -9999 -9999 -9999 -9999 -9999 -9999 -9999 -9999 -9999 -9999 -9999 -9999 -9999 -9999
-9999 30 33 35 35 26 25 23 23 22 25 24 24 23 21 20 16 32 25 17 16 16 17 18 19 22 27 35 61 101 121 139 145 136 137 113 95 99 110 115 124 139 140 140 137 136 133 131 130 129 130 132 121 -9999 -9999 -9999 -9999 -9999 -9999 -9999 -9999 -9999 -9999 -9999 -9999 -9999 -9999 -9999 -9999 -9999 -9999 -9999 -9999 -9999 -9999 -9999 -9999 -9999 -9999 -9999 -9999 -9999 -9999 -9999 -9999 -9999 -9999 -9999 -9999 -9999 -9999
-9999 27 27 34 32 28 28 27 27 28 31 30 28 31 35 28 24 33 42 38 31 23 19 18 17 19 22 26 32 45 68 94 125 132 142 131 135 126 111 103 113 129 136 135 131 130 133 132 129 127 127 123 116 -9999 -9999 -9999 -9999 -9999 -9999 -9999 -9999 -9999 -9999 -9999 -9999 -9999 -9999 -9999 -9999 -9999 -9999 -9999 -9999 -9999 -9999 -9999 -9999 -9999 -9999 -9999 -9999 -9999 -9999 -9999 -9999 -9999 -9999 -9999 -9999 -9999 -9999
-9999 22 24 33 35 35 33 32 32 33 39 41 38 39 36 33 32 37 40 42 48 42 38 22 19 21 22 24 26 29 34 40 49 68 100 115 136 130 124 109 119 125 128 125 124 128 131 130 127 126 123 117 112 113 -9999 -9999 -9999 -9999 -9999 -9999 -9999 -9999 -9999 -9999 -9999 -9999 -9999 -9999 -9999 -9999 -9999 -9999 -9999 -9999 -9999 -9999 -9999 -9999 -9999 -9999 -9999 -9999 -9999 -9999 -9999 -9999 -9999 -9999 -9999 -9999 -9999
-9999 20 23 30 39 51 53 59 40 38 47 81 60 48 45 42 40 41 43 43 46 47 48 34 30 24 22 30 38 35 31 31 36 39 45 56 78 106 122 120 121 127 124 120 121 125 125 127 126 123 120 118 114 -9999 -9999 -9999 -9999 -9999 -9999 -9999 -9999 -9999 -9999 -9999 -9999 -9999 -9999 -9999 -9999 -9999 -9999 -9999 -9999 -9999 -9999 -9999 -9999 -9999 -9999 -9999 -9999 -9999 -9999 -9999 -9999 -9999 -9999 -9999 -9999 -9999 -9999
-9999 22 23 29 38 49 61 64 58 48 51 90 108 82 53 47 52 50 47 48 53 53 55 38 40 39 33 38 53 57 39 28 28 29 32 36 42 53 68 99 117 120 118 114 115 117 120 122 123 123 121 119 117 116 -9999 -9999 -9999 -9999 -9999 -9999 -9999 -9999 -9999 -9999 -9999 -9999 -9999 -9999 -9999 -9999 -9999 -9999 -9999 -9999 -9999 -9999 -9999 -9999 -9999 -9999 -9999 -9999 -9999 -9999 -9999 -9999 -9999 -9999 -9999 -9999 -9999
-9999 22 23 29 35 47 56 67 75 80 85 96 108 90 66 60 61 77 73 59 74 67 56 49 54 54 44 38 42 52 44 31 26 29 28 30 33 36 40 51 67 96 111 111 113 115 118 116 118 120 121 120 118 115 -9999 -9999 -9999 -9999 -9999 -9999 -9999 -9999 -9999 -9999 -9999 -9999 -9999 -9999 -9999 -9999 -9999 -9999 -9999 -9999 -9999 -9999 -9999 -9999 -9999 -9999 -9999 -9999 -9999 -9999 -9999 -9999 -9999 -9999 -9999 -9999 -9999
-9999 23 24 29 34 42 52 60 70 79 86 98 110 116 89 92 91 98 105 91 77 78 67 59 66 54 48 51 49 46 39 38 30 34 30 30 30 32 35 39 48 64 81 102 105 109 115 118 116 116 119 121 119 116 113 -9999 -9999 -9999 -9999 -9999 -9999 -9999 -9999 -9999 -9999 -9999 -9999 116 114 -9999 -9999 -9999 -9999 -9999 -9999 -9999 -9999 -9999 -9999 -9999 -9999 -9999 -9999 -9999 -9999 -9999 -9999 -9999 -9999 -9999 -9999
-9999 22 24 29 33 38 46 54 62 68 77 87 100 112 114 111 111 113 113 109 104 116 90 78 69 66 52 46 46 41 35 32 30 33 32 31 31 30 33 35 41 51 64 83 96 100 105 109 111 112 116 118 118 116 113 110 -9999 -9999 -9999 117 117 117 116 115 116 117 121 120 119 111 111 -9999 -9999 -9999 -9999 -9999 -9999 -9999 -9999 -9999 -9999 -9999 -9999 -9999 -9999 -9999 -9999 -9999 -9999 -9999 -9999
-9999 21 24 28 32 36 40 47 54 60 68 76 86 101 111 115 114 109 106 106 111 115 114 112 106 109 77 50 43 41 38 36 32 32 33 33 32 31 34 35 39 44 54 71 86 92 97 102 106 109 111 116 115 114 113 113 116 118 116 117 118 119 118 117 117 118 120 121 117 112 111 -9999 -9999 -9999 -9999 -9999 -9999 -9999 -9999 -9999 -9999 -9999 -9999 -9999 -9999 -9999 -9999 -9999 -9999 -9999 -9999
-9999 22 23 28 32 35 38 41 48 53 57 65 78 92 99 99 103 104 102 103 103 105 106 105 104 104 102 61 51 45 46 42 38 36 37 34 33 34 35 38 42 50 59 71 81 86 91 96 102 107 111 113 111 111 110 111 113 113 114 115 116 116 115 115 116 117 118 118 115 113 -9999 -9999 -9999 -9999 -9999 -9999 -9999 -9999 -9999 -9999 -9999 -9999 -9999 -9999 -9999 -9999 -9999 -9999 -9999 -9999 -9999
-9999 22 23 27 31 34 36 39 43 49 52 57 66 75 78 78 83 90 92 93 94 95 97 96 96 94 86 71 62 56 58 49 38 36 37 39 38 38 39 42 48 56 68 72 75 79 84 89 94 100 104 105 106 106 104 104 104 103 103 -9999 -9999 -9999 110 111 112 114 115 114 112 -9999 -9999 -9999 -9999 -9999 -9999 -9999 -9999 -9999 -9999 -9999 -9999 -9999 -9999 -9999 -9999 -9999 -9999 -9999 -9999 -9999 -9999
-9999 23 23 25 28 31 34 36 39 42 44 48 54 58 65 71 71 74 71 70 76 80 83 83 81 79 81 80 75 78 70 47 38 35 35 37 43 52 55 60 63 65 68 70 72 75 80 85 89 93 96 97 98 98 97 96 96 96 97 -9999 -9999 -9999 -9999 -9999 -9999 -9999 -9999 -9999 -9999 -9999 -9999 -9999 -9999 -9999 -9999 -9999 -9999 -9999 -9999 -9999 -9999 -9999 -9999 -9999 -9999 -9999 -9999 -9999 -9999 -9999 -9999
-9999 23 24 25 27 29 32 34 36 38 41 44 47 51 58 61 60 61 57 55 63 67 68 71 70 67 71 73 73 71 70 43 39 37 37 40 57 66 62 62 65 66 69 71 72 74 78 84 88 90 93 94 95 96 95 94 94 94 94 -9999 94 98 97 101 103 -9999 -9999 -9999 -9999 -9999 -9999 -9999 -9999 -9999 -9999 -9999 -9999 -9999 -9999 -9999 -9999 -9999 -9999 -9999 -9999 -9999 -9999 -9999 -9999 -9999 -9999
-9999 25 25 26 27 28 30 32 34 35 37 40 43 46 47 50 49 47 44 44 50 55 57 59 59 60 61 64 62 58 38 36 36 43 48 47 61 63 60 61 63 66 69 72 72 75 78 81 85 88 91 93 95 95 95 94 92 92 93 93 94 97 99 102 100 97 96 -9999 -9999 -9999 -9999 -9999 -9999 -9999 -9999 -9999 -9999 -9999 -9999 -9999 -9999 -9999 -9999 -9999 -9999 -9999 -9999 -9999 -9999 -9999 -9999
-9999 25 26 26 27 28 29 30 32 33 34 35 37 39 40 41 41 41 39 38 40 41 44 45 46 46 47 49 54 54 53 53 54 56 55 40 56 60 58 57 61 64 67 69 69 74 77 79 82 85 86 87 91 91 90 90 90 90 91 92 94 97 99 99 98 96 96 94 93 91 93 95 -9999 101 99 96 95 -9999 -9999 -9999 -9999 -9999 -9999 -9999 -9999 -9999 -9999 -9999 -9999 -9999 -9999
-9999 26 26 27 28 28 30 31 32 33 33 34 34 35 36 35 36 36 35 35 37 39 40 39 39 39 39 41 47 49 49 51 52 52 37 35 52 61 59 58 62 65 67 70 72 74 76 79 81 84 82 84 86 88 87 86 86 86 87 87 89 91 93 93 93 95 96 97 98 97 99 101 105 105 104 104 102 98 94 92 -9999 -9999 -9999 -9999 -9999 -9999 -9999 -9999 -9999 -9999 -9999
-9999 28 28 28 29 30 31 31 32 33 33 34 34 35 35 34 35 35 34 30 35 38 39 39 39 36 38 40 40 38 40 47 48 42 41 59 64 67 65 62 67 71 69 70 73 75 76 78 81 83 81 80 82 82 81 80 79 78 79 79 79 82 84 87 88 88 90 91 94 98 102 107 107 107 107 108 109 108 105 99 92 88 -9999 -9999 -9999 -9999 -9999 -9999 -9999 -9999 -9999
-9999 28 28 29 30 31 32 33 34 34 34 34 34 35 33 32 34 32 32 29 29 32 36 37 37 29 38 38 39 26 28 32 28 49 60 67 71 72 68 64 68 72 71 72 75 78 78 78 78 80 78 77 76 76 78 74 72 71 70 69 71 73 75 77 79 82 81 83 85 86 92 99 102 106 107 108 111 115 111 107 102 91 88 -9999 -9999 -9999 -9999 -9999 -9999 -9999 -9999
-9999 30 30 30 31 32 33 34 35 35 35 35 35 36 36 33 31 30 28 27 26 26 27 26 27 27 29 27 29 32 47 55 59 61 68 76 75 73 70 69 67 71 74 76 76 79 79 78 77 77 76 74 71 70 68 65 64 66 64 62 62 62 64 68 70 71 73 77 77 76 80 83 86 92 96 98 101 110 114 110 107 97 88 85 -9999 -9999 -9999 -9999 -9999 -9999 -9999
-9999 31 32 32 33 34 35 36 37 37 37 37 37 38 39 38 36 31 28 25 24 23 23 24 23 24 23 23 25 32 48 56 63 68 72 81 84 82 82 82 76 72 74 79 79 80 80 79 77 75 72 71 68 66 63 60 59 58 57 56 55 56 56 58 61 63 65 67 68 69 71 74 77 81 86 89 94 101 112 113 112 104 92 85 82 -9999 -9999 -9999 -9999 -9999 -9999
-9999 31 32 33 34 36 37 39 40 40 39 38 39 40 41 41 40 38 31 26 23 21 21 21 22 22 20 22 24 26 30 47 63 71 79 87 89 85 86 89 86 80 78 77 81 83 80 79 76 74 70 69 66 63 60 57 55 54 52 50 50 48 49 51 53 56 57 59 61 64 67 70 73 77 82 85 87 95 105 112 111 108 102 92 86 83 -9999 -9999 -9999 -9999 -9999
-9999 32 33 35 36 37 38 39 40 41 41 40 40 41 41 42 41 41 40 31 25 22 21 20 20 20 20 20 26 38 30 48 59 69 76 84 91 89 89 92 92 92 91 83 79 81 79 78 75 72 69 66 63 60 57 54 52 50 48 47 45 45 45 46 48 50 53 54 56 60 64 68 69 72 77 80 84 87 94 102 109 110 107 100 95 86 81 77 -9999 -9999 -9999
-9999 34 35 36 36 38 40 41 42 42 42 43 43 43 43 42 40 40 40 35 28 26 24 21 19 19 19 20 27 48 48 36 48 63 73 86 94 90 90 95 97 96 98 91 80 79 77 77 74 71 67 64 60 57 55 51 49 48 46 44 44 43 43 45 46 46 47 50 52 55 59 63 65 70 74 74 80 83 86 90 96 105 105 102 101 95 85 78 74 -9999 -9999
-9999 32 34 35 36 37 39 41 42 44 45 47 49 52 49 44 43 41 35 31 28 29 28 26 20 18 19 20 22 33 52 54 62 71 79 91 93 71 73 94 98 99 99 97 82 78 77 74 71 67 64 61 57 55 52 50 47 45 44 43 42 42 42 43 44 45 46 47 49 52 54 59 63 66 69 72 74 78 81 86 90 95 99 99 100 100 93 82 74 68 -9999
-9999 25 28 31 34 36 36 37 39 40 40 42 44 49 49 47 46 44 42 33 26 26 27 24 20 18 19 20 21 27 32 32 39 43 42 78 52 42 47 77 96 98 98 95 82 77 76 72 68 63 60 57 55 53 50 48 45 44 43 42 41 40 40 42 43 44 45 46 48 49 53 57 61 64 67 70 72 75 79 84 88 93 95 96 96 97 96 91 82 68 62
-9999 24 24 26 25 25 32 32 19 25 24 31 41 43 43 43 42 36 43 43 28 22 26 27 24 20 19 20 20 21 23 26 33 46 36 36 37 35 41 95 98 97 94 92 83 77 75 72 66 60 56 53 51 49 47 46 44 43 42 41 40 39 39 40 41 43 44 45 47 49 51 55 59 63 67 69 71 73 77 83 86 89 93 94 93 94 94 91 80 67 -9999
-9999 29 25 23 24 20 15 14 10 6 6 6 13 24 21 19 21 11 13 20 19 17 18 18 17 18 19 20 20 22 23 24 27 33 34 32 32 34 49 111 106 98 93 91 81 76 74 69 64 58 53 49 46 45 45 44 43 42 41 39 38 37 38 39 40 42 43 45 46 48 50 52 55 57 59 64 69 72 78 82 87 89 89 90 91 93 92 84 73 68 -9999
-9999 36 35 31 36 25 22 14 6 6 6 6 6 6 6 6 6 6 6 6 6 14 15 16 16 18 19 20 20 21 22 23 24 26 27 29 33 34 38 109 113 107 99 93 82 73 70 67 62 56 52 48 46 45 45 44 43 42 40 39 38 37 37 38 39 40 40 41 43 45 48 50 51 52 52 57 62 70 76 80 84 88 88 90 89 89 87 76 70 -9999 -9999
-9999 39 40 39 39 39 23 16 9 6 6 6 6 6 6 6 6 6 6 6 6 9 12 16 19 20 20 20 20 21 22 23 24 25 26 27 28 32 35 48 101 99 95 76 67 66 63 61 58 55 51 47 -9999 -9999 -9999 -9999 -9999 42 41 40 39 37 37 39 40 39 38 39 41 43 45 47 48 48 49 51 58 66 70 74 79 85 86 88 87 85 77 71 -9999 -9999 -9999
-9999 41 45 47 43 42 41 29 20 10 17 20 7 6 6 6 6 6 6 6 7 10 15 21 31 33 26 22 21 21 22 23 24 -9999 -9999 -9999 29 32 34 36 46 47 47 47 52 60 59 56 52 50 -9999 -9999 -9999 -9999 -9999 -9999 -9999 40 39 -9999 39 37 37 -9999 -9999 -9999 -9999 -9999 -9999 -9999 44 45 45 46 47 49 51 60 67 71 76 80 83 80 79 78 72 65 -9999 -9999 -9999
