Humedad_Suelo_ASC/terraclimate_soil_1971.txt
ncols         92
nrows         62
xllcorner     -72.083333333358
yllcorner     17.458333333309
cellsize      0.041666666666657
NODATA_value  -9999
[rows 0 to 39 of 62, columns 0 to 90 of 92]
-9999 -9999 -9999 -9999 -9999 -9999 -9999 -9999 -9999 -9999 -9999 -9999 -9999 -9999 -9999 -9999 -9999 -9999 -9999 -9999 -9999 -9999 -9999 -9999 -9999 -9999 -9999 -9999 -9999 -9999 -9999 -9999 -9999 -9999 -9999 -9999 -9999 -9999 -9999 -9999 -9999 -9999 -9999 -9999 -9999 -9999 -9999 -9999 -9999 -9999 -9999 -9999 -9999 -9999 -9999 -9999 -9999 -9999 -9999 -9999 -9999 -9999 -9999 -9999 -9999 -9999 -9999 -9999 -9999 -9999 -9999 -9999 -9999 -9999 -9999 -9999 -9999 -9999 -9999 -9999 -9999 -9999 -9999 -9999 -9999 -9999 -9999 -9999 -9999 -9999 -9999
-9999 -9999 -9999 -9999 -9999 -9999 -9999 -9999 -9999 -9999 -9999 -9999 -9999 -9999 -9999 -9999 -9999 -9999 -9999 -9999 -9999 -9999 -9999 -9999 -9999 -9999 -9999 -9999 -9999 -9999 -9999 -9999 -9999 -9999 -9999 -9999 -9999 -9999 -9999 -9999 -9999 -9999 -9999 -9999 -9999 -9999 -9999 -9999 -9999 -9999 -9999 -9999 -9999 -9999 -9999 -9999 -9999 -9999 -9999 -9999 -9999 -9999 -9999 -9999 -9999 -9999 -9999 -9999 -9999 -9999 -9999 -9999 -9999 -9999 -9999 -9999 -9999 -9999 -9999 -9999 -9999 -9999 -9999 -9999 -9999 -9999 -9999 -9999 -9999 -9999 -9999
-9999 -9999 -9999 -9999 -9999 -9999 -9999 -9999 -9999 -9999 -9999 -9999 -9999 -9999 -9999 -9999 -9999 -9999 -9999 -9999 -9999 -9999 -9999 -9999 103 130 148 -9999 -9999 -9999 -9999 -9999 -9999 -9999 -9999 -9999 -9999 -9999 -9999 -9999 -9999 -9999 -9999 -9999 -9999 -9999 -9999 -9999 -9999 -9999 -9999 -9999 -9999 -9999 -9999 -9999 -9999 -9999 -9999 -9999 -9999 -9999 -9999 -9999 -9999 -9999 -9999 -9999 -9999 -9999 -9999 -9999 -9999 -9999 -9999 -9999 -9999 -9999 -9999 -9999 -9999 -9999 -9999 -9999 -9999 -9999 -9999 -9999 -9999 -9999 -9999
-9999 -9999 -9999 -9999 -9999 -9999 42 -9999 -9999 -9999 21 17 19 21 20 18 -9999 -9999 -9999 -9999 -9999 -9999 -9999 -9999 109 156 172 177 186 185 185 -9999 -9999 -9999 -9999 -9999 -9999 -9999 -9999 -9999 -9999 -9999 -9999 -9999 -9999 -9999 -9999 -9999 -9999 -9999 -9999 -9999 -9999 -9999 -9999 -9999 -9999 -9999 -9999 -9999 -9999 -9999 -9999 -9999 -9999 -9999 -9999 -9999 -9999 -9999 -9999 -9999 -9999 -9999 -9999 -9999 -9999 -9999 -9999 -9999 -9999 -9999 -9999 -9999 -9999 -9999 -9999 -9999 -9999 -9999 -9999
-9999 -9999 -9999 -9999 -9999 -9999 -9999 -9999 -9999 18 19 20 20 26 35 31 30 24 26 25 37 46 59 76 103 134 167 187 190 191 189 187 186 -9999 -9999 -9999 -9999 -9999 -9999 -9999 -9999 -9999 -9999 -9999 -9999 -9999 -9999 -9999 -9999 -9999 -9999 -9999 -9999 -9999 -9999 -9999 -9999 -9999 -9999 -9999 -9999 -9999 -9999 -9999 -9999 -9999 -9999 -9999 -9999 -9999 -9999 -9999 -9999 -9999 -9999 -9999 -9999 -9999 -9999 -9999 -9999 -9999 -9999 -9999 -9999 -9999 -9999 -9999 -9999 -9999 -9999
-9999 -9999 -9999 -9999 -9999 -9999 -9999 25 21 17 16 17 18 19 29 36 47 61 62 48 49 63 69 86 105 126 154 184 195 196 195 193 190 187 -9999 -9999 -9999 -9999 -9999 -9999 -9999 -9999 -9999 -9999 -9999 -9999 -9999 -9999 -9999 -9999 -9999 -9999 -9999 -9999 -9999 -9999 -9999 -9999 -9999 -9999 -9999 -9999 -9999 -9999 -9999 -9999 -9999 -9999 -9999 -9999 -9999 -9999 -9999 -9999 -9999 -9999 -9999 -9999 -9999 -9999 -9999 -9999 -9999 -9999 -9999 -9999 -9999 -9999 -9999 -9999 -9999
-9999 -9999 -9999 -9999 -9999 -9999 -9999 25 21 18 17 15 16 17 21 25 34 59 65 81 102 176 185 147 142 144 170 194 195 197 196 193 192 188 184 180 177 173 170 169 -9999 -9999 -9999 -9999 -9999 -9999 -9999 -9999 -9999 -9999 -9999 -9999 -9999 -9999 -9999 -9999 -9999 -9999 -9999 -9999 -9999 -9999 -9999 -9999 -9999 -9999 -9999 -9999 -9999 -9999 -9999 -9999 -9999 -9999 -9999 -9999 -9999 -9999 -9999 -9999 -9999 -9999 -9999 -9999 -9999 -9999 -9999 -9999 -9999 -9999 -9999
-9999 48 48 53 54 39 33 -9999 21 20 19 19 18 18 17 17 19 31 37 49 58 85 149 192 198 199 199 196 195 195 193 188 188 190 185 181 176 172 169 168 167 -9999 -9999 -9999 -9999 -9999 -9999 -9999 -9999 -9999 -9999 -9999 -9999 -9999 -9999 -9999 -9999 -9999 -9999 -9999 -9999 -9999 -9999 -9999 -9999 -9999 -9999 -9999 -9999 -9999 -9999 -9999 -9999 -9999 -9999 -9999 -9999 -9999 -9999 -9999 -9999 -9999 -9999 -9999 -9999 -9999 -9999 -9999 -9999 -9999 -9999
-9999 42 43 49 53 42 35 31 29 25 24 24 24 23 20 18 21 26 27 32 39 49 60 88 157 204 206 201 197 193 191 188 186 184 182 180 176 171 168 167 166 164 163 -9999 -9999 -9999 -9999 -9999 151 151 148 147 -9999 -9999 -9999 -9999 -9999 -9999 -9999 -9999 -9999 -9999 -9999 -9999 -9999 -9999 -9999 -9999 -9999 -9999 -9999 -9999 -9999 -9999 -9999 -9999 -9999 -9999 -9999 -9999 -9999 -9999 -9999 -9999 -9999 -9999 -9999 -9999 -9999 -9999 -9999
-9999 39 40 45 51 55 44 39 36 39 40 38 37 32 32 31 29 32 31 31 31 33 35 41 50 71 127 201 200 195 190 186 182 179 175 172 169 166 166 166 165 164 162 161 160 157 -9999 151 151 152 151 150 146 -9999 -9999 -9999 -9999 -9999 -9999 -9999 -9999 -9999 -9999 -9999 -9999 -9999 -9999 -9999 -9999 -9999 -9999 -9999 -9999 -9999 -9999 -9999 -9999 -9999 -9999 -9999 -9999 -9999 -9999 -9999 -9999 -9999 -9999 -9999 -9999 -9999 -9999
-9999 35 39 43 52 54 60 61 61 59 71 63 65 60 52 50 41 85 53 40 36 34 32 31 33 42 60 89 166 193 190 186 182 179 173 168 164 159 157 160 158 159 159 160 157 155 152 150 150 150 151 153 147 -9999 -9999 -9999 -9999 -9999 -9999 -9999 -9999 -9999 -9999 -9999 -9999 -9999 -9999 -9999 -9999 -9999 -9999 -9999 -9999 -9999 -9999 -9999 -9999 -9999 -9999 -9999 -9999 -9999 -9999 -9999 -9999 -9999 -9999 -9999 -9999 -9999 -9999
-9999 34 33 41 45 52 57 61 69 79 93 103 88 100 113 76 57 88 137 104 70 47 40 35 30 31 42 55 77 117 187 186 184 180 176 169 161 154 151 151 150 151 154 154 152 150 152 152 149 147 148 147 144 -9999 -9999 -9999 -9999 -9999 -9999 -9999 -9999 -9999 -9999 -9999 -9999 -9999 -9999 -9999 -9999 -9999 -9999 -9999 -9999 -9999 -9999 -9999 -9999 -9999 -9999 -9999 -9999 -9999 -9999 -9999 -9999 -9999 -9999 -9999 -9999 -9999 -9999
-9999 24 29 40 42 50 57 64 70 80 98 112 122 134 124 99 85 106 121 127 153 112 90 44 38 38 38 49 57 67 83 102 135 173 171 166 161 156 150 147 146 149 149 148 148 150 151 149 147 146 145 143 140 140 -9999 -9999 -9999 -9999 -9999 -9999 -9999 -9999 -9999 -9999 -9999 -9999 -9999 -9999 -9999 -9999 -9999 -9999 -9999 -9999 -9999 -9999 -9999 -9999 -9999 -9999 -9999 -9999 -9999 -9999 -9999 -9999 -9999 -9999 -9999 -9999 -9999
-9999 22 25 36 46 58 61 71 73 81 98 121 129 134 138 136 126 125 132 127 139 137 136 64 53 45 41 58 99 84 74 74 90 104 136 154 152 150 148 146 145 149 147 145 146 147 147 147 146 144 143 143 139 -9999 -9999 -9999 -9999 -9999 -9999 -9999 -9999 -9999 -9999 -9999 -9999 -9999 -9999 -9999 -9999 -9999 -9999 -9999 -9999 -9999 -9999 -9999 -9999 -9999 -9999 -9999 -9999 -9999 -9999 -9999 -9999 -9999 -9999 -9999 -9999 -9999 -9999
-9999 24 25 32 43 55 67 73 74 81 92 113 128 135 131 127 130 130 131 133 140 145 151 83 91 84 60 87 159 159 110 65 65 73 88 107 140 136 136 140 142 144 142 141 141 141 142 144 144 143 142 141 139 138 -9999 -9999 -9999 -9999 -9999 -9999 -9999 -9999 -9999 -9999 -9999 -9999 -9999 -9999 -9999 -9999 -9999 -9999 -9999 -9999 -9999 -9999 -9999 -9999 -9999 -9999 -9999 -9999 -9999 -9999 -9999 -9999 -9999 -9999 -9999 -9999 -9999
-9999 23 25 30 40 52 62 74 83 88 93 104 116 124 124 122 125 131 132 129 137 138 138 136 147 151 115 89 120 146 140 79 60 76 75 88 106 126 125 127 131 135 137 137 138 140 141 139 139 141 140 140 139 137 -9999 -9999 -9999 -9999 -9999 -9999 -9999 -9999 -9999 -9999 -9999 -9999 -9999 -9999 -9999 -9999 -9999 -9999 -9999 -9999 -9999 -9999 -9999 -9999 -9999 -9999 -9999 -9999 -9999 -9999 -9999 -9999 -9999 -9999 -9999 -9999 -9999
-9999 24 26 30 36 47 57 67 77 88 94 107 119 126 118 120 121 124 128 127 125 130 129 131 139 140 139 138 137 135 123 121 83 112 91 96 104 112 115 120 123 125 128 130 132 134 138 140 137 137 138 139 138 136 135 -9999 -9999 -9999 -9999 -9999 -9999 -9999 -9999 -9999 -9999 -9999 -9999 141 138 -9999 -9999 -9999 -9999 -9999 -9999 -9999 -9999 -9999 -9999 -9999 -9999 -9999 -9999 -9999 -9999 -9999 -9999 -9999 -9999 -9999 -9999
-9999 23 25 30 34 43 52 60 68 74 83 95 109 121 125 120 121 124 124 121 122 128 127 127 128 131 129 126 125 122 110 90 81 111 109 107 106 106 106 110 115 119 120 121 125 127 130 133 133 134 136 137 136 134 133 132 -9999 -9999 -9999 138 138 138 137 137 138 140 147 146 145 135 134 -9999 -9999 -9999 -9999 -9999 -9999 -9999 -9999 -9999 -9999 -9999 -9999 -9999 -9999 -9999 -9999 -9999 -9999 -9999 -9999
-9999 22 24 29 33 38 44 52 58 65 73 82 93 110 119 123 123 120 116 117 121 126 125 124 124 126 126 117 114 112 111 110 105 103 103 102 101 101 100 101 104 108 113 116 118 121 125 127 130 132 132 134 133 133 133 133 136 138 136 137 138 140 139 139 140 143 146 147 144 136 134 -9999 -9999 -9999 -9999 -9999 -9999 -9999 -9999 -9999 -9999 -9999 -9999 -9999 -9999 -9999 -9999 -9999 -9999 -9999 -9999
-9999 22 23 28 33 36 38 43 52 57 61 69 84 101 107 107 112 113 111 112 113 116 117 117 116 117 117 112 107 106 106 106 105 102 100 95 96 97 95 95 96 101 106 111 114 116 118 121 125 129 132 132 131 130 129 131 133 134 134 135 136 137 136 136 139 141 143 143 140 138 -9999 -9999 -9999 -9999 -9999 -9999 -9999 -9999 -9999 -9999 -9999 -9999 -9999 -9999 -9999 -9999 -9999 -9999 -9999 -9999 -9999
-9999 22 23 27 31 34 36 39 44 53 56 60 70 80 84 84 90 97 100 102 104 106 108 108 108 108 105 102 101 100 102 102 97 95 94 92 89 90 91 91 92 95 99 104 109 111 112 115 119 123 125 126 127 126 126 126 125 126 126 -9999 -9999 -9999 130 132 134 137 140 137 135 -9999 -9999 -9999 -9999 -9999 -9999 -9999 -9999 -9999 -9999 -9999 -9999 -9999 -9999 -9999 -9999 -9999 -9999 -9999 -9999 -9999 -9999
-9999 22 23 25 27 30 33 35 39 42 44 50 57 61 69 77 77 81 78 77 83 88 92 94 92 91 94 94 93 93 95 95 90 86 85 84 87 88 88 90 92 94 99 101 106 107 109 112 115 119 121 121 122 121 121 120 120 121 122 -9999 -9999 -9999 -9999 -9999 -9999 -9999 -9999 -9999 -9999 -9999 -9999 -9999 -9999 -9999 -9999 -9999 -9999 -9999 -9999 -9999 -9999 -9999 -9999 -9999 -9999 -9999 -9999 -9999 -9999 -9999 -9999
-9999 23 24 25 26 28 31 33 35 38 40 44 48 53 61 65 65 66 62 60 69 74 76 80 79 77 82 87 87 87 86 85 85 83 83 83 84 90 87 88 94 96 101 103 104 106 108 112 115 118 120 120 120 120 119 118 119 119 118 -9999 120 122 123 126 126 -9999 -9999 -9999 -9999 -9999 -9999 -9999 -9999 -9999 -9999 -9999 -9999 -9999 -9999 -9999 -9999 -9999 -9999 -9999 -9999 -9999 -9999 -9999 -9999 -9999 -9999
-9999 24 25 26 27 28 29 30 33 34 37 40 43 46 49 53 52 50 45 45 55 62 64 67 68 69 70 77 75 71 71 73 75 78 77 79 81 86 86 89 93 96 102 105 104 106 108 110 113 116 119 119 120 120 119 119 118 118 119 119 120 122 124 125 125 123 122 -9999 -9999 -9999 -9999 -9999 -9999 -9999 -9999 -9999 -9999 -9999 -9999 -9999 -9999 -9999 -9999 -9999 -9999 -9999 -9999 -9999 -9999 -9999 -9999
-9999 25 25 26 27 27 28 29 31 32 33 34 36 38 40 42 41 42 40 38 40 43 49 52 53 54 55 59 67 68 67 68 69 73 72 72 76 81 83 85 91 94 99 100 102 107 108 109 112 115 116 116 118 117 115 116 116 116 118 118 119 121 123 123 123 121 121 119 119 119 120 121 -9999 123 122 121 120 -9999 -9999 -9999 -9999 -9999 -9999 -9999 -9999 -9999 -9999 -9999 -9999 -9999 -9999
-9999 26 26 26 27 28 28 29 31 31 32 32 33 34 35 34 35 36 35 34 38 40 43 45 43 44 46 48 57 61 62 64 66 66 64 65 73 82 83 86 91 95 98 102 105 106 107 108 112 115 114 114 114 115 113 113 113 114 114 114 115 117 118 120 119 120 119 120 121 121 122 124 125 126 126 125 126 123 120 120 -9999 -9999 -9999 -9999 -9999 -9999 -9999 -9999 -9999 -9999 -9999
-9999 26 26 27 27 28 29 30 31 31 32 32 32 33 33 33 33 34 34 32 35 39 40 41 39 37 38 44 45 40 47 55 57 59 63 74 82 88 88 88 97 104 100 101 105 107 108 109 112 114 112 111 111 111 110 109 109 108 108 108 108 110 113 114 115 115 115 115 117 120 124 126 127 128 128 130 131 130 126 123 120 118 -9999 -9999 -9999 -9999 -9999 -9999 -9999 -9999 -9999
-9999 26 27 28 28 29 30 31 32 32 33 32 32 33 33 32 33 33 33 31 32 34 36 37 37 35 38 39 39 38 40 44 46 56 69 82 91 95 91 89 95 101 99 102 107 110 110 109 110 112 108 108 106 107 108 104 101 100 99 99 102 104 105 107 108 109 110 110 111 113 118 122 124 126 128 128 132 139 134 130 125 119 117 -9999 -9999 -9999 -9999 -9999 -9999 -9999 -9999
-9999 28 28 28 29 30 31 32 33 33 33 33 33 34 34 33 32 32 32 31 31 31 32 32 33 33 35 36 37 39 51 61 65 68 81 92 92 92 91 92 90 96 103 103 105 109 109 108 107 106 105 102 98 96 93 89 88 92 90 88 89 89 93 99 102 102 104 106 107 106 110 113 115 119 120 122 125 130 136 133 129 124 118 116 -9999 -9999 -9999 -9999 -9999 -9999 -9999
-9999 29 30 30 32 32 34 35 36 36 35 35 35 36 37 36 34 33 32 32 31 30 29 30 28 30 27 28 37 41 50 60 70 77 82 94 99 100 103 105 99 94 99 106 107 109 110 110 106 103 100 98 93 90 85 80 80 80 80 79 79 80 80 84 89 92 95 99 101 102 103 107 108 112 115 117 120 124 133 136 136 127 121 117 114 -9999 -9999 -9999 -9999 -9999 -9999
-9999 29 30 31 33 34 36 37 39 39 38 37 37 38 39 40 39 37 34 32 30 26 24 24 23 26 19 26 31 39 42 47 67 79 87 99 103 99 104 110 109 103 101 102 108 112 108 108 104 101 97 95 91 87 81 76 75 74 71 69 70 69 70 74 77 80 83 85 88 93 98 103 106 108 113 115 116 121 128 133 133 130 127 121 116 114 -9999 -9999 -9999 -9999 -9999
-9999 30 31 33 34 35 36 37 39 40 40 39 38 39 40 40 40 40 38 35 32 27 22 19 20 16 15 19 39 43 43 47 59 70 80 94 104 99 102 112 113 115 116 106 103 107 105 105 102 97 94 90 87 82 76 71 68 67 65 64 63 63 63 67 69 72 75 77 80 85 93 98 99 102 109 111 114 116 121 125 129 133 130 125 122 118 116 114 -9999 -9999 -9999
-9999 31 33 34 34 36 38 39 40 41 41 41 41 42 41 40 38 38 38 36 34 32 28 21 12 12 13 17 40 47 49 48 55 62 73 93 105 96 99 114 116 117 119 114 101 103 101 101 99 96 91 87 82 78 72 66 62 63 62 60 57 57 58 61 65 66 68 72 76 80 84 89 91 97 103 104 112 114 116 118 123 127 128 127 126 123 119 117 116 -9999 -9999
-9999 29 32 33 34 35 37 39 41 41 42 44 46 50 46 42 41 39 36 35 35 35 35 32 15 10 12 14 20 45 50 52 60 69 79 99 98 90 96 103 112 115 119 120 101 100 100 96 93 90 86 83 77 72 67 64 60 58 59 56 53 53 53 56 60 61 63 67 71 75 78 83 88 92 96 101 105 110 113 116 119 122 125 126 125 125 122 119 114 112 -9999
-9999 24 29 30 31 33 33 35 36 37 37 40 42 45 45 43 43 42 40 37 31 30 32 26 15 8 10 11 13 33 48 49 54 60 66 77 81 77 85 97 105 112 115 113 97 97 97 93 89 83 80 76 72 68 65 61 57 56 55 51 49 46 47 51 54 57 61 64 66 70 77 81 85 89 92 98 102 104 112 116 116 120 121 123 123 123 122 120 118 111 109
-9999 21 21 22 21 22 31 32 15 26 25 35 38 40 41 40 39 39 40 40 34 22 29 32 25 12 7 9 10 12 19 27 53 62 61 63 68 64 80 104 103 106 105 103 92 88 93 90 83 77 72 68 65 62 59 57 56 53 50 46 44 41 42 45 48 51 54 59 63 69 74 78 83 87 92 96 101 105 111 114 115 118 120 121 120 119 121 120 116 111 -9999
-9999 30 21 20 21 18 11 11 6 6 6 6 7 27 22 15 20 7 7 18 9 7 7 8 7 7 8 8 8 10 12 13 26 51 53 44 43 49 91 115 111 101 97 97 85 82 85 82 77 72 66 61 58 58 58 54 52 50 46 42 41 40 41 42 44 47 49 54 58 58 63 64 65 66 70 80 90 97 111 114 116 118 119 119 119 120 120 117 112 111 -9999
-9999 33 32 31 32 21 19 10 6 6 6 6 6 6 6 6 6 6 6 7 7 7 7 7 7 7 8 8 8 8 9 9 12 15 18 24 44 46 78 111 121 114 104 98 84 75 75 74 70 64 64 62 61 55 54 53 50 46 43 41 41 40 40 42 43 44 43 42 44 45 48 47 48 48 50 60 70 86 110 115 116 118 118 119 119 118 118 113 110 -9999 -9999
-9999 36 37 36 36 35 19 12 6 6 6 5 6 6 6 6 6 6 7 7 7 7 7 7 8 8 8 8 8 8 8 8 9 11 14 18 28 36 46 79 101 101 98 75 66 66 65 64 62 61 59 55 -9999 -9999 -9999 -9999 -9999 43 43 42 41 40 41 42 42 38 37 36 37 37 39 40 39 40 43 47 59 75 92 109 114 117 118 119 118 117 113 110 -9999 -9999 -9999
-9999 38 40 41 41 39 37 31 16 7 11 17 7 6 6 6 7 7 7 7 7 7 7 9 35 41 26 8 8 8 8 8 9 -9999 -9999 -9999 24 31 38 52 68 66 60 55 56 59 59 57 54 54 -9999 -9999 -9999 -9999 -9999 -9999 -9999 41 41 -9999 41 40 40 -9999 -9999 -9999 -9999 -9999 -9999 -9999 35 35 35 36 37 44 49 63 83 101 113 116 116 115 114 112 110 106 -9999 -9999 -9999
