Humedad_Suelo_ASC/terraclimate_soil_1992.txt
ncols         92
nrows         62
xllcorner     -72.083333333358
yllcorner     17.458333333309
cellsize      0.041666666666657
NODATA_value  -9999
[rows 0 to 39 of 62, columns 0 to 89 of 92]
-9999 -9999 -9999 -9999 -9999 -9999 -9999 -9999 -9999 -9999 -9999 -9999 -9999 -9999 -9999 -9999 -9999 -9999 -9999 -9999 -9999 -9999 -9999 -9999 -9999 -9999 -9999 -9999 -9999 -9999 -9999 -9999 -9999 -9999 -9999 -9999 -9999 -9999 -9999 -9999 -9999 -9999 -9999 -9999 -9999 -9999 -9999 -9999 -9999 -9999 -9999 -9999 -9999 -9999 -9999 -9999 -9999 -9999 -9999 -9999 -9999 -9999 -9999 -9999 -9999 -9999 -9999 -9999 -9999 -9999 -9999 -9999 -9999 -9999 -9999 -9999 -9999 -9999 -9999 -9999 -9999 -9999 -9999 -9999 -9999 -9999 -9999 -9999 -9999 -9999
-9999 -9999 -9999 -9999 -9999 -9999 -9999 -9999 -9999 -9999 -9999 -9999 -9999 -9999 -9999 -9999 -9999 -9999 -9999 -9999 -9999 -9999 -9999 -9999 -9999 -9999 -9999 -9999 -9999 -9999 -9999 -9999 -9999 -9999 -9999 -9999 -9999 -9999 -9999 -9999 -9999 -9999 -9999 -9999 -9999 -9999 -9999 -9999 -9999 -9999 -9999 -9999 -9999 -9999 -9999 -9999 -9999 -9999 -9999 -9999 -9999 -9999 -9999 -9999 -9999 -9999 -9999 -9999 -9999 -9999 -9999 -9999 -9999 -9999 -9999 -9999 -9999 -9999 -9999 -9999 -9999 -9999 -9999 -9999 -9999 -9999 -9999 -9999 -9999 -9999
-9999 -9999 -9999 -9999 -9999 -9999 -9999 -9999 -9999 -9999 -9999 -9999 -9999 -9999 -9999 -9999 -9999 -9999 -9999 -9999 -9999 -9999 -9999 -9999 194 195 195 -9999 -9999 -9999 -9999 -9999 -9999 -9999 -9999 -9999 -9999 -9999 -9999 -9999 -9999 -9999 -9999 -9999 -9999 -9999 -9999 -9999 -9999 -9999 -9999 -9999 -9999 -9999 -9999 -9999 -9999 -9999 -9999 -9999 -9999 -9999 -9999 -9999 -9999 -9999 -9999 -9999 -9999 -9999 -9999 -9999 -9999 -9999 -9999 -9999 -9999 -9999 -9999 -9999 -9999 -9999 -9999 -9999 -9999 -9999 -9999 -9999 -9999 -9999
-9999 -9999 -9999 -9999 -9999 -9999 145 -9999 -9999 -9999 134 136 141 148 150 149 -9999 -9999 -9999 -9999 -9999 -9999 -9999 -9999 200 201 200 198 196 193 191 -9999 -9999 -9999 -9999 -9999 -9999 -9999 -9999 -9999 -9999 -9999 -9999 -9999 -9999 -9999 -9999 -9999 -9999 -9999 -9999 -9999 -9999 -9999 -9999 -9999 -9999 -9999 -9999 -9999 -9999 -9999 -9999 -9999 -9999 -9999 -9999 -9999 -9999 -9999 -9999 -9999 -9999 -9999 -9999 -9999 -9999 -9999 -9999 -9999 -9999 -9999 -9999 -9999 -9999 -9999 -9999 -9999 -9999 -9999
-9999 -9999 -9999 -9999 -9999 -9999 -9999 -9999 -9999 129 138 141 144 152 159 158 161 163 167 174 189 199 203 204 205 206 205 203 200 197 194 191 188 -9999 -9999 -9999 -9999 -9999 -9999 -9999 -9999 -9999 -9999 -9999 -9999 -9999 -9999 -9999 -9999 -9999 -9999 -9999 -9999 -9999 -9999 -9999 -9999 -9999 -9999 -9999 -9999 -9999 -9999 -9999 -9999 -9999 -9999 -9999 -9999 -9999 -9999 -9999 -9999 -9999 -9999 -9999 -9999 -9999 -9999 -9999 -9999 -9999 -9999 -9999 -9999 -9999 -9999 -9999 -9999 -9999
-9999 -9999 -9999 -9999 -9999 -9999 -9999 113 119 126 134 138 140 143 159 165 172 183 187 191 192 206 208 209 210 212 211 207 204 200 197 194 190 187 -9999 -9999 -9999 -9999 -9999 -9999 -9999 -9999 -9999 -9999 -9999 -9999 -9999 -9999 -9999 -9999 -9999 -9999 -9999 -9999 -9999 -9999 -9999 -9999 -9999 -9999 -9999 -9999 -9999 -9999 -9999 -9999 -9999 -9999 -9999 -9999 -9999 -9999 -9999 -9999 -9999 -9999 -9999 -9999 -9999 -9999 -9999 -9999 -9999 -9999 -9999 -9999 -9999 -9999 -9999 -9999
-9999 -9999 -9999 -9999 -9999 -9999 -9999 109 115 118 117 108 114 125 139 151 170 184 193 200 211 212 213 215 216 217 216 212 208 204 200 196 192 188 184 180 177 173 170 169 -9999 -9999 -9999 -9999 -9999 -9999 -9999 -9999 -9999 -9999 -9999 -9999 -9999 -9999 -9999 -9999 -9999 -9999 -9999 -9999 -9999 -9999 -9999 -9999 -9999 -9999 -9999 -9999 -9999 -9999 -9999 -9999 -9999 -9999 -9999 -9999 -9999 -9999 -9999 -9999 -9999 -9999 -9999 -9999 -9999 -9999 -9999 -9999 -9999 -9999
-9999 79 79 82 83 85 91 -9999 91 96 95 93 92 97 99 109 126 155 173 181 190 203 219 220 221 222 221 216 212 207 203 198 194 190 185 181 176 172 169 168 167 -9999 -9999 -9999 -9999 -9999 -9999 -9999 -9999 -9999 -9999 -9999 -9999 -9999 -9999 -9999 -9999 -9999 -9999 -9999 -9999 -9999 -9999 -9999 -9999 -9999 -9999 -9999 -9999 -9999 -9999 -9999 -9999 -9999 -9999 -9999 -9999 -9999 -9999 -9999 -9999 -9999 -9999 -9999 -9999 -9999 -9999 -9999 -9999 -9999
-9999 73 73 79 80 83 87 84 73 71 74 79 82 85 89 91 100 119 135 152 168 180 190 210 227 228 226 221 216 211 206 201 196 191 186 181 176 171 168 167 166 164 163 -9999 -9999 -9999 -9999 -9999 157 156 155 155 -9999 -9999 -9999 -9999 -9999 -9999 -9999 -9999 -9999 -9999 -9999 -9999 -9999 -9999 -9999 -9999 -9999 -9999 -9999 -9999 -9999 -9999 -9999 -9999 -9999 -9999 -9999 -9999 -9999 -9999 -9999 -9999 -9999 -9999 -9999 -9999 -9999 -9999
-9999 69 69 73 77 78 84 81 69 69 70 77 81 81 86 93 91 101 111 120 130 142 155 172 192 208 231 225 220 214 209 203 198 192 187 181 176 170 167 166 165 164 162 161 160 159 -9999 157 156 155 154 154 154 -9999 -9999 -9999 -9999 -9999 -9999 -9999 -9999 -9999 -9999 -9999 -9999 -9999 -9999 -9999 -9999 -9999 -9999 -9999 -9999 -9999 -9999 -9999 -9999 -9999 -9999 -9999 -9999 -9999 -9999 -9999 -9999 -9999 -9999 -9999 -9999 -9999
-9999 65 69 71 79 77 83 76 69 65 72 76 82 85 89 93 93 116 112 112 116 119 125 128 141 164 197 209 224 218 212 206 200 194 187 181 175 169 166 165 164 163 161 160 159 158 157 156 155 154 153 153 153 -9999 -9999 -9999 -9999 -9999 -9999 -9999 -9999 -9999 -9999 -9999 -9999 -9999 -9999 -9999 -9999 -9999 -9999 -9999 -9999 -9999 -9999 -9999 -9999 -9999 -9999 -9999 -9999 -9999 -9999 -9999 -9999 -9999 -9999 -9999 -9999 -9999
-9999 69 61 67 69 74 79 74 63 61 71 75 78 86 95 89 90 105 130 124 121 116 111 111 109 123 153 187 198 214 215 208 201 195 188 182 175 168 165 164 163 162 161 160 158 157 156 155 154 153 153 153 152 -9999 -9999 -9999 -9999 -9999 -9999 -9999 -9999 -9999 -9999 -9999 -9999 -9999 -9999 -9999 -9999 -9999 -9999 -9999 -9999 -9999 -9999 -9999 -9999 -9999 -9999 -9999 -9999 -9999 -9999 -9999 -9999 -9999 -9999 -9999 -9999 -9999
-9999 47 55 67 65 71 79 78 67 63 81 86 83 87 86 86 87 101 113 124 141 132 130 105 102 113 130 155 179 189 198 206 203 196 189 182 175 168 164 163 162 161 160 159 158 157 156 155 154 153 152 152 152 152 -9999 -9999 -9999 -9999 -9999 -9999 -9999 -9999 -9999 -9999 -9999 -9999 -9999 -9999 -9999 -9999 -9999 -9999 -9999 -9999 -9999 -9999 -9999 -9999 -9999 -9999 -9999 -9999 -9999 -9999 -9999 -9999 -9999 -9999 -9999 -9999
-9999 36 44 61 69 83 82 93 79 69 84 114 103 91 89 86 86 92 100 105 116 122 132 108 109 113 121 149 182 180 178 178 180 183 186 179 172 165 161 160 160 159 158 157 156 155 155 154 153 152 152 151 151 -9999 -9999 -9999 -9999 -9999 -9999 -9999 -9999 -9999 -9999 -9999 -9999 -9999 -9999 -9999 -9999 -9999 -9999 -9999 -9999 -9999 -9999 -9999 -9999 -9999 -9999 -9999 -9999 -9999 -9999 -9999 -9999 -9999 -9999 -9999 -9999 -9999
-9999 38 40 53 65 77 91 94 93 81 80 108 121 110 88 83 91 94 97 101 111 120 129 104 118 127 128 150 179 182 172 161 156 156 162 169 167 161 158 157 156 156 155 155 154 154 153 153 152 152 151 151 151 151 -9999 -9999 -9999 -9999 -9999 -9999 -9999 -9999 -9999 -9999 -9999 -9999 -9999 -9999 -9999 -9999 -9999 -9999 -9999 -9999 -9999 -9999 -9999 -9999 -9999 -9999 -9999 -9999 -9999 -9999 -9999 -9999 -9999 -9999 -9999 -9999
-9999 28 31 45 58 72 83 95 104 110 99 103 108 102 89 88 93 107 112 105 121 121 119 112 135 148 138 140 161 168 163 151 143 142 142 145 151 157 154 154 153 153 153 153 152 152 152 152 151 151 151 151 151 150 -9999 -9999 -9999 -9999 -9999 -9999 -9999 -9999 -9999 -9999 -9999 -9999 -9999 -9999 -9999 -9999 -9999 -9999 -9999 -9999 -9999 -9999 -9999 -9999 -9999 -9999 -9999 -9999 -9999 -9999 -9999 -9999 -9999 -9999 -9999 -9999
-9999 29 32 42 52 63 76 85 96 108 116 129 140 138 95 100 104 113 122 120 114 123 119 120 139 139 141 157 157 155 149 148 138 140 135 136 141 145 147 150 150 150 150 150 150 150 150 150 150 150 150 150 150 150 150 -9999 -9999 -9999 -9999 -9999 -9999 -9999 -9999 -9999 -9999 -9999 -9999 148 148 -9999 -9999 -9999 -9999 -9999 -9999 -9999 -9999 -9999 -9999 -9999 -9999 -9999 -9999 -9999 -9999 -9999 -9999 -9999 -9999 -9999
-9999 24 29 37 48 58 68 78 87 95 104 114 127 140 143 124 124 137 135 121 123 142 132 128 134 142 138 141 145 141 134 130 127 129 130 130 136 140 141 144 147 148 148 148 148 149 149 149 150 150 150 150 150 150 149 149 -9999 -9999 -9999 149 148 148 148 148 148 148 148 148 148 148 148 -9999 -9999 -9999 -9999 -9999 -9999 -9999 -9999 -9999 -9999 -9999 -9999 -9999 -9999 -9999 -9999 -9999 -9999 -9999
-9999 24 26 35 44 52 60 69 77 84 93 102 112 126 135 143 143 137 133 133 138 143 141 139 140 142 144 135 132 130 129 129 123 121 126 126 134 144 139 137 138 144 145 146 146 147 148 148 149 149 150 149 149 149 149 149 149 149 148 148 148 148 148 148 148 148 148 147 147 147 147 -9999 -9999 -9999 -9999 -9999 -9999 -9999 -9999 -9999 -9999 -9999 -9999 -9999 -9999 -9999 -9999 -9999 -9999 -9999
-9999 25 27 32 40 47 53 60 69 76 81 88 101 116 121 121 129 131 127 129 128 130 131 132 131 131 132 129 124 123 123 125 127 127 126 122 134 141 139 132 129 135 141 144 145 145 146 147 148 149 149 149 149 149 149 148 148 148 148 148 148 147 147 147 147 147 147 147 147 147 -9999 -9999 -9999 -9999 -9999 -9999 -9999 -9999 -9999 -9999 -9999 -9999 -9999 -9999 -9999 -9999 -9999 -9999 -9999 -9999
-9999 25 27 30 37 43 45 52 61 69 74 79 87 96 100 101 105 111 116 118 118 119 121 122 123 123 119 116 115 115 118 124 121 121 120 121 118 133 136 132 127 126 131 137 143 144 145 146 147 148 149 149 148 148 148 148 148 148 147 -9999 -9999 -9999 147 147 147 147 147 147 147 -9999 -9999 -9999 -9999 -9999 -9999 -9999 -9999 -9999 -9999 -9999 -9999 -9999 -9999 -9999 -9999 -9999 -9999 -9999 -9999 -9999
-9999 23 24 29 33 35 40 42 49 57 62 69 74 76 86 92 92 92 89 89 93 100 104 105 104 103 107 107 107 107 111 117 111 110 109 109 118 122 132 134 132 129 136 136 140 142 143 145 146 148 148 148 148 148 148 148 147 147 147 -9999 -9999 -9999 -9999 -9999 -9999 -9999 -9999 -9999 -9999 -9999 -9999 -9999 -9999 -9999 -9999 -9999 -9999 -9999 -9999 -9999 -9999 -9999 -9999 -9999 -9999 -9999 -9999 -9999 -9999 -9999
-9999 25 24 27 30 33 36 38 39 41 45 59 66 71 77 80 78 78 75 73 78 83 86 91 89 87 93 100 102 103 102 101 104 108 111 109 107 121 121 130 132 134 135 137 139 140 142 144 146 147 148 148 148 147 147 147 147 147 147 -9999 146 146 146 146 146 -9999 -9999 -9999 -9999 -9999 -9999 -9999 -9999 -9999 -9999 -9999 -9999 -9999 -9999 -9999 -9999 -9999 -9999 -9999 -9999 -9999 -9999 -9999 -9999 -9999
-9999 29 29 29 30 32 35 36 37 38 40 49 56 62 65 67 66 64 59 59 66 71 74 77 78 79 80 90 88 86 86 88 91 95 93 98 98 112 125 127 129 131 133 135 137 139 141 143 145 147 148 147 147 147 147 147 146 146 146 146 146 146 146 146 146 146 146 -9999 -9999 -9999 -9999 -9999 -9999 -9999 -9999 -9999 -9999 -9999 -9999 -9999 -9999 -9999 -9999 -9999 -9999 -9999 -9999 -9999 -9999 -9999
-9999 30 31 32 32 33 35 35 37 38 38 37 37 38 45 52 52 53 48 44 49 54 58 60 61 63 65 70 80 81 80 81 83 88 86 87 94 104 121 124 126 128 130 133 135 137 139 142 144 146 147 147 147 147 146 146 146 146 146 146 145 145 145 145 145 145 145 145 145 145 145 145 -9999 145 146 146 146 -9999 -9999 -9999 -9999 -9999 -9999 -9999 -9999 -9999 -9999 -9999 -9999 -9999
-9999 31 32 32 33 34 35 36 37 38 38 35 31 31 33 32 36 40 35 36 45 51 52 53 52 53 55 58 69 74 74 76 79 80 80 81 88 110 121 124 127 129 131 133 135 137 139 141 144 146 147 146 146 146 146 145 145 145 144 144 144 144 144 144 144 144 144 145 145 145 145 145 146 146 146 146 146 147 147 147 -9999 -9999 -9999 -9999 -9999 -9999 -9999 -9999 -9999 -9999
-9999 32 33 33 34 35 36 36 37 38 37 33 31 30 29 29 30 33 30 28 36 48 52 54 50 44 48 54 57 55 61 70 71 75 79 87 100 112 123 130 131 133 134 136 137 139 141 142 144 145 146 145 145 145 144 144 143 143 142 140 140 141 141 142 142 143 143 144 144 145 145 146 146 147 147 147 147 147 147 148 143 135 -9999 -9999 -9999 -9999 -9999 -9999 -9999 -9999
-9999 33 33 34 35 36 36 37 38 39 39 34 31 29 28 28 30 29 29 27 28 33 38 45 45 36 46 48 49 37 47 60 59 71 85 99 116 127 127 133 136 137 138 139 140 141 142 143 144 145 145 145 139 142 143 137 128 127 125 119 122 128 132 135 138 141 139 139 140 140 146 146 147 148 149 149 148 148 148 148 148 139 118 -9999 -9999 -9999 -9999 -9999 -9999 -9999
-9999 34 34 35 36 37 37 38 39 39 39 35 31 30 30 28 27 26 25 24 25 26 28 28 29 30 34 32 35 42 65 74 79 80 94 111 114 121 123 127 124 141 141 142 142 143 143 144 144 145 145 142 132 125 121 116 112 116 112 103 100 101 107 114 116 115 117 121 121 113 121 129 133 142 146 150 149 149 149 149 149 149 119 102 -9999 -9999 -9999 -9999 -9999 -9999
-9999 35 35 36 37 37 38 40 41 40 41 40 37 37 39 35 30 27 25 24 23 22 23 25 25 28 28 29 31 41 64 72 81 88 93 108 118 122 134 138 134 130 144 145 145 145 145 145 144 144 141 137 129 120 111 101 98 96 94 92 88 91 90 93 96 99 100 102 103 103 104 109 111 116 123 130 140 150 150 150 149 149 132 104 87 -9999 -9999 -9999 -9999 -9999
-9999 35 36 37 38 40 43 48 51 49 45 42 42 43 47 48 45 36 28 23 20 20 21 22 23 25 24 28 30 32 38 62 79 89 99 113 120 117 125 142 141 143 142 146 147 147 146 145 145 144 138 132 126 116 106 96 93 91 84 82 80 78 80 82 84 86 87 88 91 95 98 102 103 107 114 118 122 139 151 150 150 150 149 119 91 76 -9999 -9999 -9999 -9999
-9999 36 37 38 40 41 43 46 49 51 51 46 45 45 47 49 49 48 40 29 22 20 18 19 19 18 21 25 32 41 38 65 75 84 93 107 121 122 127 147 147 151 152 149 149 148 146 146 145 141 136 127 119 109 98 90 86 84 79 76 73 72 73 76 76 78 80 81 84 86 93 96 94 93 104 107 115 120 138 151 151 150 149 139 115 87 72 60 -9999 -9999
-9999 37 38 39 39 44 51 55 55 56 56 55 55 54 51 46 40 37 39 31 25 25 24 19 16 16 18 24 32 65 61 47 62 79 89 108 124 120 126 147 148 145 155 154 140 149 146 147 145 143 135 122 112 102 95 88 83 81 77 71 68 67 66 69 72 71 72 75 78 81 85 84 80 83 90 84 101 105 105 118 136 150 150 143 130 109 82 64 54 -9999
-9999 31 38 38 39 41 48 55 60 62 62 63 64 67 62 57 52 37 30 28 26 28 28 27 18 14 18 21 29 43 64 62 80 88 97 115 120 113 124 130 142 143 149 157 135 144 147 137 137 130 124 117 107 99 91 86 82 79 75 70 65 63 62 63 65 65 68 70 73 71 67 72 72 72 73 73 77 81 83 92 108 122 131 130 126 120 98 72 51 40
-9999 26 28 29 30 39 39 42 45 50 41 56 59 66 65 63 62 57 40 30 23 24 28 25 20 14 14 16 22 34 40 41 50 56 63 97 92 73 91 127 133 143 148 148 131 133 140 136 130 121 114 106 100 98 89 85 81 77 72 65 62 58 58 59 61 62 61 58 58 57 59 62 63 63 65 68 66 70 74 86 95 110 114 115 111 108 103 85 65 39
-9999 24 24 26 26 26 29 30 22 26 26 31 39 56 55 47 37 33 40 39 27 20 26 28 25 18 13 14 16 20 27 33 42 59 44 44 49 45 66 132 132 135 136 137 122 120 135 132 124 113 104 97 96 92 86 82 79 74 70 63 59 55 54 55 56 52 47 47 47 49 50 51 53 54 58 61 62 61 65 76 84 97 104 103 97 94 95 84 57 39
-9999 28 25 22 25 23 17 20 15 9 9 11 15 23 22 22 22 14 16 24 20 16 17 17 14 13 10 11 12 13 14 19 34 42 38 37 37 38 80 145 141 131 127 128 118 114 125 122 116 107 99 94 87 85 88 81 76 71 66 60 55 52 52 52 48 43 38 39 38 39 41 43 44 45 47 51 52 55 65 72 79 88 91 93 90 91 88 66 44 38
-9999 36 30 29 30 24 23 19 15 11 8 8 8 8 8 8 8 10 18 14 17 16 14 13 13 10 10 10 10 10 11 11 15 21 22 26 37 37 48 140 151 144 135 130 118 109 110 111 108 98 97 92 87 82 82 81 76 69 63 58 54 51 48 42 36 33 32 33 33 34 36 35 35 35 35 39 42 48 58 65 72 83 86 87 85 81 74 50 40 -9999
-9999 44 46 43 40 35 24 19 15 11 8 8 8 8 9 14 13 14 22 10 9 14 14 15 15 13 10 10 10 10 10 10 10 11 16 21 27 31 36 70 132 132 130 109 101 103 101 98 97 93 90 85 -9999 -9999 -9999 -9999 -9999 66 61 58 55 47 39 34 32 31 31 32 32 32 32 32 32 33 33 33 36 42 49 56 65 77 82 83 80 68 50 40 -9999 -9999
-9999 50 56 58 56 51 35 28 23 17 22 22 14 8 12 21 15 12 15 9 9 13 19 24 31 30 23 11 10 10 10 10 10 -9999 -9999 -9999 20 26 31 37 63 65 62 66 84 94 95 92 87 85 -9999 -9999 -9999 -9999 -9999 -9999 -9999 56 49 -9999 43 35 32 -9999 -9999 -9999 -9999 -9999 -9999 -9999 32 31 30 30 31 32 34 37 44 51 60 67 73 63 57 51 42 33 -9999 -9999
