Humedad_Suelo_ASC/terraclimate_soil_1987.txt
ncols         92
nrows         62
xllcorner     -72.083333333358
yllcorner     17.458333333309
cellsize      0.041666666666657
NODATA_value  -9999
[rows 0 to 39 of 62, columns 0 to 90 of 92]
-9999 -9999 -9999 -9999 -9999 -9999 -9999 -9999 -9999 -9999 -9999 -9999 -9999 -9999 -9999 -9999 -9999 -9999 -9999 -9999 -9999 -9999 -9999 -9999 -9999 -9999 -9999 -9999 -9999 -9999 -9999 -9999 -9999 -9999 -9999 -9999 -9999 -9999 -9999 -9999 -9999 -9999 -9999 -9999 -9999 -9999 -9999 -9999 -9999 -9999 -9999 -9999 -9999 -9999 -9999 -9999 -9999 -9999 -9999 -9999 -9999 -9999 -9999 -9999 -9999 -9999 -9999 -9999 -9999 -9999 -9999 -9999 -9999 -9999 -9999 -9999 -9999 -9999 -9999 -9999 -9999 -9999 -9999 -9999 -9999 -9999 -9999 -9999 -9999 -9999 -9999
-9999 -9999 -9999 -9999 -9999 -9999 -9999 -9999 -9999 -9999 -9999 -9999 -9999 -9999 -9999 -9999 -9999 -9999 -9999 -9999 -9999 -9999 -9999 -9999 -9999 -9999 -9999 -9999 -9999 -9999 -9999 -9999 -9999 -9999 -9999 -9999 -9999 -9999 -9999 -9999 -9999 -9999 -9999 -9999 -9999 -9999 -9999 -9999 -9999 -9999 -9999 -9999 -9999 -9999 -9999 -9999 -9999 -9999 -9999 -9999 -9999 -9999 -9999 -9999 -9999 -9999 -9999 -9999 -9999 -9999 -9999 -9999 -9999 -9999 -9999 -9999 -9999 -9999 -9999 -9999 -9999 -9999 -9999 -9999 -9999 -9999 -9999 -9999 -9999 -9999 -9999
-9999 -9999 -9999 -9999 -9999 -9999 -9999 -9999 -9999 -9999 -9999 -9999 -9999 -9999 -9999 -9999 -9999 -9999 -9999 -9999 -9999 -9999 -9999 -9999 163 189 195 -9999 -9999 -9999 -9999 -9999 -9999 -9999 -9999 -9999 -9999 -9999 -9999 -9999 -9999 -9999 -9999 -9999 -9999 -9999 -9999 -9999 -9999 -9999 -9999 -9999 -9999 -9999 -9999 -9999 -9999 -9999 -9999 -9999 -9999 -9999 -9999 -9999 -9999 -9999 -9999 -9999 -9999 -9999 -9999 -9999 -9999 -9999 -9999 -9999 -9999 -9999 -9999 -9999 -9999 -9999 -9999 -9999 -9999 -9999 -9999 -9999 -9999 -9999 -9999
-9999 -9999 -9999 -9999 -9999 -9999 119 -9999 -9999 -9999 44 33 33 35 30 21 -9999 -9999 -9999 -9999 -9999 -9999 -9999 -9999 164 196 200 198 196 193 191 -9999 -9999 -9999 -9999 -9999 -9999 -9999 -9999 -9999 -9999 -9999 -9999 -9999 -9999 -9999 -9999 -9999 -9999 -9999 -9999 -9999 -9999 -9999 -9999 -9999 -9999 -9999 -9999 -9999 -9999 -9999 -9999 -9999 -9999 -9999 -9999 -9999 -9999 -9999 -9999 -9999 -9999 -9999 -9999 -9999 -9999 -9999 -9999 -9999 -9999 -9999 -9999 -9999 -9999 -9999 -9999 -9999 -9999 -9999 -9999
-9999 -9999 -9999 -9999 -9999 -9999 -9999 -9999 -9999 38 43 39 30 34 45 37 37 32 35 37 58 70 93 124 154 186 205 203 200 197 194 191 188 -9999 -9999 -9999 -9999 -9999 -9999 -9999 -9999 -9999 -9999 -9999 -9999 -9999 -9999 -9999 -9999 -9999 -9999 -9999 -9999 -9999 -9999 -9999 -9999 -9999 -9999 -9999 -9999 -9999 -9999 -9999 -9999 -9999 -9999 -9999 -9999 -9999 -9999 -9999 -9999 -9999 -9999 -9999 -9999 -9999 -9999 -9999 -9999 -9999 -9999 -9999 -9999 -9999 -9999 -9999 -9999 -9999 -9999
-9999 -9999 -9999 -9999 -9999 -9999 -9999 40 32 30 27 25 21 22 32 39 51 62 63 61 61 80 94 114 139 167 196 207 204 200 197 194 190 187 -9999 -9999 -9999 -9999 -9999 -9999 -9999 -9999 -9999 -9999 -9999 -9999 -9999 -9999 -9999 -9999 -9999 -9999 -9999 -9999 -9999 -9999 -9999 -9999 -9999 -9999 -9999 -9999 -9999 -9999 -9999 -9999 -9999 -9999 -9999 -9999 -9999 -9999 -9999 -9999 -9999 -9999 -9999 -9999 -9999 -9999 -9999 -9999 -9999 -9999 -9999 -9999 -9999 -9999 -9999 -9999 -9999
-9999 -9999 -9999 -9999 -9999 -9999 -9999 32 24 20 18 10 7 8 11 19 33 56 64 73 92 130 148 136 144 159 182 210 208 204 200 196 192 188 184 180 177 173 170 169 -9999 -9999 -9999 -9999 -9999 -9999 -9999 -9999 -9999 -9999 -9999 -9999 -9999 -9999 -9999 -9999 -9999 -9999 -9999 -9999 -9999 -9999 -9999 -9999 -9999 -9999 -9999 -9999 -9999 -9999 -9999 -9999 -9999 -9999 -9999 -9999 -9999 -9999 -9999 -9999 -9999 -9999 -9999 -9999 -9999 -9999 -9999 -9999 -9999 -9999 -9999
-9999 103 92 79 56 36 22 -9999 6 6 6 6 6 6 6 6 7 22 29 39 48 70 108 152 173 164 176 193 212 207 203 198 194 190 185 181 176 172 169 168 167 -9999 -9999 -9999 -9999 -9999 -9999 -9999 -9999 -9999 -9999 -9999 -9999 -9999 -9999 -9999 -9999 -9999 -9999 -9999 -9999 -9999 -9999 -9999 -9999 -9999 -9999 -9999 -9999 -9999 -9999 -9999 -9999 -9999 -9999 -9999 -9999 -9999 -9999 -9999 -9999 -9999 -9999 -9999 -9999 -9999 -9999 -9999 -9999 -9999 -9999
-9999 96 86 80 57 37 18 14 12 10 7 7 7 6 6 6 7 12 17 23 31 41 50 71 115 164 195 192 200 211 206 201 196 191 186 181 176 171 168 167 166 164 163 -9999 -9999 -9999 -9999 -9999 157 156 155 155 -9999 -9999 -9999 -9999 -9999 -9999 -9999 -9999 -9999 -9999 -9999 -9999 -9999 -9999 -9999 -9999 -9999 -9999 -9999 -9999 -9999 -9999 -9999 -9999 -9999 -9999 -9999 -9999 -9999 -9999 -9999 -9999 -9999 -9999 -9999 -9999 -9999 -9999 -9999
-9999 90 80 70 52 25 18 16 15 16 16 16 16 12 13 13 13 16 16 17 22 27 32 39 49 68 107 163 186 190 195 202 198 192 187 181 176 170 167 166 165 164 162 161 160 159 -9999 157 156 155 154 154 154 -9999 -9999 -9999 -9999 -9999 -9999 -9999 -9999 -9999 -9999 -9999 -9999 -9999 -9999 -9999 -9999 -9999 -9999 -9999 -9999 -9999 -9999 -9999 -9999 -9999 -9999 -9999 -9999 -9999 -9999 -9999 -9999 -9999 -9999 -9999 -9999 -9999 -9999
-9999 84 83 65 54 23 17 16 17 18 20 21 22 23 23 23 22 26 25 23 23 25 28 30 34 42 60 81 118 160 177 172 187 194 187 181 175 169 166 165 164 163 161 160 159 158 157 156 155 154 153 153 153 -9999 -9999 -9999 -9999 -9999 -9999 -9999 -9999 -9999 -9999 -9999 -9999 -9999 -9999 -9999 -9999 -9999 -9999 -9999 -9999 -9999 -9999 -9999 -9999 -9999 -9999 -9999 -9999 -9999 -9999 -9999 -9999 -9999 -9999 -9999 -9999 -9999 -9999
-9999 77 72 60 38 19 16 17 18 20 22 23 23 25 27 26 25 27 35 32 31 30 29 29 28 34 42 57 75 102 131 159 176 191 188 182 172 166 165 164 163 162 161 160 158 157 156 155 154 153 153 153 149 -9999 -9999 -9999 -9999 -9999 -9999 -9999 -9999 -9999 -9999 -9999 -9999 -9999 -9999 -9999 -9999 -9999 -9999 -9999 -9999 -9999 -9999 -9999 -9999 -9999 -9999 -9999 -9999 -9999 -9999 -9999 -9999 -9999 -9999 -9999 -9999 -9999 -9999
-9999 59 65 61 33 19 16 17 19 21 24 27 29 30 28 27 27 29 31 35 43 38 38 32 31 35 39 46 57 68 83 101 120 142 170 176 171 166 157 153 151 157 160 158 155 157 156 155 154 153 152 149 142 143 -9999 -9999 -9999 -9999 -9999 -9999 -9999 -9999 -9999 -9999 -9999 -9999 -9999 -9999 -9999 -9999 -9999 -9999 -9999 -9999 -9999 -9999 -9999 -9999 -9999 -9999 -9999 -9999 -9999 -9999 -9999 -9999 -9999 -9999 -9999 -9999 -9999
-9999 42 48 54 43 44 20 20 19 21 25 34 34 34 34 32 30 31 33 33 38 40 44 34 35 36 38 46 63 67 69 75 88 97 113 129 150 153 153 149 149 158 156 148 151 155 155 154 153 152 152 149 143 -9999 -9999 -9999 -9999 -9999 -9999 -9999 -9999 -9999 -9999 -9999 -9999 -9999 -9999 -9999 -9999 -9999 -9999 -9999 -9999 -9999 -9999 -9999 -9999 -9999 -9999 -9999 -9999 -9999 -9999 -9999 -9999 -9999 -9999 -9999 -9999 -9999 -9999
-9999 39 33 38 38 41 41 25 19 21 24 32 39 38 34 33 34 34 33 35 38 40 43 35 39 41 41 49 68 75 69 63 65 71 81 91 109 126 132 139 142 148 144 140 142 144 148 152 152 152 151 149 146 145 -9999 -9999 -9999 -9999 -9999 -9999 -9999 -9999 -9999 -9999 -9999 -9999 -9999 -9999 -9999 -9999 -9999 -9999 -9999 -9999 -9999 -9999 -9999 -9999 -9999 -9999 -9999 -9999 -9999 -9999 -9999 -9999 -9999 -9999 -9999 -9999 -9999
-9999 19 20 23 27 33 33 35 33 28 26 30 34 35 33 33 34 37 38 36 40 41 40 39 45 51 44 44 54 67 67 57 55 60 64 72 81 92 105 117 124 133 135 135 137 140 143 142 145 148 148 147 146 142 -9999 -9999 -9999 -9999 -9999 -9999 -9999 -9999 -9999 -9999 -9999 -9999 -9999 -9999 -9999 -9999 -9999 -9999 -9999 -9999 -9999 -9999 -9999 -9999 -9999 -9999 -9999 -9999 -9999 -9999 -9999 -9999 -9999 -9999 -9999 -9999 -9999
-9999 16 17 20 21 27 29 30 32 34 33 39 48 46 33 34 35 38 41 39 38 41 39 39 46 46 45 51 55 57 55 59 54 61 60 65 70 76 86 98 109 113 118 123 127 132 139 143 141 142 145 146 144 142 140 -9999 -9999 -9999 -9999 -9999 -9999 -9999 -9999 -9999 -9999 -9999 -9999 140 137 -9999 -9999 -9999 -9999 -9999 -9999 -9999 -9999 -9999 -9999 -9999 -9999 -9999 -9999 -9999 -9999 -9999 -9999 -9999 -9999 -9999 -9999
-9999 13 14 17 19 22 24 25 27 26 30 35 43 56 49 42 42 47 46 40 41 51 44 43 44 48 44 43 47 48 46 45 46 55 57 60 65 68 77 86 97 101 103 108 113 119 126 131 133 135 139 142 142 140 138 134 -9999 -9999 -9999 141 140 140 139 138 139 140 146 145 143 133 132 -9999 -9999 -9999 -9999 -9999 -9999 -9999 -9999 -9999 -9999 -9999 -9999 -9999 -9999 -9999 -9999 -9999 -9999 -9999 -9999
-9999 11 12 14 17 21 21 22 23 24 26 28 34 47 60 71 64 53 46 48 60 75 61 61 55 61 54 43 42 43 45 48 45 47 54 58 62 68 75 80 87 90 94 98 101 109 115 121 126 129 132 139 138 138 137 137 140 141 138 139 140 142 140 139 140 142 145 147 142 134 132 -9999 -9999 -9999 -9999 -9999 -9999 -9999 -9999 -9999 -9999 -9999 -9999 -9999 -9999 -9999 -9999 -9999 -9999 -9999 -9999
-9999 10 11 14 17 17 18 20 22 23 23 25 33 46 62 59 65 59 52 60 61 80 65 74 62 61 60 46 44 43 46 49 49 51 54 55 60 69 72 78 80 84 87 91 95 101 107 113 120 127 131 134 132 133 131 133 136 136 136 137 137 138 137 136 138 140 141 141 138 136 -9999 -9999 -9999 -9999 -9999 -9999 -9999 -9999 -9999 -9999 -9999 -9999 -9999 -9999 -9999 -9999 -9999 -9999 -9999 -9999 -9999
-9999 10 10 13 15 17 17 18 21 24 23 24 28 34 36 34 37 58 61 67 77 91 81 103 95 71 46 45 43 44 47 49 45 47 52 56 58 66 73 77 77 78 81 84 88 92 98 103 110 117 121 123 126 125 123 123 123 122 121 -9999 -9999 -9999 131 132 133 136 138 136 133 -9999 -9999 -9999 -9999 -9999 -9999 -9999 -9999 -9999 -9999 -9999 -9999 -9999 -9999 -9999 -9999 -9999 -9999 -9999 -9999 -9999 -9999
-9999 10 11 11 13 14 15 15 17 19 20 22 23 25 30 34 34 44 36 36 49 89 92 88 68 41 58 50 42 43 46 46 42 42 44 49 59 66 75 76 76 77 81 82 85 87 93 98 102 108 111 113 114 115 114 112 112 111 113 -9999 -9999 -9999 -9999 -9999 -9999 -9999 -9999 -9999 -9999 -9999 -9999 -9999 -9999 -9999 -9999 -9999 -9999 -9999 -9999 -9999 -9999 -9999 -9999 -9999 -9999 -9999 -9999 -9999 -9999 -9999 -9999
-9999 11 11 11 12 13 14 14 15 16 17 20 22 24 29 31 32 34 30 31 46 58 76 79 60 37 57 82 65 53 43 38 39 42 46 50 55 68 70 74 78 78 82 83 84 86 90 97 100 104 107 108 109 110 109 108 108 108 107 -9999 108 113 113 119 121 -9999 -9999 -9999 -9999 -9999 -9999 -9999 -9999 -9999 -9999 -9999 -9999 -9999 -9999 -9999 -9999 -9999 -9999 -9999 -9999 -9999 -9999 -9999 -9999 -9999 -9999
-9999 13 12 12 12 13 13 14 14 15 16 18 20 24 25 28 28 26 23 24 34 49 64 66 66 67 67 72 41 31 30 32 32 37 37 42 49 59 71 73 76 78 82 84 84 87 90 93 97 100 104 106 108 108 107 106 105 104 106 106 107 111 114 118 116 113 111 -9999 -9999 -9999 -9999 -9999 -9999 -9999 -9999 -9999 -9999 -9999 -9999 -9999 -9999 -9999 -9999 -9999 -9999 -9999 -9999 -9999 -9999 -9999 -9999
-9999 13 13 13 13 12 13 13 14 15 14 14 15 15 16 22 21 25 19 16 23 28 35 51 51 52 53 55 62 42 38 34 36 43 35 35 44 53 69 70 74 76 79 80 81 87 88 91 94 97 97 98 103 103 100 100 101 101 102 103 105 109 112 113 112 109 109 107 107 105 107 110 -9999 117 114 111 110 -9999 -9999 -9999 -9999 -9999 -9999 -9999 -9999 -9999 -9999 -9999 -9999 -9999 -9999
-9999 14 14 13 13 12 13 14 14 14 14 13 13 14 14 14 14 14 14 14 22 28 31 41 33 31 44 30 53 47 46 41 40 36 31 32 38 55 67 70 74 77 79 81 84 85 87 89 92 95 92 94 96 98 96 95 95 95 97 97 98 101 103 105 106 108 108 109 111 110 113 116 121 123 122 120 118 114 109 107 -9999 -9999 -9999 -9999 -9999 -9999 -9999 -9999 -9999 -9999 -9999
-9999 15 14 13 13 13 14 14 14 14 14 13 14 14 14 14 14 13 13 13 14 22 25 26 26 20 24 32 27 23 27 28 29 28 31 40 61 59 64 73 79 85 81 81 84 86 87 88 91 93 90 88 90 91 89 88 87 86 86 87 87 90 93 96 98 99 100 101 104 109 114 120 122 123 123 126 129 129 121 114 106 102 -9999 -9999 -9999 -9999 -9999 -9999 -9999 -9999 -9999
-9999 15 14 13 13 13 14 16 16 15 14 14 14 14 14 14 14 14 13 13 13 14 15 17 20 14 24 23 22 17 20 23 23 28 36 44 57 66 70 75 79 84 81 83 86 88 88 87 87 89 86 85 83 84 85 81 78 78 76 76 78 80 82 84 87 90 89 91 93 95 101 110 113 118 120 121 130 138 133 127 116 105 101 -9999 -9999 -9999 -9999 -9999 -9999 -9999 -9999
-9999 17 16 13 13 13 14 16 17 16 15 14 14 14 14 14 14 14 14 14 13 13 13 13 14 14 15 15 15 20 30 37 37 44 72 83 59 58 68 75 76 80 85 85 86 88 88 86 86 85 83 81 77 76 73 70 69 71 70 67 67 67 70 74 76 77 79 83 84 82 87 91 95 102 106 109 113 125 136 133 124 111 101 98 -9999 -9999 -9999 -9999 -9999 -9999 -9999
-9999 15 17 16 18 18 19 19 19 19 16 16 15 15 16 14 14 14 14 14 14 14 14 13 13 13 13 14 15 20 29 39 62 72 76 86 90 75 73 73 76 80 83 88 88 89 89 88 85 82 79 77 73 71 67 64 63 62 61 60 59 60 60 63 66 68 70 72 74 75 77 81 84 89 95 98 103 112 129 136 135 119 106 98 95 -9999 -9999 -9999 -9999 -9999 -9999
-9999 14 15 17 19 21 23 25 28 28 23 18 17 17 19 20 18 15 14 14 14 14 14 14 14 14 13 14 15 16 19 27 61 74 82 92 94 65 69 76 78 88 86 85 89 91 88 87 84 80 76 74 71 68 64 60 59 58 55 54 53 52 53 55 58 60 62 63 65 69 72 76 79 83 89 93 95 104 117 128 132 126 118 107 99 96 -9999 -9999 -9999 -9999 -9999
-9999 17 18 20 23 23 22 23 25 26 24 20 18 18 20 21 20 20 16 14 14 14 14 13 13 13 13 14 16 20 19 29 36 54 78 88 81 57 61 79 83 91 99 90 86 88 86 85 82 77 74 71 68 64 60 56 54 53 51 49 48 47 48 50 52 54 56 58 61 64 69 73 74 77 83 86 91 95 104 113 124 130 123 115 110 100 92 83 -9999 -9999 -9999
-9999 19 21 22 22 25 30 34 33 30 29 26 24 22 20 19 17 16 16 15 14 14 14 14 13 13 13 14 16 27 27 23 29 33 44 90 83 54 56 77 84 93 104 98 86 85 84 83 80 77 72 68 64 61 57 54 51 50 48 46 44 43 43 46 49 50 51 55 58 61 65 68 71 75 79 80 87 91 95 99 106 118 120 118 116 110 97 84 76 -9999 -9999
-9999 12 18 18 20 23 23 27 30 33 30 30 33 42 31 24 20 16 15 15 15 15 15 14 14 13 14 14 15 21 28 29 33 41 53 95 62 44 50 62 77 89 97 103 87 84 83 79 76 72 69 65 61 57 54 52 49 48 46 44 42 42 42 43 45 45 45 48 51 54 53 62 66 71 76 77 82 85 88 94 100 107 112 114 115 116 109 90 73 61 -9999
-9999 13 13 13 13 15 15 16 15 16 15 20 23 30 27 26 27 23 18 15 15 15 15 15 14 13 14 14 15 18 20 22 26 29 31 41 39 35 39 51 67 79 89 93 87 82 81 77 72 67 64 61 57 55 53 50 48 46 44 42 41 39 38 39 39 40 40 42 44 45 47 53 57 62 66 71 71 81 86 92 97 103 106 109 110 112 112 101 83 61 53
-9999 13 13 13 13 13 14 14 13 14 14 14 15 18 18 18 16 15 17 17 15 15 15 15 15 14 14 14 15 15 16 19 23 31 26 27 30 27 35 58 59 69 74 78 77 80 80 76 70 64 59 56 54 51 49 47 46 44 41 39 36 34 33 34 34 34 34 36 38 41 44 46 48 53 58 64 68 71 79 90 94 99 104 106 106 108 109 100 80 60 -9999
-9999 13 13 13 14 13 11 12 11 11 11 12 14 15 15 15 15 14 14 15 15 14 14 14 14 14 14 14 14 15 16 16 19 24 24 24 25 26 40 70 68 59 61 68 66 74 78 73 67 61 56 52 48 47 47 45 42 40 37 34 32 29 29 29 30 30 31 32 33 36 40 43 45 47 49 54 60 64 80 90 94 98 99 102 103 106 105 86 66 60 -9999
-9999 15 13 14 14 14 14 12 11 11 11 11 10 11 11 11 12 12 12 13 13 14 14 14 14 14 14 14 14 15 15 14 16 18 18 19 24 26 31 72 86 79 69 67 57 57 67 69 62 58 54 51 48 45 43 41 39 37 34 31 28 27 27 27 27 27 28 29 30 32 36 37 40 41 43 46 48 57 74 85 93 97 98 101 102 101 96 74 62 -9999 -9999
-9999 28 23 19 17 15 14 13 12 11 11 10 10 10 10 11 11 12 13 13 13 14 14 14 15 15 15 14 14 14 14 14 14 16 17 18 21 23 25 37 64 65 65 44 41 45 46 46 46 45 45 45 -9999 -9999 -9999 -9999 -9999 32 30 29 28 26 25 26 26 25 26 28 29 29 30 32 32 33 34 37 43 49 61 75 89 94 96 99 100 90 75 64 -9999 -9999 -9999
-9999 33 37 39 29 22 16 15 14 13 14 15 14 10 10 11 12 12 13 13 13 14 15 15 16 16 16 16 15 15 14 15 16 -9999 -9999 -9999 19 21 22 24 34 34 33 32 34 37 40 40 39 41 -9999 -9999 -9999 -9999 -9999 -9999 -9999 29 28 -9999 26 24 24 -9999 -9999 -9999 -9999 -9999 -9999 -9999 29 28 28 28 30 33 38 43 54 66 81 91 93 88 82 79 70 53 -9999 -9999 -9999
