Humedad_Suelo_ASC/terraclimate_soil_2017.txt
ncols         92
nrows         62
xllcorner     -72.083333333358
yllcorner     17.458333333309
cellsize      0.041666666666657
NODATA_value  -9999
[rows 0 to 39 of 62, columns 0 to 89 of 92]
-9999 -9999 -9999 -9999 -9999 -9999 -9999 -9999 -9999 -9999 -9999 -9999 -9999 -9999 -9999 -9999 -9999 -9999 -9999 -9999 -9999 -9999 -9999 -9999 -9999 -9999 -9999 -9999 -9999 -9999 -9999 -9999 -9999 -9999 -9999 -9999 -9999 -9999 -9999 -9999 -9999 -9999 -9999 -9999 -9999 -9999 -9999 -9999 -9999 -9999 -9999 -9999 -9999 -9999 -9999 -9999 -9999 -9999 -9999 -9999 -9999 -9999 -9999 -9999 -9999 -9999 -9999 -9999 -9999 -9999 -9999 -9999 -9999 -9999 -9999 -9999 -9999 -9999 -9999 -9999 -9999 -9999 -9999 -9999 -9999 -9999 -9999 -9999 -9999 -9999
-9999 -9999 -9999 -9999 -9999 -9999 -9999 -9999 -9999 -9999 -9999 -9999 -9999 -9999 -9999 -9999 -9999 -9999 -9999 -9999 -9999 -9999 -9999 -9999 -9999 -9999 -9999 -9999 -9999 -9999 -9999 -9999 -9999 -9999 -9999 -9999 -9999 -9999 -9999 -9999 -9999 -9999 -9999 -9999 -9999 -9999 -9999 -9999 -9999 -9999 -9999 -9999 -9999 -9999 -9999 -9999 -9999 -9999 -9999 -9999 -9999 -9999 -9999 -9999 -9999 -9999 -9999 -9999 -9999 -9999 -9999 -9999 -9999 -9999 -9999 -9999 -9999 -9999 -9999 -9999 -9999 -9999 -9999 -9999 -9999 -9999 -9999 -9999 -9999 -9999
-9999 -9999 -9999 -9999 -9999 -9999 -9999 -9999 -9999 -9999 -9999 -9999 -9999 -9999 -9999 -9999 -9999 -9999 -9999 -9999 -9999 -9999 -9999 -9999 181 187 188 -9999 -9999 -9999 -9999 -9999 -9999 -9999 -9999 -9999 -9999 -9999 -9999 -9999 -9999 -9999 -9999 -9999 -9999 -9999 -9999 -9999 -9999 -9999 -9999 -9999 -9999 -9999 -9999 -9999 -9999 -9999 -9999 -9999 -9999 -9999 -9999 -9999 -9999 -9999 -9999 -9999 -9999 -9999 -9999 -9999 -9999 -9999 -9999 -9999 -9999 -9999 -9999 -9999 -9999 -9999 -9999 -9999 -9999 -9999 -9999 -9999 -9999 -9999
-9999 -9999 -9999 -9999 -9999 -9999 112 -9999 -9999 -9999 71 64 68 75 72 69 -9999 -9999 -9999 -9999 -9999 -9999 -9999 -9999 186 192 196 198 196 193 191 -9999 -9999 -9999 -9999 -9999 -9999 -9999 -9999 -9999 -9999 -9999 -9999 -9999 -9999 -9999 -9999 -9999 -9999 -9999 -9999 -9999 -9999 -9999 -9999 -9999 -9999 -9999 -9999 -9999 -9999 -9999 -9999 -9999 -9999 -9999 -9999 -9999 -9999 -9999 -9999 -9999 -9999 -9999 -9999 -9999 -9999 -9999 -9999 -9999 -9999 -9999 -9999 -9999 -9999 -9999 -9999 -9999 -9999 -9999
-9999 -9999 -9999 -9999 -9999 -9999 -9999 -9999 -9999 63 68 68 67 77 98 90 92 87 95 98 136 163 176 183 188 196 201 201 200 197 194 191 188 -9999 -9999 -9999 -9999 -9999 -9999 -9999 -9999 -9999 -9999 -9999 -9999 -9999 -9999 -9999 -9999 -9999 -9999 -9999 -9999 -9999 -9999 -9999 -9999 -9999 -9999 -9999 -9999 -9999 -9999 -9999 -9999 -9999 -9999 -9999 -9999 -9999 -9999 -9999 -9999 -9999 -9999 -9999 -9999 -9999 -9999 -9999 -9999 -9999 -9999 -9999 -9999 -9999 -9999 -9999 -9999 -9999
-9999 -9999 -9999 -9999 -9999 -9999 -9999 66 58 57 59 60 62 66 80 100 124 146 154 140 147 177 181 185 191 197 202 204 204 200 197 194 190 187 -9999 -9999 -9999 -9999 -9999 -9999 -9999 -9999 -9999 -9999 -9999 -9999 -9999 -9999 -9999 -9999 -9999 -9999 -9999 -9999 -9999 -9999 -9999 -9999 -9999 -9999 -9999 -9999 -9999 -9999 -9999 -9999 -9999 -9999 -9999 -9999 -9999 -9999 -9999 -9999 -9999 -9999 -9999 -9999 -9999 -9999 -9999 -9999 -9999 -9999 -9999 -9999 -9999 -9999 -9999 -9999
-9999 -9999 -9999 -9999 -9999 -9999 -9999 62 53 47 47 45 48 55 65 73 95 136 151 178 183 191 195 194 197 201 204 205 208 204 200 196 192 188 184 180 177 173 170 169 -9999 -9999 -9999 -9999 -9999 -9999 -9999 -9999 -9999 -9999 -9999 -9999 -9999 -9999 -9999 -9999 -9999 -9999 -9999 -9999 -9999 -9999 -9999 -9999 -9999 -9999 -9999 -9999 -9999 -9999 -9999 -9999 -9999 -9999 -9999 -9999 -9999 -9999 -9999 -9999 -9999 -9999 -9999 -9999 -9999 -9999 -9999 -9999 -9999 -9999
-9999 59 60 64 66 69 62 -9999 42 43 43 42 42 45 45 49 59 86 102 127 145 185 193 202 207 208 208 207 206 207 203 198 194 190 185 181 176 172 169 168 167 -9999 -9999 -9999 -9999 -9999 -9999 -9999 -9999 -9999 -9999 -9999 -9999 -9999 -9999 -9999 -9999 -9999 -9999 -9999 -9999 -9999 -9999 -9999 -9999 -9999 -9999 -9999 -9999 -9999 -9999 -9999 -9999 -9999 -9999 -9999 -9999 -9999 -9999 -9999 -9999 -9999 -9999 -9999 -9999 -9999 -9999 -9999 -9999 -9999
-9999 54 55 61 63 68 62 46 43 42 43 44 46 46 45 46 51 66 75 89 106 132 157 193 202 212 216 211 207 204 203 200 196 191 186 181 176 171 168 167 166 164 163 -9999 -9999 -9999 -9999 -9999 157 156 155 155 -9999 -9999 -9999 -9999 -9999 -9999 -9999 -9999 -9999 -9999 -9999 -9999 -9999 -9999 -9999 -9999 -9999 -9999 -9999 -9999 -9999 -9999 -9999 -9999 -9999 -9999 -9999 -9999 -9999 -9999 -9999 -9999 -9999 -9999 -9999 -9999 -9999 -9999
-9999 51 52 57 61 64 66 54 47 50 52 55 57 54 56 59 56 65 70 75 82 94 105 122 147 193 205 210 210 205 200 197 193 191 187 181 176 170 167 166 165 164 162 161 160 159 -9999 157 156 155 154 154 154 -9999 -9999 -9999 -9999 -9999 -9999 -9999 -9999 -9999 -9999 -9999 -9999 -9999 -9999 -9999 -9999 -9999 -9999 -9999 -9999 -9999 -9999 -9999 -9999 -9999 -9999 -9999 -9999 -9999 -9999 -9999 -9999 -9999 -9999 -9999 -9999 -9999
-9999 47 52 55 64 63 70 64 62 59 70 70 74 74 74 76 72 112 96 84 82 84 89 93 105 127 173 197 199 201 200 195 192 190 184 180 175 169 166 165 164 163 161 160 159 158 157 156 155 154 153 153 153 -9999 -9999 -9999 -9999 -9999 -9999 -9999 -9999 -9999 -9999 -9999 -9999 -9999 -9999 -9999 -9999 -9999 -9999 -9999 -9999 -9999 -9999 -9999 -9999 -9999 -9999 -9999 -9999 -9999 -9999 -9999 -9999 -9999 -9999 -9999 -9999 -9999
-9999 48 45 53 55 61 68 75 75 78 91 87 83 95 111 90 83 109 161 137 117 101 92 88 84 97 126 165 192 193 195 195 194 191 187 181 172 166 163 163 162 162 161 160 158 157 156 155 154 153 153 153 152 -9999 -9999 -9999 -9999 -9999 -9999 -9999 -9999 -9999 -9999 -9999 -9999 -9999 -9999 -9999 -9999 -9999 -9999 -9999 -9999 -9999 -9999 -9999 -9999 -9999 -9999 -9999 -9999 -9999 -9999 -9999 -9999 -9999 -9999 -9999 -9999 -9999
-9999 33 41 53 52 60 69 78 87 97 113 127 130 130 116 102 98 123 144 157 172 160 145 97 90 99 112 141 165 189 187 185 181 181 181 177 173 168 161 159 158 161 160 159 158 157 156 155 154 153 152 152 152 152 -9999 -9999 -9999 -9999 -9999 -9999 -9999 -9999 -9999 -9999 -9999 -9999 -9999 -9999 -9999 -9999 -9999 -9999 -9999 -9999 -9999 -9999 -9999 -9999 -9999 -9999 -9999 -9999 -9999 -9999 -9999 -9999 -9999 -9999 -9999 -9999
-9999 25 32 48 57 70 71 82 88 97 112 134 143 150 153 140 130 137 151 152 161 167 174 121 115 110 112 148 182 183 179 175 170 166 164 163 162 162 160 158 157 159 158 157 156 155 155 154 153 152 152 151 151 -9999 -9999 -9999 -9999 -9999 -9999 -9999 -9999 -9999 -9999 -9999 -9999 -9999 -9999 -9999 -9999 -9999 -9999 -9999 -9999 -9999 -9999 -9999 -9999 -9999 -9999 -9999 -9999 -9999 -9999 -9999 -9999 -9999 -9999 -9999 -9999 -9999
-9999 27 29 41 53 66 79 83 87 96 107 126 141 149 147 143 144 144 143 145 151 156 162 138 157 159 140 169 178 180 173 164 157 153 151 149 147 145 146 151 153 156 154 153 154 154 153 153 152 152 151 151 151 151 -9999 -9999 -9999 -9999 -9999 -9999 -9999 -9999 -9999 -9999 -9999 -9999 -9999 -9999 -9999 -9999 -9999 -9999 -9999 -9999 -9999 -9999 -9999 -9999 -9999 -9999 -9999 -9999 -9999 -9999 -9999 -9999 -9999 -9999 -9999 -9999
-9999 26 27 35 47 61 72 84 93 100 106 118 130 138 139 137 138 143 144 141 148 149 149 149 159 165 161 155 160 167 165 154 146 145 142 138 136 134 133 136 140 147 149 149 150 152 152 152 151 151 151 151 151 150 -9999 -9999 -9999 -9999 -9999 -9999 -9999 -9999 -9999 -9999 -9999 -9999 -9999 -9999 -9999 -9999 -9999 -9999 -9999 -9999 -9999 -9999 -9999 -9999 -9999 -9999 -9999 -9999 -9999 -9999 -9999 -9999 -9999 -9999 -9999 -9999
-9999 27 28 34 43 54 66 75 86 98 106 118 130 137 132 134 134 137 141 139 137 142 142 144 153 154 153 155 155 154 149 149 140 141 136 133 130 128 126 128 131 134 138 141 143 146 150 150 150 150 150 150 150 150 150 -9999 -9999 -9999 -9999 -9999 -9999 -9999 -9999 -9999 -9999 -9999 -9999 148 146 -9999 -9999 -9999 -9999 -9999 -9999 -9999 -9999 -9999 -9999 -9999 -9999 -9999 -9999 -9999 -9999 -9999 -9999 -9999 -9999 -9999
-9999 26 28 32 40 49 59 69 78 86 95 106 119 132 136 132 133 136 136 132 133 141 139 139 142 146 144 142 143 140 134 131 128 130 130 128 126 124 122 123 125 128 129 131 135 138 143 146 145 147 150 150 150 149 148 146 -9999 -9999 -9999 149 148 148 148 148 148 148 148 148 148 143 141 -9999 -9999 -9999 -9999 -9999 -9999 -9999 -9999 -9999 -9999 -9999 -9999 -9999 -9999 -9999 -9999 -9999 -9999 -9999
-9999 27 29 32 37 45 53 61 69 77 85 95 105 120 129 136 136 131 127 128 134 140 137 137 137 141 143 133 130 129 129 129 123 122 123 123 122 122 119 118 118 121 123 125 127 131 136 138 142 144 145 149 147 148 147 148 149 149 148 148 148 148 148 148 148 148 148 147 147 144 141 -9999 -9999 -9999 -9999 -9999 -9999 -9999 -9999 -9999 -9999 -9999 -9999 -9999 -9999 -9999 -9999 -9999 -9999 -9999
-9999 27 29 32 36 41 46 53 63 69 74 82 95 110 117 117 124 126 122 125 126 129 130 131 130 132 133 128 123 123 124 126 126 124 122 116 119 120 117 114 113 116 118 120 122 125 128 131 136 141 145 145 144 144 143 145 148 148 148 148 148 147 147 147 147 147 147 147 147 147 -9999 -9999 -9999 -9999 -9999 -9999 -9999 -9999 -9999 -9999 -9999 -9999 -9999 -9999 -9999 -9999 -9999 -9999 -9999 -9999
-9999 27 28 32 35 38 41 45 55 63 68 74 82 91 95 96 100 108 112 115 118 120 122 122 124 124 120 118 117 117 121 123 118 117 115 114 111 114 114 113 111 111 113 116 118 119 121 125 130 134 137 139 140 140 139 139 138 139 139 -9999 -9999 -9999 142 143 145 147 147 147 144 -9999 -9999 -9999 -9999 -9999 -9999 -9999 -9999 -9999 -9999 -9999 -9999 -9999 -9999 -9999 -9999 -9999 -9999 -9999 -9999 -9999
-9999 27 28 31 34 37 39 41 44 51 56 64 71 74 82 88 88 90 88 88 92 100 106 107 106 104 110 110 109 111 115 116 110 107 106 106 108 108 111 112 111 110 113 114 115 116 118 122 124 129 131 133 134 133 134 132 132 133 133 -9999 -9999 -9999 -9999 -9999 -9999 -9999 -9999 -9999 -9999 -9999 -9999 -9999 -9999 -9999 -9999 -9999 -9999 -9999 -9999 -9999 -9999 -9999 -9999 -9999 -9999 -9999 -9999 -9999 -9999 -9999
-9999 28 29 31 34 36 38 40 42 44 46 55 62 66 73 77 76 76 73 72 78 84 87 94 91 89 96 105 106 107 106 105 106 105 105 104 103 106 104 108 111 110 113 114 113 115 117 121 124 128 131 131 131 131 131 130 131 130 130 -9999 130 133 135 137 137 -9999 -9999 -9999 -9999 -9999 -9999 -9999 -9999 -9999 -9999 -9999 -9999 -9999 -9999 -9999 -9999 -9999 -9999 -9999 -9999 -9999 -9999 -9999 -9999 -9999
-9999 31 31 32 34 35 37 38 40 42 44 45 52 59 62 64 64 62 58 57 65 72 75 79 82 82 84 94 92 90 90 92 95 98 97 98 98 101 104 107 110 111 113 115 114 117 118 119 123 127 130 131 132 131 131 131 131 129 130 130 131 133 135 138 136 134 131 -9999 -9999 -9999 -9999 -9999 -9999 -9999 -9999 -9999 -9999 -9999 -9999 -9999 -9999 -9999 -9999 -9999 -9999 -9999 -9999 -9999 -9999 -9999
-9999 31 32 33 34 35 36 37 39 40 41 42 43 45 45 49 50 52 46 43 48 54 59 62 64 66 68 73 85 86 85 86 88 93 91 91 94 96 100 104 108 109 112 113 113 118 118 120 123 125 126 127 129 129 126 128 128 128 129 130 131 132 135 135 134 131 130 128 127 126 127 127 -9999 128 126 125 123 -9999 -9999 -9999 -9999 -9999 -9999 -9999 -9999 -9999 -9999 -9999 -9999 -9999
-9999 32 33 34 35 35 37 37 38 39 40 40 41 42 43 42 42 42 42 41 44 50 53 55 54 55 57 60 73 79 79 82 86 85 84 86 92 98 100 105 109 111 112 114 117 118 118 119 123 126 124 124 126 126 124 125 125 124 125 124 126 128 129 130 129 130 128 128 129 128 130 130 132 132 131 129 129 125 121 121 -9999 -9999 -9999 -9999 -9999 -9999 -9999 -9999 -9999 -9999
-9999 33 34 35 35 36 37 38 39 39 40 41 42 42 42 42 42 42 42 41 42 47 52 54 50 44 49 57 59 58 65 75 77 80 85 94 100 104 105 108 114 120 116 116 118 120 120 121 123 125 123 121 122 122 120 120 119 118 118 117 117 119 122 124 124 124 124 123 124 128 131 133 134 133 133 135 135 134 128 124 120 119 -9999 -9999 -9999 -9999 -9999 -9999 -9999 -9999
-9999 34 35 36 36 37 38 39 40 40 41 41 42 42 43 42 42 42 42 41 41 42 42 44 44 41 47 49 51 49 56 66 67 76 90 103 108 111 110 111 114 119 117 118 121 122 122 122 123 123 122 120 117 118 119 116 113 113 112 110 110 112 113 115 116 117 117 117 118 119 124 129 129 131 132 133 136 143 136 131 126 120 117 -9999 -9999 -9999 -9999 -9999 -9999 -9999
-9999 35 36 36 37 38 39 39 40 41 41 41 42 43 43 43 42 42 42 41 41 41 41 41 41 41 42 43 43 50 69 78 84 86 100 112 113 114 113 113 112 117 121 121 122 124 124 123 122 121 120 118 115 113 111 106 104 107 104 99 98 98 102 106 109 109 110 112 113 111 115 118 119 123 124 126 128 134 139 136 130 124 118 116 -9999 -9999 -9999 -9999 -9999 -9999
-9999 36 36 37 38 39 40 41 41 42 42 43 43 44 44 44 43 43 42 42 42 41 41 42 41 42 42 43 44 52 67 75 84 93 98 114 120 119 121 121 119 117 121 125 125 126 125 125 123 119 118 116 114 109 102 96 94 92 91 89 87 88 87 90 94 96 98 101 103 103 105 109 112 116 118 120 123 127 136 139 138 128 122 117 113 -9999 -9999 -9999 -9999 -9999
-9999 37 37 38 39 40 41 43 47 45 43 43 44 45 45 47 45 44 43 43 42 42 41 41 41 42 39 44 45 48 56 65 81 92 103 118 125 122 124 127 126 124 123 123 126 128 125 126 123 120 116 114 112 106 98 90 88 87 81 79 78 76 77 80 82 84 86 87 89 94 98 102 105 109 116 118 119 124 131 136 136 132 128 121 116 113 -9999 -9999 -9999 -9999
-9999 37 38 39 40 40 41 43 46 48 48 44 45 45 46 48 48 47 45 44 43 43 40 39 38 36 37 40 49 56 59 66 77 86 96 111 125 126 129 132 132 131 132 127 125 125 123 125 123 118 116 112 107 101 93 86 81 79 75 73 70 70 70 72 74 75 78 79 82 85 93 97 97 100 106 111 117 119 123 128 131 134 131 126 121 117 115 111 -9999 -9999
-9999 38 39 40 40 41 46 50 52 53 53 52 53 53 50 47 45 45 45 45 44 44 44 40 36 35 36 40 53 67 70 70 75 82 92 111 127 123 129 136 136 134 136 133 125 125 124 123 121 119 115 108 102 95 89 83 77 76 73 68 65 64 64 66 69 69 70 73 77 80 85 88 90 96 100 101 110 116 118 121 124 129 129 127 125 122 118 112 107 -9999
-9999 38 39 40 40 41 43 50 55 57 58 59 62 65 61 55 50 46 45 45 45 45 45 45 38 34 37 39 45 65 71 74 81 90 99 118 123 119 126 135 137 136 136 136 126 126 125 120 119 114 109 103 96 90 85 81 76 73 71 66 62 61 60 61 64 64 66 68 72 75 78 83 88 90 93 98 102 106 110 118 121 124 126 126 125 124 121 117 108 103
-9999 36 39 40 41 41 42 43 44 46 46 53 56 63 63 61 60 55 49 46 45 46 46 46 40 34 35 36 40 62 71 72 78 85 91 103 109 107 117 130 137 139 138 136 123 122 124 120 113 106 102 97 91 87 84 79 75 72 69 63 59 55 55 57 59 60 63 65 67 71 77 81 84 88 90 96 99 101 107 115 118 121 122 124 123 122 121 119 116 104
-9999 31 35 39 40 41 42 42 37 43 44 45 48 54 55 53 52 52 53 53 46 44 46 47 46 38 34 35 36 39 45 53 79 87 88 91 97 99 111 135 135 138 136 134 121 115 121 118 109 102 95 89 87 83 78 75 73 70 66 60 56 52 51 53 54 56 58 62 64 69 74 78 83 86 90 93 98 101 106 112 117 120 122 121 120 119 120 119 114 102
-9999 40 36 34 39 35 30 31 30 29 28 29 33 45 43 41 43 33 34 45 42 37 37 37 34 34 34 35 36 36 38 41 53 87 86 75 71 80 124 148 144 134 129 128 115 111 114 110 104 97 90 85 80 78 79 74 71 67 62 56 53 49 50 50 52 54 55 58 61 65 71 77 80 84 87 93 95 99 106 112 118 119 120 120 120 120 120 116 106 102
-9999 41 41 41 42 40 39 32 29 28 27 25 24 24 23 24 25 27 30 31 33 35 34 34 34 34 35 35 36 36 37 37 38 41 41 43 70 73 109 142 152 147 137 131 116 105 105 104 99 90 87 84 81 76 75 74 70 65 59 55 51 49 48 50 50 50 54 56 59 62 68 73 77 81 84 88 92 98 106 111 115 120 120 120 120 119 118 110 103 -9999
-9999 42 43 43 43 44 40 33 31 28 26 24 23 21 22 23 25 27 32 31 32 33 34 35 37 37 36 35 35 36 36 36 36 37 38 39 43 51 65 110 133 133 131 107 97 97 96 94 91 88 84 78 -9999 -9999 -9999 -9999 -9999 62 58 56 53 50 49 51 51 49 53 54 56 62 67 70 73 76 79 83 90 96 100 103 110 116 118 120 119 117 112 103 -9999 -9999
-9999 47 53 55 53 48 46 46 39 32 38 41 32 21 23 27 27 29 31 32 33 34 37 45 57 55 49 38 36 36 36 36 36 -9999 -9999 -9999 39 44 50 72 99 96 90 87 87 89 89 87 83 80 -9999 -9999 -9999 -9999 -9999 -9999 -9999 52 50 -9999 50 46 45 -9999 -9999 -9999 -9999 -9999 -9999 -9999 62 63 62 63 69 79 86 90 96 99 107 113 115 114 113 112 106 98 -9999 -9999
