Humedad_Suelo_ASC/terraclimate_soil_2018.txt
ncols         92
nrows         62
xllcorner     -72.083333333358
yllcorner     17.458333333309
cellsize      0.041666666666657
NODATA_value  -9999
[rows 0 to 38 of 62, columns 0 to 88 of 92]
-9999 -9999 -9999 -9999 -9999 -9999 -9999 -9999 -9999 -9999 -9999 -9999 -9999 -9999 -9999 -9999 -9999 -9999 -9999 -9999 -9999 -9999 -9999 -9999 -9999 -9999 -9999 -9999 -9999 -9999 -9999 -9999 -9999 -9999 -9999 -9999 -9999 -9999 -9999 -9999 -9999 -9999 -9999 -9999 -9999 -9999 -9999 -9999 -9999 -9999 -9999 -9999 -9999 -9999 -9999 -9999 -9999 -9999 -9999 -9999 -9999 -9999 -9999 -9999 -9999 -9999 -9999 -9999 -9999 -9999 -9999 -9999 -9999 -9999 -9999 -9999 -9999 -9999 -9999 -9999 -9999 -9999 -9999 -9999 -9999 -9999 -9999 -9999 -9999
-9999 -9999 -9999 -9999 -9999 -9999 -9999 -9999 -9999 -9999 -9999 -9999 -9999 -9999 -9999 -9999 -9999 -9999 -9999 -9999 -9999 -9999 -9999 -9999 -9999 -9999 -9999 -9999 -9999 -9999 -9999 -9999 -9999 -9999 -9999 -9999 -9999 -9999 -9999 -9999 -9999 -9999 -9999 -9999 -9999 -9999 -9999 -9999 -9999 -9999 -9999 -9999 -9999 -9999 -9999 -9999 -9999 -9999 -9999 -9999 -9999 -9999 -9999 -9999 -9999 -9999 -9999 -9999 -9999 -9999 -9999 -9999 -9999 -9999 -9999 -9999 -9999 -9999 -9999 -9999 -9999 -9999 -9999 -9999 -9999 -9999 -9999 -9999 -9999
-9999 -9999 -9999 -9999 -9999 -9999 -9999 -9999 -9999 -9999 -9999 -9999 -9999 -9999 -9999 -9999 -9999 -9999 -9999 -9999 -9999 -9999 -9999 -9999 194 195 195 -9999 -9999 -9999 -9999 -9999 -9999 -9999 -9999 -9999 -9999 -9999 -9999 -9999 -9999 -9999 -9999 -9999 -9999 -9999 -9999 -9999 -9999 -9999 -9999 -9999 -9999 -9999 -9999 -9999 -9999 -9999 -9999 -9999 -9999 -9999 -9999 -9999 -9999 -9999 -9999 -9999 -9999 -9999 -9999 -9999 -9999 -9999 -9999 -9999 -9999 -9999 -9999 -9999 -9999 -9999 -9999 -9999 -9999 -9999 -9999 -9999 -9999
-9999 -9999 -9999 -9999 -9999 -9999 151 -9999 -9999 -9999 170 174 179 184 187 188 -9999 -9999 -9999 -9999 -9999 -9999 -9999 -9999 200 201 200 198 196 193 191 -9999 -9999 -9999 -9999 -9999 -9999 -9999 -9999 -9999 -9999 -9999 -9999 -9999 -9999 -9999 -9999 -9999 -9999 -9999 -9999 -9999 -9999 -9999 -9999 -9999 -9999 -9999 -9999 -9999 -9999 -9999 -9999 -9999 -9999 -9999 -9999 -9999 -9999 -9999 -9999 -9999 -9999 -9999 -9999 -9999 -9999 -9999 -9999 -9999 -9999 -9999 -9999 -9999 -9999 -9999 -9999 -9999 -9999
-9999 -9999 -9999 -9999 -9999 -9999 -9999 -9999 -9999 166 172 178 183 189 193 194 195 196 198 199 200 201 203 204 205 206 205 203 200 197 194 191 188 -9999 -9999 -9999 -9999 -9999 -9999 -9999 -9999 -9999 -9999 -9999 -9999 -9999 -9999 -9999 -9999 -9999 -9999 -9999 -9999 -9999 -9999 -9999 -9999 -9999 -9999 -9999 -9999 -9999 -9999 -9999 -9999 -9999 -9999 -9999 -9999 -9999 -9999 -9999 -9999 -9999 -9999 -9999 -9999 -9999 -9999 -9999 -9999 -9999 -9999 -9999 -9999 -9999 -9999 -9999 -9999
-9999 -9999 -9999 -9999 -9999 -9999 -9999 153 160 167 174 181 187 194 198 200 201 202 203 204 206 207 208 209 210 212 211 207 204 200 197 194 190 187 -9999 -9999 -9999 -9999 -9999 -9999 -9999 -9999 -9999 -9999 -9999 -9999 -9999 -9999 -9999 -9999 -9999 -9999 -9999 -9999 -9999 -9999 -9999 -9999 -9999 -9999 -9999 -9999 -9999 -9999 -9999 -9999 -9999 -9999 -9999 -9999 -9999 -9999 -9999 -9999 -9999 -9999 -9999 -9999 -9999 -9999 -9999 -9999 -9999 -9999 -9999 -9999 -9999 -9999 -9999
-9999 -9999 -9999 -9999 -9999 -9999 -9999 152 160 168 176 184 192 199 204 205 206 208 209 210 211 212 213 215 216 217 216 212 208 204 200 196 192 188 184 180 177 173 170 169 -9999 -9999 -9999 -9999 -9999 -9999 -9999 -9999 -9999 -9999 -9999 -9999 -9999 -9999 -9999 -9999 -9999 -9999 -9999 -9999 -9999 -9999 -9999 -9999 -9999 -9999 -9999 -9999 -9999 -9999 -9999 -9999 -9999 -9999 -9999 -9999 -9999 -9999 -9999 -9999 -9999 -9999 -9999 -9999 -9999 -9999 -9999 -9999 -9999
-9999 103 107 116 125 134 142 -9999 160 169 178 187 180 178 184 192 212 213 214 215 217 218 219 220 221 222 221 216 212 207 203 198 194 190 185 181 176 172 169 168 167 -9999 -9999 -9999 -9999 -9999 -9999 -9999 -9999 -9999 -9999 -9999 -9999 -9999 -9999 -9999 -9999 -9999 -9999 -9999 -9999 -9999 -9999 -9999 -9999 -9999 -9999 -9999 -9999 -9999 -9999 -9999 -9999 -9999 -9999 -9999 -9999 -9999 -9999 -9999 -9999 -9999 -9999 -9999 -9999 -9999 -9999 -9999 -9999
-9999 96 101 111 120 130 140 150 160 150 147 149 148 153 153 152 163 191 210 221 222 223 224 225 227 228 226 221 216 211 206 201 196 191 186 181 176 171 168 167 166 164 163 -9999 -9999 -9999 -9999 -9999 157 156 155 155 -9999 -9999 -9999 -9999 -9999 -9999 -9999 -9999 -9999 -9999 -9999 -9999 -9999 -9999 -9999 -9999 -9999 -9999 -9999 -9999 -9999 -9999 -9999 -9999 -9999 -9999 -9999 -9999 -9999 -9999 -9999 -9999 -9999 -9999 -9999 -9999 -9999
-9999 90 94 105 116 127 138 149 160 162 150 155 154 142 143 146 139 152 163 174 184 206 224 231 232 233 231 225 220 214 209 203 198 192 187 181 176 170 167 166 165 164 162 161 160 159 -9999 157 156 155 154 154 154 -9999 -9999 -9999 -9999 -9999 -9999 -9999 -9999 -9999 -9999 -9999 -9999 -9999 -9999 -9999 -9999 -9999 -9999 -9999 -9999 -9999 -9999 -9999 -9999 -9999 -9999 -9999 -9999 -9999 -9999 -9999 -9999 -9999 -9999 -9999 -9999
-9999 84 88 100 112 124 136 148 160 166 174 171 174 166 157 154 145 194 177 158 157 161 166 171 197 239 236 230 224 218 212 206 200 194 187 181 175 169 166 165 164 163 161 160 159 158 157 156 155 154 153 153 153 -9999 -9999 -9999 -9999 -9999 -9999 -9999 -9999 -9999 -9999 -9999 -9999 -9999 -9999 -9999 -9999 -9999 -9999 -9999 -9999 -9999 -9999 -9999 -9999 -9999 -9999 -9999 -9999 -9999 -9999 -9999 -9999 -9999 -9999 -9999 -9999
-9999 77 82 95 108 121 134 147 160 172 185 179 167 181 195 160 147 178 235 204 178 158 139 136 132 154 212 234 228 221 215 208 201 195 188 182 175 168 165 164 163 162 161 160 158 157 156 155 154 153 153 153 152 -9999 -9999 -9999 -9999 -9999 -9999 -9999 -9999 -9999 -9999 -9999 -9999 -9999 -9999 -9999 -9999 -9999 -9999 -9999 -9999 -9999 -9999 -9999 -9999 -9999 -9999 -9999 -9999 -9999 -9999 -9999 -9999 -9999 -9999 -9999 -9999
-9999 71 76 90 104 118 132 146 160 174 188 202 216 214 184 165 151 183 199 216 244 214 201 130 118 138 170 218 232 225 218 210 203 196 189 182 175 168 164 163 162 161 160 159 158 157 156 155 154 153 152 152 152 152 -9999 -9999 -9999 -9999 -9999 -9999 -9999 -9999 -9999 -9999 -9999 -9999 -9999 -9999 -9999 -9999 -9999 -9999 -9999 -9999 -9999 -9999 -9999 -9999 -9999 -9999 -9999 -9999 -9999 -9999 -9999 -9999 -9999 -9999 -9999
-9999 69 74 88 102 116 130 144 158 172 187 201 215 229 229 189 169 176 187 192 210 215 234 153 148 150 164 216 229 222 215 208 201 193 186 179 172 165 161 160 160 159 158 157 156 155 155 154 153 152 152 151 151 -9999 -9999 -9999 -9999 -9999 -9999 -9999 -9999 -9999 -9999 -9999 -9999 -9999 -9999 -9999 -9999 -9999 -9999 -9999 -9999 -9999 -9999 -9999 -9999 -9999 -9999 -9999 -9999 -9999 -9999 -9999 -9999 -9999 -9999 -9999 -9999
-9999 72 76 90 103 116 129 142 155 168 181 194 207 220 227 221 228 221 202 200 231 232 233 157 185 200 190 225 219 213 206 200 193 187 180 174 167 161 158 157 156 156 155 155 154 154 153 153 152 152 151 151 151 151 -9999 -9999 -9999 -9999 -9999 -9999 -9999 -9999 -9999 -9999 -9999 -9999 -9999 -9999 -9999 -9999 -9999 -9999 -9999 -9999 -9999 -9999 -9999 -9999 -9999 -9999 -9999 -9999 -9999 -9999 -9999 -9999 -9999 -9999 -9999
-9999 74 79 91 103 115 127 139 151 163 175 187 199 211 217 218 218 219 219 220 221 221 222 219 223 223 221 215 209 203 197 192 186 180 174 169 163 157 154 154 153 153 153 153 152 152 152 152 151 151 151 151 151 150 -9999 -9999 -9999 -9999 -9999 -9999 -9999 -9999 -9999 -9999 -9999 -9999 -9999 -9999 -9999 -9999 -9999 -9999 -9999 -9999 -9999 -9999 -9999 -9999 -9999 -9999 -9999 -9999 -9999 -9999 -9999 -9999 -9999 -9999 -9999
-9999 77 82 93 104 114 125 136 147 158 169 180 191 202 208 208 209 209 209 210 210 210 211 211 211 212 209 204 199 194 189 184 178 173 168 163 158 153 150 150 150 150 150 150 150 150 150 150 150 150 150 150 150 150 150 -9999 -9999 -9999 -9999 -9999 -9999 -9999 -9999 -9999 -9999 -9999 -9999 148 148 -9999 -9999 -9999 -9999 -9999 -9999 -9999 -9999 -9999 -9999 -9999 -9999 -9999 -9999 -9999 -9999 -9999 -9999 -9999 -9999
-9999 71 84 94 104 114 124 134 144 154 164 174 184 194 199 199 199 199 199 199 199 200 200 200 200 200 198 193 189 185 180 176 171 167 162 158 153 149 147 147 147 148 148 148 145 149 149 149 150 150 150 150 150 150 149 149 -9999 -9999 -9999 149 148 148 148 148 148 148 148 148 148 148 148 -9999 -9999 -9999 -9999 -9999 -9999 -9999 -9999 -9999 -9999 -9999 -9999 -9999 -9999 -9999 -9999 -9999 -9999
-9999 55 81 96 104 113 122 131 140 149 158 167 176 185 189 189 189 189 189 189 189 189 189 189 189 189 187 183 179 175 171 168 164 160 156 152 148 145 143 144 144 145 145 143 137 142 147 148 149 149 150 149 149 149 149 149 149 149 148 148 148 148 148 148 148 148 148 147 147 147 147 -9999 -9999 -9999 -9999 -9999 -9999 -9999 -9999 -9999 -9999 -9999 -9999 -9999 -9999 -9999 -9999 -9999 -9999
-9999 42 59 88 105 113 121 129 136 144 152 160 168 176 180 180 179 179 179 179 178 178 178 178 177 177 175 172 169 166 163 160 156 153 150 147 144 141 139 140 141 142 143 138 133 136 139 143 148 149 149 149 149 149 149 148 148 148 148 148 148 147 147 147 147 147 147 147 147 147 -9999 -9999 -9999 -9999 -9999 -9999 -9999 -9999 -9999 -9999 -9999 -9999 -9999 -9999 -9999 -9999 -9999 -9999 -9999
-9999 34 40 69 98 112 115 126 133 140 147 153 160 167 170 170 169 169 169 168 168 167 167 166 166 166 164 162 159 157 154 152 149 147 144 142 139 136 136 137 138 139 140 133 129 130 133 136 142 147 149 149 148 148 148 148 148 148 147 -9999 -9999 -9999 147 147 147 147 147 147 147 -9999 -9999 -9999 -9999 -9999 -9999 -9999 -9999 -9999 -9999 -9999 -9999 -9999 -9999 -9999 -9999 -9999 -9999 -9999 -9999
-9999 30 34 44 60 74 91 97 114 135 139 147 153 158 161 160 160 159 158 158 157 157 156 155 155 154 153 151 149 147 145 144 142 140 138 136 134 132 132 134 135 136 138 131 126 127 129 133 137 142 145 147 148 146 148 146 146 147 147 -9999 -9999 -9999 -9999 -9999 -9999 -9999 -9999 -9999 -9999 -9999 -9999 -9999 -9999 -9999 -9999 -9999 -9999 -9999 -9999 -9999 -9999 -9999 -9999 -9999 -9999 -9999 -9999 -9999 -9999
-9999 32 34 41 50 58 67 78 81 93 100 126 145 150 152 151 150 149 148 147 147 146 145 144 143 143 142 140 139 138 137 136 134 133 132 131 130 128 129 130 132 134 135 132 124 126 129 133 137 141 143 145 144 145 145 143 144 144 144 -9999 146 146 146 146 146 -9999 -9999 -9999 -9999 -9999 -9999 -9999 -9999 -9999 -9999 -9999 -9999 -9999 -9999 -9999 -9999 -9999 -9999 -9999 -9999 -9999 -9999 -9999 -9999
-9999 42 37 42 48 54 63 68 72 76 80 96 119 141 142 141 140 139 133 137 136 135 134 133 132 131 130 130 129 129 128 128 127 126 126 125 125 124 125 127 129 131 133 134 126 128 129 131 136 139 143 144 145 145 144 143 143 143 144 144 146 146 146 146 146 146 146 -9999 -9999 -9999 -9999 -9999 -9999 -9999 -9999 -9999 -9999 -9999 -9999 -9999 -9999 -9999 -9999 -9999 -9999 -9999 -9999 -9999 -9999
-9999 42 40 45 50 55 57 61 67 69 71 74 77 84 102 132 129 129 115 105 119 124 123 122 121 120 119 119 119 119 119 119 120 120 120 120 120 120 121 124 126 128 130 131 125 130 130 132 135 138 139 140 142 142 139 140 141 141 143 144 145 145 145 145 145 145 145 145 145 145 145 145 -9999 145 146 146 146 -9999 -9999 -9999 -9999 -9999 -9999 -9999 -9999 -9999 -9999 -9999 -9999
-9999 45 46 49 52 56 61 63 67 68 67 68 69 68 75 77 83 96 93 105 121 120 119 117 116 115 115 115 116 116 117 118 118 119 119 120 120 121 122 124 127 129 131 133 128 129 130 131 135 138 137 137 139 139 137 137 137 138 138 138 140 143 144 144 144 144 144 145 145 145 145 145 146 146 146 146 146 147 147 147 -9999 -9999 -9999 -9999 -9999 -9999 -9999 -9999 -9999
-9999 48 51 54 55 59 63 64 68 67 67 66 65 65 66 67 74 78 77 80 106 122 121 120 118 109 117 118 119 120 121 122 122 123 124 125 126 127 128 130 131 133 134 136 130 132 132 133 136 138 136 134 135 135 133 133 132 131 131 130 131 134 137 140 141 141 142 141 142 145 145 146 146 147 147 147 147 147 147 148 148 145 -9999 -9999 -9999 -9999 -9999 -9999 -9999
-9999 47 52 56 59 64 68 70 71 72 67 65 63 64 64 65 68 68 71 66 76 93 106 114 112 103 110 109 109 87 104 126 111 128 129 130 132 133 134 135 136 137 138 137 133 135 135 135 136 136 135 133 130 131 131 128 124 124 121 119 122 126 128 130 131 133 133 133 135 137 143 146 147 148 149 149 148 148 148 148 148 148 142 -9999 -9999 -9999 -9999 -9999 -9999
-9999 51 56 58 63 68 69 74 78 71 68 66 65 67 69 65 64 59 52 45 41 48 53 50 62 64 82 64 74 103 128 130 131 133 134 136 137 139 140 140 140 141 141 140 134 136 136 135 135 134 133 131 126 122 118 113 111 114 111 106 106 106 109 114 117 119 121 126 126 122 128 134 139 144 146 149 149 149 149 149 149 149 142 136 -9999 -9999 -9999 -9999 -9999
-9999 54 58 62 69 75 83 97 101 96 78 76 74 77 83 77 71 66 47 36 35 31 31 33 30 35 30 33 42 97 127 134 136 137 139 141 143 144 145 145 145 145 145 144 137 139 138 138 136 132 130 128 121 117 109 103 101 99 98 97 94 95 95 97 101 104 106 109 111 111 113 118 122 127 135 140 146 150 150 150 149 149 149 137 130 -9999 -9999 -9999 -9999
-9999 55 58 64 75 93 114 122 123 125 117 83 81 83 100 107 94 81 72 40 32 26 24 23 22 26 18 27 33 39 65 105 140 142 144 146 148 150 151 150 150 149 148 143 139 140 137 139 136 133 129 125 120 113 105 97 95 94 89 85 85 83 84 86 89 91 93 94 97 102 106 111 113 117 125 131 134 148 151 150 150 150 149 149 137 132 -9999 -9999 -9999
-9999 61 63 70 84 90 91 98 110 118 122 100 87 85 94 109 108 116 97 75 37 28 21 17 16 12 14 18 44 98 61 111 129 138 149 151 154 156 157 156 154 153 152 146 138 138 135 138 136 130 126 119 114 108 99 92 88 85 82 80 78 76 77 79 80 82 85 86 89 93 100 105 101 107 114 120 127 132 147 151 151 150 149 149 148 138 131 126 -9999
-9999 61 67 71 74 99 123 124 126 127 129 130 120 110 95 91 84 85 96 80 48 39 31 18 12 11 11 17 52 125 115 85 115 118 134 157 159 162 162 161 159 157 156 150 137 138 136 135 133 130 123 115 109 102 96 89 84 83 79 74 71 70 70 73 76 76 77 80 84 87 79 81 84 100 108 103 119 126 131 139 151 150 150 149 149 148 139 129 122
-9999 56 62 65 69 81 118 126 127 129 130 132 133 134 135 127 99 84 78 71 50 53 51 37 16 9 12 14 25 98 115 115 128 139 155 162 165 168 168 166 164 161 159 153 133 136 136 129 126 121 116 111 102 97 92 87 83 79 78 73 68 67 66 67 70 70 65 64 65 63 57 68 73 78 83 85 94 113 121 130 140 150 150 149 149 148 147 136 116
-9999 23 28 61 67 69 76 88 116 129 125 133 134 135 136 136 136 129 99 81 38 38 44 32 18 10 9 9 14 49 74 62 85 94 93 155 141 67 93 151 168 165 163 152 130 130 132 127 120 113 109 104 98 94 90 86 82 78 75 69 65 61 61 56 51 47 43 43 45 46 48 57 62 64 70 77 76 89 103 127 134 144 148 150 149 148 147 147 133
-9999 18 20 23 25 30 66 69 27 37 40 84 114 136 137 131 120 125 133 122 52 27 38 41 30 15 9 9 9 10 17 28 51 106 50 39 43 30 47 176 165 167 156 145 128 123 128 125 116 110 102 96 94 90 85 82 80 76 73 66 62 51 41 37 36 34 33 34 35 37 40 43 47 51 58 67 72 74 86 109 128 137 145 148 146 148 147 147 127
-9999 29 21 18 24 23 16 22 17 13 13 16 21 36 33 30 30 20 22 36 27 20 20 18 14 11 9 9 9 9 9 10 25 43 35 24 22 21 84 181 178 149 147 139 122 117 121 117 111 103 97 91 86 85 85 80 76 73 69 54 43 35 34 32 30 27 27 28 29 30 34 36 39 40 44 52 59 66 86 103 121 136 138 141 142 148 147 133 106
-9999 61 62 53 62 28 26 21 18 15 12 9 8 10 10 10 12 18 24 22 23 21 18 16 14 10 9 9 9 9 9 10 10 10 11 11 21 20 31 183 179 175 155 142 123 112 112 111 106 97 94 90 87 82 82 81 76 60 48 39 34 32 29 25 24 21 18 19 23 26 30 30 32 33 35 40 47 58 80 97 115 131 136 139 141 142 141 113 98
-9999 69 73 68 69 71 30 23 19 16 11 8 8 9 14 20 21 22 30 20 17 20 19 18 17 13 9 9 9 9 9 10 10 10 10 10 12 15 19 63 164 158 149 95 89 103 103 100 99 95 90 84 -9999 -9999 -9999 -9999 -9999 37 34 33 30 28 25 23 21 17 15 16 18 20 23 26 27 28 30 32 40 52 66 85 106 129 133 137 138 133 112 97 -9999
