Humedad_Suelo_ASC/terraclimate_soil_1993.txt
ncols         92
nrows         62
xllcorner     -72.083333333358
yllcorner     17.458333333309
cellsize      0.041666666666657
NODATA_value  -9999
[rows 0 to 39 of 62, columns 0 to 91 of 92]
-9999 -9999 -9999 -9999 -9999 -9999 -9999 -9999 -9999 -9999 -9999 -9999 -9999 -9999 -9999 -9999 -9999 -9999 -9999 -9999 -9999 -9999 -9999 -9999 -9999 -9999 -9999 -9999 -9999 -9999 -9999 -9999 -9999 -9999 -9999 -9999 -9999 -9999 -9999 -9999 -9999 -9999 -9999 -9999 -9999 -9999 -9999 -9999 -9999 -9999 -9999 -9999 -9999 -9999 -9999 -9999 -9999 -9999 -9999 -9999 -9999 -9999 -9999 -9999 -9999 -9999 -9999 -9999 -9999 -9999 -9999 -9999 -9999 -9999 -9999 -9999 -9999 -9999 -9999 -9999 -9999 -9999 -9999 -9999 -9999 -9999 -9999 -9999 -9999 -9999 -9999 -9999
-9999 -9999 -9999 -9999 -9999 -9999 -9999 -9999 -9999 -9999 -9999 -9999 -9999 -9999 -9999 -9999 -9999 -9999 -9999 -9999 -9999 -9999 -9999 -9999 -9999 -9999 -9999 -9999 -9999 -9999 -9999 -9999 -9999 -9999 -9999 -9999 -9999 -9999 -9999 -9999 -9999 -9999 -9999 -9999 -9999 -9999 -9999 -9999 -9999 -9999 -9999 -9999 -9999 -9999 -9999 -9999 -9999 -9999 -9999 -9999 -9999 -9999 -9999 -9999 -9999 -9999 -9999 -9999 -9999 -9999 -9999 -9999 -9999 -9999 -9999 -9999 -9999 -9999 -9999 -9999 -9999 -9999 -9999 -9999 -9999 -9999 -9999 -9999 -9999 -9999 -9999 -9999
-9999 -9999 -9999 -9999 -9999 -9999 -9999 -9999 -9999 -9999 -9999 -9999 -9999 -9999 -9999 -9999 -9999 -9999 -9999 -9999 -9999 -9999 -9999 -9999 157 186 195 -9999 -9999 -9999 -9999 -9999 -9999 -9999 -9999 -9999 -9999 -9999 -9999 -9999 -9999 -9999 -9999 -9999 -9999 -9999 -9999 -9999 -9999 -9999 -9999 -9999 -9999 -9999 -9999 -9999 -9999 -9999 -9999 -9999 -9999 -9999 -9999 -9999 -9999 -9999 -9999 -9999 -9999 -9999 -9999 -9999 -9999 -9999 -9999 -9999 -9999 -9999 -9999 -9999 -9999 -9999 -9999 -9999 -9999 -9999 -9999 -9999 -9999 -9999 -9999 -9999
-9999 -9999 -9999 -9999 -9999 -9999 33 -9999 -9999 -9999 14 14 15 16 16 16 -9999 -9999 -9999 -9999 -9999 -9999 -9999 -9999 155 191 200 198 196 193 191 -9999 -9999 -9999 -9999 -9999 -9999 -9999 -9999 -9999 -9999 -9999 -9999 -9999 -9999 -9999 -9999 -9999 -9999 -9999 -9999 -9999 -9999 -9999 -9999 -9999 -9999 -9999 -9999 -9999 -9999 -9999 -9999 -9999 -9999 -9999 -9999 -9999 -9999 -9999 -9999 -9999 -9999 -9999 -9999 -9999 -9999 -9999 -9999 -9999 -9999 -9999 -9999 -9999 -9999 -9999 -9999 -9999 -9999 -9999 -9999 -9999
-9999 -9999 -9999 -9999 -9999 -9999 -9999 -9999 -9999 14 14 15 15 16 18 18 18 18 19 20 33 49 77 111 144 185 205 203 200 197 194 191 188 -9999 -9999 -9999 -9999 -9999 -9999 -9999 -9999 -9999 -9999 -9999 -9999 -9999 -9999 -9999 -9999 -9999 -9999 -9999 -9999 -9999 -9999 -9999 -9999 -9999 -9999 -9999 -9999 -9999 -9999 -9999 -9999 -9999 -9999 -9999 -9999 -9999 -9999 -9999 -9999 -9999 -9999 -9999 -9999 -9999 -9999 -9999 -9999 -9999 -9999 -9999 -9999 -9999 -9999 -9999 -9999 -9999 -9999 -9999
-9999 -9999 -9999 -9999 -9999 -9999 -9999 12 13 14 14 15 15 16 18 18 20 23 24 24 28 47 71 98 128 164 206 207 204 200 197 194 190 187 -9999 -9999 -9999 -9999 -9999 -9999 -9999 -9999 -9999 -9999 -9999 -9999 -9999 -9999 -9999 -9999 -9999 -9999 -9999 -9999 -9999 -9999 -9999 -9999 -9999 -9999 -9999 -9999 -9999 -9999 -9999 -9999 -9999 -9999 -9999 -9999 -9999 -9999 -9999 -9999 -9999 -9999 -9999 -9999 -9999 -9999 -9999 -9999 -9999 -9999 -9999 -9999 -9999 -9999 -9999 -9999 -9999 -9999
-9999 -9999 -9999 -9999 -9999 -9999 -9999 12 13 13 14 14 15 16 17 18 19 22 24 27 37 72 96 103 124 153 187 212 208 204 200 196 192 188 184 180 177 173 170 169 -9999 -9999 -9999 -9999 -9999 -9999 -9999 -9999 -9999 -9999 -9999 -9999 -9999 -9999 -9999 -9999 -9999 -9999 -9999 -9999 -9999 -9999 -9999 -9999 -9999 -9999 -9999 -9999 -9999 -9999 -9999 -9999 -9999 -9999 -9999 -9999 -9999 -9999 -9999 -9999 -9999 -9999 -9999 -9999 -9999 -9999 -9999 -9999 -9999 -9999 -9999 -9999
-9999 22 15 11 10 11 11 -9999 12 13 13 14 14 15 15 16 17 19 20 22 24 36 63 107 136 147 170 209 212 207 203 198 194 190 185 181 176 172 169 168 167 -9999 -9999 -9999 -9999 -9999 -9999 -9999 -9999 -9999 -9999 -9999 -9999 -9999 -9999 -9999 -9999 -9999 -9999 -9999 -9999 -9999 -9999 -9999 -9999 -9999 -9999 -9999 -9999 -9999 -9999 -9999 -9999 -9999 -9999 -9999 -9999 -9999 -9999 -9999 -9999 -9999 -9999 -9999 -9999 -9999 -9999 -9999 -9999 -9999 -9999 -9999
-9999 19 13 11 10 10 11 11 11 11 12 13 14 15 15 15 16 18 19 20 21 23 34 60 95 145 174 181 210 211 206 201 196 191 186 181 176 171 168 167 166 164 163 -9999 -9999 -9999 -9999 -9999 157 156 155 155 -9999 -9999 -9999 -9999 -9999 -9999 -9999 -9999 -9999 -9999 -9999 -9999 -9999 -9999 -9999 -9999 -9999 -9999 -9999 -9999 -9999 -9999 -9999 -9999 -9999 -9999 -9999 -9999 -9999 -9999 -9999 -9999 -9999 -9999 -9999 -9999 -9999 -9999 -9999 -9999
-9999 20 11 10 10 10 11 11 11 11 12 13 14 15 16 16 16 17 18 19 19 21 22 28 43 66 109 159 184 202 209 203 198 192 187 181 176 170 167 166 165 164 162 161 160 159 -9999 157 156 155 154 154 154 -9999 -9999 -9999 -9999 -9999 -9999 -9999 -9999 -9999 -9999 -9999 -9999 -9999 -9999 -9999 -9999 -9999 -9999 -9999 -9999 -9999 -9999 -9999 -9999 -9999 -9999 -9999 -9999 -9999 -9999 -9999 -9999 -9999 -9999 -9999 -9999 -9999 -9999 -9999
-9999 20 18 10 10 10 11 11 11 11 13 14 15 16 17 18 17 20 19 19 19 20 20 21 24 33 57 84 129 177 202 203 200 194 187 181 175 169 166 165 164 163 161 160 159 158 157 156 155 154 153 153 153 -9999 -9999 -9999 -9999 -9999 -9999 -9999 -9999 -9999 -9999 -9999 -9999 -9999 -9999 -9999 -9999 -9999 -9999 -9999 -9999 -9999 -9999 -9999 -9999 -9999 -9999 -9999 -9999 -9999 -9999 -9999 -9999 -9999 -9999 -9999 -9999 -9999 -9999 -9999
-9999 31 14 11 10 10 11 11 11 12 14 15 16 17 19 18 18 20 22 21 21 20 20 20 20 22 33 52 78 110 155 197 201 195 188 182 175 168 165 164 163 162 161 160 158 157 156 155 154 153 153 153 152 -9999 -9999 -9999 -9999 -9999 -9999 -9999 -9999 -9999 -9999 -9999 -9999 -9999 -9999 -9999 -9999 -9999 -9999 -9999 -9999 -9999 -9999 -9999 -9999 -9999 -9999 -9999 -9999 -9999 -9999 -9999 -9999 -9999 -9999 -9999 -9999 -9999 -9999 -9999
-9999 16 20 17 10 11 12 12 12 13 15 17 17 18 18 18 18 20 21 22 25 23 23 20 20 22 23 33 47 64 88 120 151 184 189 182 175 168 164 163 162 161 160 159 158 157 156 155 154 153 152 152 152 152 -9999 -9999 -9999 -9999 -9999 -9999 -9999 -9999 -9999 -9999 -9999 -9999 -9999 -9999 -9999 -9999 -9999 -9999 -9999 -9999 -9999 -9999 -9999 -9999 -9999 -9999 -9999 -9999 -9999 -9999 -9999 -9999 -9999 -9999 -9999 -9999 -9999 -9999
-9999 12 15 18 16 19 14 16 14 14 17 23 21 20 20 19 19 20 21 21 23 24 25 21 21 22 22 25 39 50 60 72 90 110 140 169 172 165 161 160 160 159 158 157 156 155 155 154 153 152 152 151 151 -9999 -9999 -9999 -9999 -9999 -9999 -9999 -9999 -9999 -9999 -9999 -9999 -9999 -9999 -9999 -9999 -9999 -9999 -9999 -9999 -9999 -9999 -9999 -9999 -9999 -9999 -9999 -9999 -9999 -9999 -9999 -9999 -9999 -9999 -9999 -9999 -9999 -9999 -9999
-9999 13 13 16 18 21 21 19 17 16 18 23 25 24 21 20 21 21 21 22 24 24 25 21 22 23 22 25 44 57 57 53 59 70 89 110 140 161 158 157 156 156 155 155 154 154 153 153 152 152 151 151 151 151 -9999 -9999 -9999 -9999 -9999 -9999 -9999 -9999 -9999 -9999 -9999 -9999 -9999 -9999 -9999 -9999 -9999 -9999 -9999 -9999 -9999 -9999 -9999 -9999 -9999 -9999 -9999 -9999 -9999 -9999 -9999 -9999 -9999 -9999 -9999 -9999 -9999 -9999
-9999 13 14 16 18 20 22 24 22 23 22 24 25 25 22 22 23 24 24 24 25 25 24 23 26 28 25 23 31 48 54 46 42 49 61 74 94 119 138 154 153 153 153 153 152 152 152 152 151 151 151 151 151 150 -9999 -9999 -9999 -9999 -9999 -9999 -9999 -9999 -9999 -9999 -9999 -9999 -9999 -9999 -9999 -9999 -9999 -9999 -9999 -9999 -9999 -9999 -9999 -9999 -9999 -9999 -9999 -9999 -9999 -9999 -9999 -9999 -9999 -9999 -9999 -9999 -9999 -9999
-9999 14 15 16 18 20 21 23 24 25 25 29 32 30 25 25 24 25 27 25 24 26 25 25 28 27 26 30 37 42 42 48 42 51 50 59 74 87 103 126 150 150 150 150 150 150 150 150 150 150 150 150 150 150 150 -9999 -9999 -9999 -9999 -9999 -9999 -9999 -9999 -9999 -9999 -9999 -9999 148 148 -9999 -9999 -9999 -9999 -9999 -9999 -9999 -9999 -9999 -9999 -9999 -9999 -9999 -9999 -9999 -9999 -9999 -9999 -9999 -9999 -9999 -9999 -9999
-9999 14 15 17 18 20 21 23 24 25 26 28 31 35 32 28 28 30 30 27 27 30 27 27 27 28 26 25 31 33 30 30 32 42 47 51 65 80 89 100 116 138 148 148 148 149 149 149 150 150 150 150 150 150 149 149 -9999 -9999 -9999 149 148 148 148 148 148 148 148 148 148 148 148 -9999 -9999 -9999 -9999 -9999 -9999 -9999 -9999 -9999 -9999 -9999 -9999 -9999 -9999 -9999 -9999 -9999 -9999 -9999 -9999 -9999
-9999 15 16 17 19 20 21 22 23 24 25 26 28 33 40 47 40 33 29 30 37 49 35 36 30 35 33 25 24 28 31 37 34 37 44 52 65 83 84 87 94 111 131 146 146 147 148 148 149 149 150 149 149 149 149 149 149 149 148 148 148 148 148 148 148 148 148 147 147 147 147 -9999 -9999 -9999 -9999 -9999 -9999 -9999 -9999 -9999 -9999 -9999 -9999 -9999 -9999 -9999 -9999 -9999 -9999 -9999 -9999 -9999
-9999 14 16 18 19 20 21 22 23 23 23 24 27 32 41 39 43 38 33 40 42 58 44 54 40 40 42 29 26 29 35 41 48 51 53 49 65 85 83 80 82 100 119 139 145 145 146 147 148 149 149 149 149 149 149 148 148 148 148 148 148 147 147 147 147 147 147 147 147 147 -9999 -9999 -9999 -9999 -9999 -9999 -9999 -9999 -9999 -9999 -9999 -9999 -9999 -9999 -9999 -9999 -9999 -9999 -9999 -9999 -9999 -9999
-9999 14 15 18 19 20 20 21 23 23 23 24 25 27 28 27 29 40 42 47 57 69 61 81 77 59 31 30 30 32 42 47 44 48 52 57 54 72 81 81 82 91 108 127 143 144 145 146 147 148 149 149 148 148 148 148 148 148 147 -9999 -9999 -9999 147 147 147 147 147 147 147 -9999 -9999 -9999 -9999 -9999 -9999 -9999 -9999 -9999 -9999 -9999 -9999 -9999 -9999 -9999 -9999 -9999 -9999 -9999 -9999 -9999 -9999 -9999
-9999 15 15 16 18 19 20 20 21 22 22 23 23 24 26 27 26 33 30 30 38 72 82 71 57 30 49 39 33 40 47 45 39 38 41 47 61 73 85 90 96 102 120 130 141 142 143 145 146 148 148 148 148 148 148 148 147 147 147 -9999 -9999 -9999 -9999 -9999 -9999 -9999 -9999 -9999 -9999 -9999 -9999 -9999 -9999 -9999 -9999 -9999 -9999 -9999 -9999 -9999 -9999 -9999 -9999 -9999 -9999 -9999 -9999 -9999 -9999 -9999 -9999 -9999
-9999 16 15 16 17 17 18 19 19 20 21 22 22 23 25 25 25 26 24 24 36 46 63 69 51 31 50 81 66 57 46 38 42 46 52 55 60 88 89 99 119 123 135 137 139 140 142 144 146 147 148 148 148 147 147 147 147 147 147 -9999 146 146 146 146 146 -9999 -9999 -9999 -9999 -9999 -9999 -9999 -9999 -9999 -9999 -9999 -9999 -9999 -9999 -9999 -9999 -9999 -9999 -9999 -9999 -9999 -9999 -9999 -9999 -9999 -9999 -9999
-9999 18 17 16 17 17 18 18 19 19 20 21 21 22 22 23 23 21 20 20 28 39 52 59 60 59 66 78 40 25 24 27 32 41 43 48 61 87 101 120 129 131 133 135 137 139 141 143 145 147 148 147 147 147 147 147 146 146 146 146 146 146 146 146 146 146 146 -9999 -9999 -9999 -9999 -9999 -9999 -9999 -9999 -9999 -9999 -9999 -9999 -9999 -9999 -9999 -9999 -9999 -9999 -9999 -9999 -9999 -9999 -9999 -9999 -9999
-9999 18 17 17 17 17 18 18 19 19 19 19 19 19 20 20 20 20 19 18 19 22 30 40 42 49 52 55 63 48 40 37 41 53 44 40 55 80 99 124 126 128 130 133 135 137 139 142 144 146 147 147 147 147 146 146 146 146 146 146 145 145 145 145 145 145 145 145 145 145 145 145 -9999 145 146 146 146 -9999 -9999 -9999 -9999 -9999 -9999 -9999 -9999 -9999 -9999 -9999 -9999 -9999 -9999 -9999
-9999 18 18 17 17 17 18 18 18 19 19 19 18 18 18 17 17 18 16 16 18 22 26 32 29 27 37 26 54 49 51 48 51 39 28 30 45 84 96 124 127 129 131 133 135 137 139 141 144 146 147 146 146 146 146 145 145 145 144 144 144 144 144 144 144 144 144 145 145 145 145 145 146 146 146 146 146 147 147 147 -9999 -9999 -9999 -9999 -9999 -9999 -9999 -9999 -9999 -9999 -9999 -9999
-9999 19 18 17 17 17 18 18 19 19 19 18 17 16 15 15 16 16 14 12 15 18 18 19 20 16 17 29 22 15 19 21 21 20 25 47 82 86 96 127 131 133 134 136 137 139 141 142 144 145 146 145 145 145 144 144 143 143 142 142 142 141 141 142 142 143 143 144 144 145 145 146 146 147 147 147 147 147 147 148 148 148 -9999 -9999 -9999 -9999 -9999 -9999 -9999 -9999 -9999 -9999
-9999 18 17 17 17 17 18 19 19 19 19 19 17 15 14 13 15 14 14 10 11 14 16 16 17 13 18 17 17 12 13 15 14 20 36 54 81 99 96 113 136 137 138 139 140 141 142 143 144 145 145 145 144 143 143 142 142 141 141 140 139 139 139 140 141 141 142 143 144 145 146 146 147 148 149 149 148 148 148 148 148 148 148 -9999 -9999 -9999 -9999 -9999 -9999 -9999 -9999 -9999
-9999 19 18 17 17 17 18 19 20 20 19 19 18 17 16 14 13 11 9 8 8 9 10 9 10 11 13 11 14 14 28 43 42 52 82 111 73 74 81 90 93 141 141 142 142 143 143 144 144 145 145 144 143 142 142 141 139 139 139 134 132 133 137 138 139 140 141 142 144 144 146 147 148 149 150 150 149 149 149 149 149 149 148 148 -9999 -9999 -9999 -9999 -9999 -9999 -9999 -9999
-9999 17 19 18 19 20 20 21 21 21 20 20 19 19 19 18 16 12 9 7 7 7 7 7 7 8 8 8 11 15 23 43 62 78 87 112 121 99 98 108 98 116 145 145 145 145 145 145 144 144 144 143 142 141 136 125 124 123 124 123 122 125 125 128 130 133 134 135 137 138 138 144 144 149 151 151 151 150 150 150 149 149 149 148 147 -9999 -9999 -9999 -9999 -9999 -9999 -9999
-9999 17 18 19 20 21 21 21 21 21 21 20 20 20 20 20 20 18 13 8 7 7 7 7 7 7 7 8 9 11 14 19 58 76 90 111 117 76 86 109 112 121 142 148 147 147 146 145 145 144 143 142 141 140 122 109 108 106 97 93 96 97 101 106 109 114 119 120 123 120 112 109 107 114 149 152 152 151 151 150 150 150 149 149 148 139 -9999 -9999 -9999 -9999 -9999 -9999
-9999 18 20 20 21 21 21 22 22 22 22 21 20 20 21 21 20 20 19 14 7 7 7 7 7 7 7 7 11 17 13 21 31 60 73 100 97 52 63 109 119 140 152 151 150 148 147 146 145 144 142 141 140 126 108 96 89 85 80 78 78 81 82 84 86 90 92 91 82 79 78 76 71 76 111 116 150 152 152 151 151 150 149 149 148 148 130 115 -9999 -9999 -9999 -9999
-9999 20 20 21 21 21 22 22 23 23 23 23 22 22 21 20 20 19 19 15 9 8 7 7 6 6 7 7 11 20 19 16 20 24 50 91 108 45 53 109 123 137 156 154 149 150 149 147 145 143 142 140 126 112 100 86 77 78 74 69 68 66 65 71 74 66 60 58 50 48 46 49 50 62 81 74 120 136 147 152 151 150 150 149 149 148 145 119 105 -9999 -9999 -9999
-9999 12 19 20 20 21 21 22 22 23 23 23 25 29 26 23 21 19 15 12 8 9 9 8 7 6 7 7 8 14 21 20 25 35 68 101 68 34 39 64 109 137 158 157 130 152 150 148 145 143 141 128 110 99 90 82 73 70 69 64 57 55 54 51 45 36 32 32 32 32 31 37 40 44 49 57 69 86 102 135 152 151 150 149 149 148 147 133 101 84 -9999 -9999
-9999 7 8 11 13 19 19 19 18 19 17 20 21 24 23 23 25 22 19 14 8 8 8 8 7 6 6 7 8 10 13 14 16 18 18 27 23 18 21 43 73 118 149 154 119 136 151 146 137 124 119 107 98 91 86 77 69 65 61 53 50 40 32 28 27 26 24 24 25 25 26 30 32 35 41 47 53 65 84 114 144 151 151 150 149 148 147 147 133 83 67 -9999
-9999 7 7 7 7 7 12 12 7 8 8 11 18 20 20 20 17 14 18 18 9 7 8 8 8 7 6 6 7 8 8 9 14 20 15 15 16 15 17 50 55 86 105 128 107 108 135 136 121 110 98 90 87 79 73 70 66 60 55 42 28 25 23 22 21 19 18 19 19 19 21 22 25 27 33 40 44 52 69 96 120 145 151 150 149 148 147 147 120 77 -9999 -9999
-9999 10 7 7 7 7 6 7 6 5 5 6 6 8 8 7 7 6 7 8 7 7 7 7 6 6 5 6 6 6 7 8 10 14 14 13 14 15 21 83 75 60 74 100 94 93 111 111 106 97 86 76 76 75 74 66 60 49 33 25 23 20 19 17 17 15 15 15 16 16 17 17 19 21 24 28 33 41 65 87 110 132 140 150 149 148 147 130 89 78 -9999 -9999
-9999 17 12 11 13 7 7 7 6 5 5 5 5 5 5 5 5 5 7 6 7 7 6 6 6 5 5 5 6 6 6 6 7 8 9 9 14 14 17 90 131 121 98 105 84 84 88 92 88 77 84 84 85 68 55 52 38 31 24 21 19 17 15 14 12 12 12 12 13 14 15 15 16 16 16 20 24 31 55 74 95 119 131 140 143 147 142 99 77 -9999 -9999 -9999
-9999 22 20 20 19 18 7 7 6 5 5 5 5 5 5 6 6 6 8 6 5 6 6 7 7 6 6 5 6 6 6 6 6 6 8 9 10 11 13 20 82 89 97 46 44 67 74 74 73 72 69 57 -9999 -9999 -9999 -9999 -9999 22 20 18 16 14 12 11 11 11 11 11 11 12 12 13 13 13 13 14 17 23 36 54 78 108 120 134 134 126 97 74 -9999 -9999 -9999 -9999
-9999 22 23 24 23 21 18 8 7 7 7 8 6 5 6 8 7 6 7 5 5 6 7 8 9 11 8 6 6 6 6 6 6 -9999 -9999 -9999 8 10 10 14 20 21 22 24 28 39 50 54 51 52 -9999 -9999 -9999 -9999 -9999 -9999 -9999 17 16 -9999 13 12 11 -9999 -9999 -9999 -9999 -9999 -9999 -9999 11 11 10 10 10 12 14 18 28 40 64 89 105 100 100 96 77 55 -9999 -9999 -9999 -9999
