Humedad_Suelo_ASC/terraclimate_soil_2001.txt
ncols         92
nrows         62
xllcorner     -72.083333333358
yllcorner     17.458333333309
cellsize      0.041666666666657
NODATA_value  -9999
[rows 0 to 39 of 62, columns 0 to 90 of 92]
-9999 -9999 -9999 -9999 -9999 -9999 -9999 -9999 -9999 -9999 -9999 -9999 -9999 -9999 -9999 -9999 -9999 -9999 -9999 -9999 -9999 -9999 -9999 -9999 -9999 -9999 -9999 -9999 -9999 -9999 -9999 -9999 -9999 -9999 -9999 -9999 -9999 -9999 -9999 -9999 -9999 -9999 -9999 -9999 -9999 -9999 -9999 -9999 -9999 -9999 -9999 -9999 -9999 -9999 -9999 -9999 -9999 -9999 -9999 -9999 -9999 -9999 -9999 -9999 -9999 -9999 -9999 -9999 -9999 -9999 -9999 -9999 -9999 -9999 -9999 -9999 -9999 -9999 -9999 -9999 -9999 -9999 -9999 -9999 -9999 -9999 -9999 -9999 -9999 -9999 -9999
-9999 -9999 -9999 -9999 -9999 -9999 -9999 -9999 -9999 -9999 -9999 -9999 -9999 -9999 -9999 -9999 -9999 -9999 -9999 -9999 -9999 -9999 -9999 -9999 -9999 -9999 -9999 -9999 -9999 -9999 -9999 -9999 -9999 -9999 -9999 -9999 -9999 -9999 -9999 -9999 -9999 -9999 -9999 -9999 -9999 -9999 -9999 -9999 -9999 -9999 -9999 -9999 -9999 -9999 -9999 -9999 -9999 -9999 -9999 -9999 -9999 -9999 -9999 -9999 -9999 -9999 -9999 -9999 -9999 -9999 -9999 -9999 -9999 -9999 -9999 -9999 -9999 -9999 -9999 -9999 -9999 -9999 -9999 -9999 -9999 -9999 -9999 -9999 -9999 -9999 -9999
-9999 -9999 -9999 -9999 -9999 -9999 -9999 -9999 -9999 -9999 -9999 -9999 -9999 -9999 -9999 -9999 -9999 -9999 -9999 -9999 -9999 -9999 -9999 -9999 192 195 195 -9999 -9999 -9999 -9999 -9999 -9999 -9999 -9999 -9999 -9999 -9999 -9999 -9999 -9999 -9999 -9999 -9999 -9999 -9999 -9999 -9999 -9999 -9999 -9999 -9999 -9999 -9999 -9999 -9999 -9999 -9999 -9999 -9999 -9999 -9999 -9999 -9999 -9999 -9999 -9999 -9999 -9999 -9999 -9999 -9999 -9999 -9999 -9999 -9999 -9999 -9999 -9999 -9999 -9999 -9999 -9999 -9999 -9999 -9999 -9999 -9999 -9999 -9999 -9999
-9999 -9999 -9999 -9999 -9999 -9999 145 -9999 -9999 -9999 86 81 83 88 87 87 -9999 -9999 -9999 -9999 -9999 -9999 -9999 -9999 197 201 200 198 196 193 191 -9999 -9999 -9999 -9999 -9999 -9999 -9999 -9999 -9999 -9999 -9999 -9999 -9999 -9999 -9999 -9999 -9999 -9999 -9999 -9999 -9999 -9999 -9999 -9999 -9999 -9999 -9999 -9999 -9999 -9999 -9999 -9999 -9999 -9999 -9999 -9999 -9999 -9999 -9999 -9999 -9999 -9999 -9999 -9999 -9999 -9999 -9999 -9999 -9999 -9999 -9999 -9999 -9999 -9999 -9999 -9999 -9999 -9999 -9999 -9999
-9999 -9999 -9999 -9999 -9999 -9999 -9999 -9999 -9999 89 90 83 78 85 93 91 96 99 110 120 150 173 187 194 199 206 205 203 200 197 194 191 188 -9999 -9999 -9999 -9999 -9999 -9999 -9999 -9999 -9999 -9999 -9999 -9999 -9999 -9999 -9999 -9999 -9999 -9999 -9999 -9999 -9999 -9999 -9999 -9999 -9999 -9999 -9999 -9999 -9999 -9999 -9999 -9999 -9999 -9999 -9999 -9999 -9999 -9999 -9999 -9999 -9999 -9999 -9999 -9999 -9999 -9999 -9999 -9999 -9999 -9999 -9999 -9999 -9999 -9999 -9999 -9999 -9999 -9999
-9999 -9999 -9999 -9999 -9999 -9999 -9999 71 74 78 80 81 78 77 83 94 107 123 130 134 139 169 192 195 201 207 211 207 204 200 197 194 190 187 -9999 -9999 -9999 -9999 -9999 -9999 -9999 -9999 -9999 -9999 -9999 -9999 -9999 -9999 -9999 -9999 -9999 -9999 -9999 -9999 -9999 -9999 -9999 -9999 -9999 -9999 -9999 -9999 -9999 -9999 -9999 -9999 -9999 -9999 -9999 -9999 -9999 -9999 -9999 -9999 -9999 -9999 -9999 -9999 -9999 -9999 -9999 -9999 -9999 -9999 -9999 -9999 -9999 -9999 -9999 -9999 -9999
-9999 -9999 -9999 -9999 -9999 -9999 -9999 66 64 59 58 57 60 71 78 83 96 116 126 141 162 202 206 204 207 211 213 212 208 204 200 196 192 188 184 180 177 173 170 169 -9999 -9999 -9999 -9999 -9999 -9999 -9999 -9999 -9999 -9999 -9999 -9999 -9999 -9999 -9999 -9999 -9999 -9999 -9999 -9999 -9999 -9999 -9999 -9999 -9999 -9999 -9999 -9999 -9999 -9999 -9999 -9999 -9999 -9999 -9999 -9999 -9999 -9999 -9999 -9999 -9999 -9999 -9999 -9999 -9999 -9999 -9999 -9999 -9999 -9999 -9999
-9999 94 95 101 102 76 61 -9999 44 44 43 41 39 42 45 48 58 77 91 106 124 143 193 212 217 217 217 215 212 207 203 198 194 190 185 181 176 172 169 168 167 -9999 -9999 -9999 -9999 -9999 -9999 -9999 -9999 -9999 -9999 -9999 -9999 -9999 -9999 -9999 -9999 -9999 -9999 -9999 -9999 -9999 -9999 -9999 -9999 -9999 -9999 -9999 -9999 -9999 -9999 -9999 -9999 -9999 -9999 -9999 -9999 -9999 -9999 -9999 -9999 -9999 -9999 -9999 -9999 -9999 -9999 -9999 -9999 -9999 -9999
-9999 87 89 96 100 82 61 43 36 32 32 31 32 33 35 33 38 48 55 68 83 99 125 164 211 221 224 218 213 210 206 201 196 191 186 181 176 171 168 167 166 164 163 -9999 -9999 -9999 -9999 -9999 157 156 155 155 -9999 -9999 -9999 -9999 -9999 -9999 -9999 -9999 -9999 -9999 -9999 -9999 -9999 -9999 -9999 -9999 -9999 -9999 -9999 -9999 -9999 -9999 -9999 -9999 -9999 -9999 -9999 -9999 -9999 -9999 -9999 -9999 -9999 -9999 -9999 -9999 -9999 -9999 -9999
-9999 82 82 89 96 83 64 53 42 39 38 35 34 27 28 29 29 34 37 42 48 62 81 98 122 153 209 217 216 210 205 201 196 192 187 181 176 170 167 166 165 164 162 161 160 159 -9999 157 156 155 154 154 154 -9999 -9999 -9999 -9999 -9999 -9999 -9999 -9999 -9999 -9999 -9999 -9999 -9999 -9999 -9999 -9999 -9999 -9999 -9999 -9999 -9999 -9999 -9999 -9999 -9999 -9999 -9999 -9999 -9999 -9999 -9999 -9999 -9999 -9999 -9999 -9999 -9999 -9999
-9999 76 79 85 94 98 87 61 58 51 55 48 42 36 32 30 22 47 34 31 34 39 48 60 80 96 128 164 206 207 204 199 195 192 186 181 175 169 166 165 164 163 161 160 159 158 157 156 155 154 153 153 153 -9999 -9999 -9999 -9999 -9999 -9999 -9999 -9999 -9999 -9999 -9999 -9999 -9999 -9999 -9999 -9999 -9999 -9999 -9999 -9999 -9999 -9999 -9999 -9999 -9999 -9999 -9999 -9999 -9999 -9999 -9999 -9999 -9999 -9999 -9999 -9999 -9999 -9999
-9999 72 71 80 87 95 103 78 71 68 70 60 44 47 53 34 28 40 69 53 39 35 38 44 51 64 86 113 147 185 200 199 197 193 188 182 172 166 162 162 161 162 161 160 158 157 156 155 154 153 153 153 152 -9999 -9999 -9999 -9999 -9999 -9999 -9999 -9999 -9999 -9999 -9999 -9999 -9999 -9999 -9999 -9999 -9999 -9999 -9999 -9999 -9999 -9999 -9999 -9999 -9999 -9999 -9999 -9999 -9999 -9999 -9999 -9999 -9999 -9999 -9999 -9999 -9999 -9999
-9999 58 65 76 82 92 103 114 98 84 108 101 75 66 49 37 33 40 49 54 74 60 55 36 43 51 62 82 99 120 146 174 185 184 183 179 173 167 161 158 157 159 160 158 158 157 156 155 154 153 152 152 152 152 -9999 -9999 -9999 -9999 -9999 -9999 -9999 -9999 -9999 -9999 -9999 -9999 -9999 -9999 -9999 -9999 -9999 -9999 -9999 -9999 -9999 -9999 -9999 -9999 -9999 -9999 -9999 -9999 -9999 -9999 -9999 -9999 -9999 -9999 -9999 -9999 -9999
-9999 52 59 74 84 98 104 116 125 118 142 171 144 92 71 57 47 46 48 46 56 66 75 40 41 45 50 66 88 98 109 122 140 159 167 165 163 162 159 157 155 159 158 154 156 155 155 154 153 152 152 151 151 -9999 -9999 -9999 -9999 -9999 -9999 -9999 -9999 -9999 -9999 -9999 -9999 -9999 -9999 -9999 -9999 -9999 -9999 -9999 -9999 -9999 -9999 -9999 -9999 -9999 -9999 -9999 -9999 -9999 -9999 -9999 -9999 -9999 -9999 -9999 -9999 -9999 -9999
-9999 54 57 71 83 96 109 116 124 129 135 163 178 166 97 75 80 70 60 58 72 77 87 43 53 55 50 68 117 136 107 96 102 114 130 147 149 146 146 150 152 155 151 150 151 152 153 153 152 152 151 151 151 151 -9999 -9999 -9999 -9999 -9999 -9999 -9999 -9999 -9999 -9999 -9999 -9999 -9999 -9999 -9999 -9999 -9999 -9999 -9999 -9999 -9999 -9999 -9999 -9999 -9999 -9999 -9999 -9999 -9999 -9999 -9999 -9999 -9999 -9999 -9999 -9999 -9999
-9999 50 54 68 80 94 105 116 126 135 140 149 160 163 125 104 103 123 115 89 114 102 87 68 94 100 79 63 90 125 119 86 79 87 102 114 128 135 134 136 140 145 147 146 147 151 152 151 151 151 151 151 151 150 -9999 -9999 -9999 -9999 -9999 -9999 -9999 -9999 -9999 -9999 -9999 -9999 -9999 -9999 -9999 -9999 -9999 -9999 -9999 -9999 -9999 -9999 -9999 -9999 -9999 -9999 -9999 -9999 -9999 -9999 -9999 -9999 -9999 -9999 -9999 -9999 -9999
-9999 51 55 66 77 88 100 110 120 132 141 153 164 173 149 154 148 154 161 141 117 126 108 98 115 100 95 107 114 116 101 104 79 97 88 96 104 111 127 129 131 133 136 139 141 144 150 150 150 150 150 150 150 150 150 -9999 -9999 -9999 -9999 -9999 -9999 -9999 -9999 -9999 -9999 -9999 -9999 148 148 -9999 -9999 -9999 -9999 -9999 -9999 -9999 -9999 -9999 -9999 -9999 -9999 -9999 -9999 -9999 -9999 -9999 -9999 -9999 -9999 -9999 -9999
-9999 42 51 58 72 83 94 105 114 117 125 138 153 164 169 161 163 167 166 153 140 163 134 128 120 123 105 97 107 101 85 75 70 90 91 88 94 102 110 123 125 127 128 129 133 137 141 145 145 147 150 150 150 150 149 149 -9999 -9999 -9999 149 148 148 148 148 148 148 148 148 148 148 148 -9999 -9999 -9999 -9999 -9999 -9999 -9999 -9999 -9999 -9999 -9999 -9999 -9999 -9999 -9999 -9999 -9999 -9999 -9999 -9999
-9999 30 38 47 59 68 76 85 91 96 105 115 129 152 158 162 162 159 156 156 157 159 158 157 151 158 140 106 97 98 97 101 86 88 96 98 98 101 106 112 119 121 122 124 126 130 134 137 141 145 146 149 149 149 149 149 149 149 148 148 148 148 148 148 148 148 148 147 147 147 147 -9999 -9999 -9999 -9999 -9999 -9999 -9999 -9999 -9999 -9999 -9999 -9999 -9999 -9999 -9999 -9999 -9999 -9999 -9999 -9999
-9999 27 29 38 48 55 60 68 79 83 86 94 116 140 146 146 150 150 148 148 147 147 147 147 147 146 145 124 110 106 117 116 117 114 114 99 98 106 108 111 114 116 118 119 121 125 127 131 136 141 146 147 146 147 147 148 148 148 148 148 148 147 147 147 147 147 147 147 147 147 -9999 -9999 -9999 -9999 -9999 -9999 -9999 -9999 -9999 -9999 -9999 -9999 -9999 -9999 -9999 -9999 -9999 -9999 -9999 -9999 -9999
-9999 24 27 32 40 47 47 55 68 78 80 83 95 109 112 111 121 135 137 137 136 136 136 137 136 136 133 130 128 127 126 126 112 109 115 116 110 112 114 113 111 111 113 115 117 119 121 125 130 135 138 140 143 143 143 144 143 144 144 -9999 -9999 -9999 147 147 147 147 147 147 147 -9999 -9999 -9999 -9999 -9999 -9999 -9999 -9999 -9999 -9999 -9999 -9999 -9999 -9999 -9999 -9999 -9999 -9999 -9999 -9999 -9999 -9999
-9999 23 25 29 33 36 39 40 48 57 60 70 77 81 92 104 103 108 103 102 111 122 123 123 121 121 121 120 119 117 118 118 110 99 100 108 109 109 111 112 110 110 112 113 114 116 118 122 125 130 133 135 137 136 138 137 137 138 138 -9999 -9999 -9999 -9999 -9999 -9999 -9999 -9999 -9999 -9999 -9999 -9999 -9999 -9999 -9999 -9999 -9999 -9999 -9999 -9999 -9999 -9999 -9999 -9999 -9999 -9999 -9999 -9999 -9999 -9999 -9999 -9999
-9999 24 25 28 31 33 36 38 40 42 47 58 68 73 83 89 88 90 85 82 92 101 108 110 109 107 109 111 111 110 109 108 108 107 107 105 103 106 104 108 111 109 112 112 112 114 117 121 125 129 132 133 134 135 135 134 135 134 134 -9999 135 138 141 144 144 -9999 -9999 -9999 -9999 -9999 -9999 -9999 -9999 -9999 -9999 -9999 -9999 -9999 -9999 -9999 -9999 -9999 -9999 -9999 -9999 -9999 -9999 -9999 -9999 -9999 -9999
-9999 28 26 28 30 32 34 36 38 39 41 46 55 67 71 74 73 70 64 64 77 88 94 97 97 97 97 101 99 98 97 98 98 99 98 99 98 101 103 107 109 109 112 113 113 116 117 120 124 127 131 133 135 135 135 135 134 132 135 134 136 138 141 144 143 141 138 -9999 -9999 -9999 -9999 -9999 -9999 -9999 -9999 -9999 -9999 -9999 -9999 -9999 -9999 -9999 -9999 -9999 -9999 -9999 -9999 -9999 -9999 -9999 -9999
-9999 28 27 29 31 32 33 34 36 37 37 39 40 42 46 56 56 60 51 45 53 63 70 76 80 84 84 86 90 90 89 90 91 93 92 92 94 96 99 103 106 108 110 111 112 117 118 120 123 127 128 129 132 132 130 132 129 128 130 131 133 137 140 141 140 137 137 134 133 130 127 122 -9999 110 98 78 68 -9999 -9999 -9999 -9999 -9999 -9999 -9999 -9999 -9999 -9999 -9999 -9999 -9999 -9999
-9999 29 29 30 31 32 33 34 35 36 36 37 37 38 39 39 40 41 40 40 51 62 63 66 64 66 72 78 83 85 85 86 88 88 89 89 92 97 100 104 107 109 110 112 114 116 117 119 123 127 126 127 128 130 128 125 122 121 123 122 124 128 131 134 135 137 135 135 136 136 137 138 137 123 110 97 78 61 47 34 -9999 -9999 -9999 -9999 -9999 -9999 -9999 -9999 -9999 -9999 -9999
-9999 30 31 32 32 33 34 35 35 36 37 36 37 37 37 37 38 39 39 38 41 55 61 63 58 48 54 68 72 69 81 85 86 88 90 94 99 103 105 107 112 117 113 114 116 118 119 121 124 126 125 124 125 125 124 117 112 110 111 111 110 114 118 122 125 125 126 126 129 134 137 140 142 132 113 111 111 103 69 46 30 24 -9999 -9999 -9999 -9999 -9999 -9999 -9999 -9999 -9999
-9999 31 32 33 34 35 35 36 37 37 37 37 37 37 37 36 37 37 38 33 35 40 41 46 47 39 52 52 54 34 41 64 52 89 96 103 108 110 109 110 113 117 115 116 118 121 121 122 123 124 124 122 120 121 120 107 99 98 96 94 98 102 104 106 110 113 111 113 115 116 122 132 136 139 140 128 146 148 112 76 46 23 20 -9999 -9999 -9999 -9999 -9999 -9999 -9999 -9999
-9999 32 33 34 35 35 36 37 38 37 37 37 37 38 38 37 37 36 31 27 26 26 26 25 28 28 37 29 39 43 80 92 95 96 103 111 112 113 112 113 111 116 119 119 120 122 123 122 123 122 122 121 115 106 98 87 81 85 83 80 80 82 86 90 93 94 97 102 101 97 103 98 89 109 100 93 101 105 143 89 56 32 19 17 -9999 -9999 -9999 -9999 -9999 -9999 -9999
-9999 33 34 35 36 37 38 39 40 40 39 39 39 40 41 41 39 37 29 25 23 22 22 22 20 21 19 19 22 43 72 85 99 104 107 115 118 118 120 120 118 116 119 122 122 124 124 124 123 120 120 118 107 96 85 75 70 68 68 67 65 69 69 73 77 79 80 83 82 81 71 63 57 63 62 64 69 70 118 100 94 32 18 16 16 -9999 -9999 -9999 -9999 -9999 -9999
-9999 34 34 35 36 38 40 47 52 50 43 41 41 43 44 46 43 41 38 26 23 20 20 19 19 19 15 18 20 22 39 65 89 105 113 120 123 122 123 126 125 123 121 121 124 126 124 125 123 121 118 116 103 92 80 68 63 61 57 55 54 54 56 57 61 63 64 65 67 60 52 46 42 38 55 48 47 70 90 92 85 42 24 16 14 13 -9999 -9999 -9999 -9999 -9999
-9999 34 35 36 38 39 39 42 46 49 49 43 42 43 44 46 47 46 43 38 24 21 18 16 16 14 13 14 23 49 36 66 80 92 105 121 127 127 128 131 130 129 130 126 124 124 122 125 123 119 117 110 97 86 73 62 55 53 50 47 46 46 46 48 49 52 54 54 51 46 40 37 34 34 41 36 46 49 54 63 75 73 33 19 15 13 12 12 -9999 -9999 -9999
-9999 35 36 38 38 41 51 55 55 55 55 54 53 52 48 44 43 42 43 41 26 24 22 17 12 12 12 14 23 68 69 44 71 81 96 123 131 130 131 135 135 132 134 131 124 125 124 123 122 121 117 101 90 79 69 57 50 49 46 43 41 39 39 41 43 43 43 41 39 37 33 31 31 34 36 30 39 37 34 40 44 49 33 22 19 14 12 12 12 -9999 -9999
-9999 34 36 37 38 40 45 56 62 64 66 66 68 72 64 55 47 43 41 35 26 27 26 23 15 9 13 14 16 42 71 72 81 92 105 130 133 110 110 134 137 135 135 135 126 126 125 121 120 117 107 94 83 74 64 54 48 45 43 40 38 37 36 38 38 37 35 34 33 32 28 29 29 29 28 27 26 27 27 30 28 30 24 21 19 16 13 12 12 12 -9999
-9999 21 25 36 37 38 38 40 42 45 44 56 60 69 69 66 63 55 45 40 23 23 24 21 15 9 11 11 13 22 33 32 46 52 53 103 76 45 64 105 137 138 137 135 128 125 124 121 118 103 95 85 77 70 61 51 45 42 39 37 36 34 34 33 31 30 29 29 29 28 26 27 27 27 27 26 24 24 24 24 23 22 20 16 16 15 13 12 12 11 11
-9999 20 19 20 19 21 36 37 7 22 21 36 44 54 55 52 48 47 51 50 26 19 23 24 20 14 8 10 9 12 17 19 29 58 37 33 38 26 37 119 120 139 137 135 128 124 125 121 107 95 85 76 71 63 54 47 43 39 36 35 33 30 27 27 26 26 25 25 25 24 25 25 25 25 25 25 24 21 20 21 20 20 17 15 14 13 13 12 12 11 -9999
-9999 29 20 17 18 9 5 6 5 5 5 5 6 22 18 15 17 6 7 16 12 7 8 8 7 8 8 8 8 10 12 13 19 27 26 23 23 25 55 148 133 116 128 134 116 109 115 107 98 88 78 70 63 57 52 44 39 37 35 29 26 24 24 23 23 22 22 22 22 22 23 23 23 23 23 23 22 20 20 19 19 18 16 15 13 13 13 12 12 11 -9999
-9999 37 37 36 37 20 16 6 5 5 5 5 5 5 5 5 5 5 5 5 6 7 7 7 7 8 8 8 8 9 9 9 12 15 17 18 24 25 33 151 152 147 138 136 112 98 98 95 88 78 76 70 64 53 47 42 37 34 29 25 24 23 22 21 21 20 19 19 20 21 21 21 21 21 20 20 19 19 20 19 19 17 15 14 13 13 13 12 11 -9999 -9999
-9999 40 41 40 40 40 18 6 5 5 5 5 5 5 5 5 5 5 5 5 5 6 7 7 8 10 8 8 8 8 9 9 9 10 11 14 20 23 27 49 135 133 132 89 86 86 84 81 77 73 69 62 -9999 -9999 -9999 -9999 -9999 27 25 24 23 22 21 20 20 19 18 18 19 18 19 19 18 17 16 16 17 18 18 18 19 18 16 15 13 13 12 12 -9999 -9999 -9999
-9999 47 54 56 53 45 42 26 13 5 10 17 5 5 5 5 5 5 5 5 6 7 7 12 27 31 22 12 8 8 9 9 9 -9999 -9999 -9999 17 21 24 28 46 46 46 50 61 73 74 69 66 63 -9999 -9999 -9999 -9999 -9999 -9999 -9999 25 24 -9999 22 21 20 -9999 -9999 -9999 -9999 -9999 -9999 -9999 18 17 16 14 13 13 14 16 16 17 18 18 15 14 13 13 13 11 -9999 -9999 -9999
