Humedad_Suelo_ASC/terraclimate_soil_2010.txt
ncols         92
nrows         62
xllcorner     -72.083333333358
yllcorner     17.458333333309
cellsize      0.041666666666657
NODATA_value  -9999
[rows 0 to 40 of 62, columns 0 to 90 of 92]
-9999 -9999 -9999 -9999 -9999 -9999 -9999 -9999 -9999 -9999 -9999 -9999 -9999 -9999 -9999 -9999 -9999 -9999 -9999 -9999 -9999 -9999 -9999 -9999 -9999 -9999 -9999 -9999 -9999 -9999 -9999 -9999 -9999 -9999 -9999 -9999 -9999 -9999 -9999 -9999 -9999 -9999 -9999 -9999 -9999 -9999 -9999 -9999 -9999 -9999 -9999 -9999 -9999 -9999 -9999 -9999 -9999 -9999 -9999 -9999 -9999 -9999 -9999 -9999 -9999 -9999 -9999 -9999 -9999 -9999 -9999 -9999 -9999 -9999 -9999 -9999 -9999 -9999 -9999 -9999 -9999 -9999 -9999 -9999 -9999 -9999 -9999 -9999 -9999 -9999 -9999
-9999 -9999 -9999 -9999 -9999 -9999 -9999 -9999 -9999 -9999 -9999 -9999 -9999 -9999 -9999 -9999 -9999 -9999 -9999 -9999 -9999 -9999 -9999 -9999 -9999 -9999 -9999 -9999 -9999 -9999 -9999 -9999 -9999 -9999 -9999 -9999 -9999 -9999 -9999 -9999 -9999 -9999 -9999 -9999 -9999 -9999 -9999 -9999 -9999 -9999 -9999 -9999 -9999 -9999 -9999 -9999 -9999 -9999 -9999 -9999 -9999 -9999 -9999 -9999 -9999 -9999 -9999 -9999 -9999 -9999 -9999 -9999 -9999 -9999 -9999 -9999 -9999 -9999 -9999 -9999 -9999 -9999 -9999 -9999 -9999 -9999 -9999 -9999 -9999 -9999 -9999
-9999 -9999 -9999 -9999 -9999 -9999 -9999 -9999 -9999 -9999 -9999 -9999 -9999 -9999 -9999 -9999 -9999 -9999 -9999 -9999 -9999 -9999 -9999 -9999 194 195 195 -9999 -9999 -9999 -9999 -9999 -9999 -9999 -9999 -9999 -9999 -9999 -9999 -9999 -9999 -9999 -9999 -9999 -9999 -9999 -9999 -9999 -9999 -9999 -9999 -9999 -9999 -9999 -9999 -9999 -9999 -9999 -9999 -9999 -9999 -9999 -9999 -9999 -9999 -9999 -9999 -9999 -9999 -9999 -9999 -9999 -9999 -9999 -9999 -9999 -9999 -9999 -9999 -9999 -9999 -9999 -9999 -9999 -9999 -9999 -9999 -9999 -9999 -9999 -9999
-9999 -9999 -9999 -9999 -9999 -9999 151 -9999 -9999 -9999 157 160 164 169 171 170 -9999 -9999 -9999 -9999 -9999 -9999 -9999 -9999 200 201 200 198 196 193 191 -9999 -9999 -9999 -9999 -9999 -9999 -9999 -9999 -9999 -9999 -9999 -9999 -9999 -9999 -9999 -9999 -9999 -9999 -9999 -9999 -9999 -9999 -9999 -9999 -9999 -9999 -9999 -9999 -9999 -9999 -9999 -9999 -9999 -9999 -9999 -9999 -9999 -9999 -9999 -9999 -9999 -9999 -9999 -9999 -9999 -9999 -9999 -9999 -9999 -9999 -9999 -9999 -9999 -9999 -9999 -9999 -9999 -9999 -9999 -9999
-9999 -9999 -9999 -9999 -9999 -9999 -9999 -9999 -9999 152 160 164 167 173 178 177 179 179 180 183 187 190 196 204 205 206 205 203 200 197 194 191 188 -9999 -9999 -9999 -9999 -9999 -9999 -9999 -9999 -9999 -9999 -9999 -9999 -9999 -9999 -9999 -9999 -9999 -9999 -9999 -9999 -9999 -9999 -9999 -9999 -9999 -9999 -9999 -9999 -9999 -9999 -9999 -9999 -9999 -9999 -9999 -9999 -9999 -9999 -9999 -9999 -9999 -9999 -9999 -9999 -9999 -9999 -9999 -9999 -9999 -9999 -9999 -9999 -9999 -9999 -9999 -9999 -9999 -9999
-9999 -9999 -9999 -9999 -9999 -9999 -9999 140 145 151 158 164 170 176 182 183 186 189 190 192 192 197 201 204 210 212 211 207 204 200 197 194 190 187 -9999 -9999 -9999 -9999 -9999 -9999 -9999 -9999 -9999 -9999 -9999 -9999 -9999 -9999 -9999 -9999 -9999 -9999 -9999 -9999 -9999 -9999 -9999 -9999 -9999 -9999 -9999 -9999 -9999 -9999 -9999 -9999 -9999 -9999 -9999 -9999 -9999 -9999 -9999 -9999 -9999 -9999 -9999 -9999 -9999 -9999 -9999 -9999 -9999 -9999 -9999 -9999 -9999 -9999 -9999 -9999 -9999
-9999 -9999 -9999 -9999 -9999 -9999 -9999 136 142 149 157 163 170 178 183 186 189 194 196 198 203 212 213 214 216 217 216 212 208 204 200 196 192 188 184 180 177 173 170 169 -9999 -9999 -9999 -9999 -9999 -9999 -9999 -9999 -9999 -9999 -9999 -9999 -9999 -9999 -9999 -9999 -9999 -9999 -9999 -9999 -9999 -9999 -9999 -9999 -9999 -9999 -9999 -9999 -9999 -9999 -9999 -9999 -9999 -9999 -9999 -9999 -9999 -9999 -9999 -9999 -9999 -9999 -9999 -9999 -9999 -9999 -9999 -9999 -9999 -9999 -9999
-9999 103 105 109 111 115 122 -9999 135 143 139 131 124 131 136 144 164 190 192 196 198 203 212 220 221 222 221 216 212 207 203 198 194 190 185 181 176 172 169 168 167 -9999 -9999 -9999 -9999 -9999 -9999 -9999 -9999 -9999 -9999 -9999 -9999 -9999 -9999 -9999 -9999 -9999 -9999 -9999 -9999 -9999 -9999 -9999 -9999 -9999 -9999 -9999 -9999 -9999 -9999 -9999 -9999 -9999 -9999 -9999 -9999 -9999 -9999 -9999 -9999 -9999 -9999 -9999 -9999 -9999 -9999 -9999 -9999 -9999 -9999
-9999 96 98 104 107 112 118 123 105 100 101 100 103 103 109 104 119 148 165 190 195 198 203 210 219 228 226 221 216 211 206 201 196 191 186 181 176 171 168 167 166 164 163 -9999 -9999 -9999 -9999 -9999 157 156 155 155 -9999 -9999 -9999 -9999 -9999 -9999 -9999 -9999 -9999 -9999 -9999 -9999 -9999 -9999 -9999 -9999 -9999 -9999 -9999 -9999 -9999 -9999 -9999 -9999 -9999 -9999 -9999 -9999 -9999 -9999 -9999 -9999 -9999 -9999 -9999 -9999 -9999 -9999 -9999
-9999 90 91 97 103 107 115 123 101 95 93 93 97 90 93 97 94 106 118 132 149 176 198 201 206 213 222 225 220 214 209 203 198 192 187 181 176 170 167 166 165 164 162 161 160 159 -9999 157 156 155 154 154 154 -9999 -9999 -9999 -9999 -9999 -9999 -9999 -9999 -9999 -9999 -9999 -9999 -9999 -9999 -9999 -9999 -9999 -9999 -9999 -9999 -9999 -9999 -9999 -9999 -9999 -9999 -9999 -9999 -9999 -9999 -9999 -9999 -9999 -9999 -9999 -9999 -9999 -9999
-9999 84 88 93 101 104 112 115 107 98 101 99 90 83 86 88 82 111 105 103 111 123 146 168 202 207 210 211 214 216 212 206 200 194 187 181 175 169 166 165 164 163 161 160 159 158 157 156 155 154 153 153 153 -9999 -9999 -9999 -9999 -9999 -9999 -9999 -9999 -9999 -9999 -9999 -9999 -9999 -9999 -9999 -9999 -9999 -9999 -9999 -9999 -9999 -9999 -9999 -9999 -9999 -9999 -9999 -9999 -9999 -9999 -9999 -9999 -9999 -9999 -9999 -9999 -9999 -9999
-9999 77 80 87 93 101 109 107 96 92 93 92 78 79 87 74 76 88 118 114 108 111 115 128 142 171 206 205 206 206 209 208 201 195 188 182 175 168 165 164 163 162 161 160 158 157 156 155 154 153 153 153 152 -9999 -9999 -9999 -9999 -9999 -9999 -9999 -9999 -9999 -9999 -9999 -9999 -9999 -9999 -9999 -9999 -9999 -9999 -9999 -9999 -9999 -9999 -9999 -9999 -9999 -9999 -9999 -9999 -9999 -9999 -9999 -9999 -9999 -9999 -9999 -9999 -9999 -9999
-9999 66 73 84 89 97 108 119 99 85 95 94 80 77 70 63 64 70 87 98 122 124 131 107 120 142 169 205 202 201 199 197 194 194 189 182 175 168 164 163 162 161 160 159 158 157 156 155 154 153 152 152 152 152 -9999 -9999 -9999 -9999 -9999 -9999 -9999 -9999 -9999 -9999 -9999 -9999 -9999 -9999 -9999 -9999 -9999 -9999 -9999 -9999 -9999 -9999 -9999 -9999 -9999 -9999 -9999 -9999 -9999 -9999 -9999 -9999 -9999 -9999 -9999 -9999 -9999
-9999 59 66 81 91 104 109 121 117 89 97 137 109 80 66 60 53 51 59 69 85 106 128 106 115 126 145 180 201 196 191 186 181 177 175 174 172 165 161 160 160 159 158 157 156 155 155 154 153 152 152 151 151 -9999 -9999 -9999 -9999 -9999 -9999 -9999 -9999 -9999 -9999 -9999 -9999 -9999 -9999 -9999 -9999 -9999 -9999 -9999 -9999 -9999 -9999 -9999 -9999 -9999 -9999 -9999 -9999 -9999 -9999 -9999 -9999 -9999 -9999 -9999 -9999 -9999 -9999
-9999 60 63 77 89 102 116 121 125 102 91 127 137 108 68 53 58 51 50 57 78 97 116 91 114 131 143 170 195 192 184 174 168 164 161 159 157 155 156 157 156 156 155 155 154 154 153 153 152 152 151 151 151 151 -9999 -9999 -9999 -9999 -9999 -9999 -9999 -9999 -9999 -9999 -9999 -9999 -9999 -9999 -9999 -9999 -9999 -9999 -9999 -9999 -9999 -9999 -9999 -9999 -9999 -9999 -9999 -9999 -9999 -9999 -9999 -9999 -9999 -9999 -9999 -9999 -9999
-9999 55 59 73 86 100 111 122 132 140 118 116 117 97 70 59 63 82 85 70 99 100 99 95 131 155 152 150 181 182 176 166 158 155 151 147 145 143 142 144 149 153 153 153 152 152 152 152 151 151 151 151 151 150 -9999 -9999 -9999 -9999 -9999 -9999 -9999 -9999 -9999 -9999 -9999 -9999 -9999 -9999 -9999 -9999 -9999 -9999 -9999 -9999 -9999 -9999 -9999 -9999 -9999 -9999 -9999 -9999 -9999 -9999 -9999 -9999 -9999 -9999 -9999 -9999 -9999
-9999 55 59 71 81 93 105 115 125 137 146 158 169 152 77 85 87 102 117 106 92 112 105 110 146 145 155 178 174 171 164 161 152 151 145 142 140 137 135 136 139 142 145 149 150 150 150 150 150 150 150 150 150 150 150 -9999 -9999 -9999 -9999 -9999 -9999 -9999 -9999 -9999 -9999 -9999 -9999 148 148 -9999 -9999 -9999 -9999 -9999 -9999 -9999 -9999 -9999 -9999 -9999 -9999 -9999 -9999 -9999 -9999 -9999 -9999 -9999 -9999 -9999 -9999
-9999 53 58 68 79 89 99 109 118 127 136 146 157 169 155 120 123 139 138 114 108 142 125 128 139 156 153 157 164 159 153 148 143 143 140 136 135 133 131 131 133 136 136 138 142 145 148 149 150 150 150 150 150 150 149 144 -9999 -9999 -9999 149 148 148 148 148 148 148 148 148 148 148 148 -9999 -9999 -9999 -9999 -9999 -9999 -9999 -9999 -9999 -9999 -9999 -9999 -9999 -9999 -9999 -9999 -9999 -9999 -9999 -9999
-9999 51 57 66 76 85 93 102 111 116 113 110 121 156 163 167 167 158 132 131 160 164 151 150 143 161 163 149 152 149 146 144 138 135 135 131 131 131 128 126 126 129 131 132 134 138 141 143 147 149 149 149 149 149 149 148 143 149 147 148 148 148 148 148 148 148 148 147 147 147 147 -9999 -9999 -9999 -9999 -9999 -9999 -9999 -9999 -9999 -9999 -9999 -9999 -9999 -9999 -9999 -9999 -9999 -9999 -9999 -9999
-9999 49 54 64 73 80 87 95 104 100 80 76 124 146 150 150 154 155 151 152 151 152 151 151 151 151 150 147 143 141 138 138 136 133 130 127 128 129 125 123 121 124 125 127 129 131 133 137 141 145 149 149 147 147 145 145 137 141 145 148 148 147 147 147 147 147 147 147 147 147 -9999 -9999 -9999 -9999 -9999 -9999 -9999 -9999 -9999 -9999 -9999 -9999 -9999 -9999 -9999 -9999 -9999 -9999 -9999 -9999 -9999
-9999 30 35 61 70 76 80 87 96 103 84 68 83 114 116 95 115 139 141 141 140 140 140 141 140 140 137 134 132 131 131 132 129 127 124 122 119 122 122 121 119 119 120 122 124 125 127 130 134 138 141 142 143 143 142 136 123 124 124 -9999 -9999 -9999 147 147 147 147 147 147 147 -9999 -9999 -9999 -9999 -9999 -9999 -9999 -9999 -9999 -9999 -9999 -9999 -9999 -9999 -9999 -9999 -9999 -9999 -9999 -9999 -9999 -9999
-9999 27 27 32 47 55 61 50 56 60 45 51 51 48 71 111 98 123 108 102 121 125 126 126 125 120 125 124 123 122 123 124 121 119 117 115 116 116 119 120 118 117 120 120 121 122 123 126 129 133 135 137 137 136 136 124 112 113 116 -9999 -9999 -9999 -9999 -9999 -9999 -9999 -9999 -9999 -9999 -9999 -9999 -9999 -9999 -9999 -9999 -9999 -9999 -9999 -9999 -9999 -9999 -9999 -9999 -9999 -9999 -9999 -9999 -9999 -9999 -9999 -9999
-9999 31 29 30 34 36 38 39 37 34 33 39 48 50 76 94 89 107 71 70 109 110 111 113 112 109 112 115 115 115 114 113 113 114 113 111 109 112 111 116 119 117 120 120 119 121 122 126 129 132 134 135 134 134 133 119 109 110 111 -9999 115 121 128 140 146 -9999 -9999 -9999 -9999 -9999 -9999 -9999 -9999 -9999 -9999 -9999 -9999 -9999 -9999 -9999 -9999 -9999 -9999 -9999 -9999 -9999 -9999 -9999 -9999 -9999 -9999
-9999 46 33 32 32 33 36 35 32 29 31 33 38 59 61 80 67 52 40 39 97 99 99 100 100 100 100 104 103 102 102 102 103 104 103 104 103 107 111 115 117 118 120 121 120 122 123 124 127 130 133 134 135 134 133 118 107 107 111 112 115 120 129 139 140 137 135 -9999 -9999 -9999 -9999 -9999 -9999 -9999 -9999 -9999 -9999 -9999 -9999 -9999 -9999 -9999 -9999 -9999 -9999 -9999 -9999 -9999 -9999 -9999 -9999
-9999 42 35 35 34 33 34 32 36 35 27 24 22 21 24 45 40 57 33 23 39 70 85 86 85 86 87 89 94 94 93 94 95 97 96 96 99 101 106 111 115 116 119 119 119 123 123 124 127 129 130 130 132 131 128 112 104 105 108 110 113 118 127 131 133 129 132 129 128 125 127 128 -9999 134 128 121 116 -9999 -9999 -9999 -9999 -9999 -9999 -9999 -9999 -9999 -9999 -9999 -9999 -9999 -9999
-9999 44 41 36 35 33 34 36 36 36 28 20 16 13 12 10 11 17 9 10 40 80 80 80 79 78 79 80 86 89 89 90 92 93 93 93 97 103 106 112 116 118 118 120 122 122 123 124 127 130 127 127 128 129 125 106 99 99 102 103 106 111 114 121 123 129 127 130 135 133 135 138 143 144 140 134 132 122 112 110 -9999 -9999 -9999 -9999 -9999 -9999 -9999 -9999 -9999 -9999 -9999
-9999 48 46 37 35 35 38 37 35 32 23 18 13 10 9 8 9 9 8 8 13 37 49 53 52 27 36 80 67 52 67 89 89 92 94 98 104 108 111 115 121 126 121 122 123 124 125 125 127 129 126 124 124 124 117 99 91 91 92 93 94 98 104 108 112 113 116 116 120 127 134 141 145 143 142 146 147 143 129 117 108 104 -9999 -9999 -9999 -9999 -9999 -9999 -9999 -9999 -9999
-9999 44 40 37 35 35 37 40 40 37 27 17 12 9 8 8 8 8 8 8 8 8 16 21 26 16 33 31 34 34 39 54 53 73 99 107 113 116 115 117 121 125 122 123 126 127 127 126 127 127 125 123 120 120 112 92 82 83 82 82 85 88 91 95 98 102 102 104 106 107 113 124 128 132 134 136 146 148 148 136 119 107 103 -9999 -9999 -9999 -9999 -9999 -9999 -9999 -9999
-9999 49 46 36 36 36 36 40 42 37 25 18 12 10 9 8 8 8 8 8 8 8 8 8 8 8 12 14 17 27 65 95 94 99 107 115 117 119 118 119 118 123 127 126 127 128 128 127 126 125 123 121 117 111 96 81 74 77 76 74 74 75 78 83 86 88 91 95 96 92 97 101 104 110 113 116 120 137 149 146 130 114 103 99 -9999 -9999 -9999 -9999 -9999 -9999 -9999
-9999 43 51 42 54 52 57 61 55 41 29 24 17 15 17 12 9 8 8 8 8 8 8 8 8 8 8 8 10 25 42 73 102 106 109 118 122 123 126 126 124 122 126 129 129 130 129 129 126 122 121 119 116 105 88 73 68 67 67 67 65 67 68 71 75 78 80 83 84 85 85 90 91 96 101 104 109 117 141 150 149 123 109 100 96 -9999 -9999 -9999 -9999 -9999 -9999
-9999 37 39 45 59 67 74 80 83 82 51 32 26 24 29 32 24 10 8 8 8 8 8 8 8 8 8 8 8 9 17 25 103 110 116 123 127 126 128 131 130 129 127 128 131 132 128 129 126 123 119 116 114 102 84 70 64 63 60 59 59 58 60 62 66 68 70 72 75 78 81 84 86 89 95 98 100 109 123 139 141 133 122 108 100 97 -9999 -9999 -9999 -9999 -9999
-9999 45 53 58 65 66 66 69 74 80 64 38 29 26 33 34 32 31 14 8 8 8 8 8 8 8 8 8 9 18 17 25 38 77 115 124 131 131 132 136 135 135 136 131 129 129 126 129 126 121 118 114 111 96 79 66 59 58 56 55 54 53 55 57 59 62 65 67 70 72 78 80 80 82 88 91 96 99 108 117 128 139 131 118 111 101 98 95 -9999 -9999 -9999
-9999 56 59 62 62 73 82 86 86 87 88 67 51 39 31 25 17 13 13 9 8 8 8 8 8 8 8 8 9 31 26 20 23 30 53 126 135 105 132 140 139 136 138 136 129 129 127 126 124 122 117 112 105 89 75 63 56 56 54 51 49 49 49 52 56 57 58 62 66 68 71 75 76 81 84 85 92 95 98 103 110 122 127 123 120 112 104 98 95 -9999 -9999
-9999 21 46 48 56 65 80 86 90 92 93 94 95 97 91 40 26 13 9 8 8 8 8 8 8 8 8 8 9 26 28 24 31 41 69 132 93 81 105 134 140 139 138 139 129 129 128 123 121 117 113 110 96 83 71 60 55 54 52 50 47 46 46 48 51 52 55 58 62 64 66 71 75 79 81 83 87 90 92 98 104 111 117 120 120 121 112 103 95 91 -9999
-9999 7 7 9 16 29 27 29 24 27 15 40 47 97 68 55 55 35 14 9 8 8 9 8 8 8 8 8 9 13 26 22 23 24 32 45 52 46 68 102 125 141 140 138 130 127 126 123 119 114 110 103 90 79 69 59 54 52 50 46 44 42 42 45 47 50 53 55 57 61 66 70 73 77 79 83 85 86 91 97 101 108 110 114 114 116 116 110 103 92 87
-9999 6 7 7 7 7 9 9 7 8 8 9 12 28 27 20 10 9 11 11 9 8 9 9 9 8 8 8 9 9 9 10 21 23 20 20 26 22 39 93 98 114 120 129 129 125 126 122 117 110 106 93 84 73 64 56 52 50 48 44 41 39 40 42 44 46 49 52 56 60 64 68 73 76 80 83 86 87 90 95 98 103 109 111 110 111 113 110 101 91 -9999
-9999 7 7 7 7 7 6 6 6 6 6 6 8 8 8 8 8 8 8 8 8 8 8 8 8 8 8 9 9 9 9 10 10 24 11 11 11 11 45 104 100 82 85 100 107 125 124 120 114 108 97 85 75 68 62 54 49 47 45 41 38 37 38 39 42 44 46 49 53 57 62 67 71 76 78 81 84 86 91 95 99 103 105 107 108 111 111 103 93 92 -9999
-9999 32 12 9 11 8 7 7 6 6 6 6 6 6 6 6 6 6 7 7 7 8 8 8 8 8 8 9 9 9 9 10 10 10 10 10 11 11 18 95 135 123 101 101 87 123 120 117 112 98 91 81 74 64 59 54 49 46 42 40 38 37 38 39 40 42 45 48 52 55 60 65 69 73 76 78 81 86 91 95 99 104 105 107 108 108 107 97 91 -9999 -9999
-9999 66 56 37 31 21 8 7 6 6 6 6 6 6 5 6 6 7 7 7 7 8 8 8 8 8 9 9 9 9 9 9 10 10 10 10 10 11 11 22 82 88 92 40 43 96 112 106 100 92 83 74 -9999 -9999 -9999 -9999 -9999 44 41 40 39 38 39 40 41 42 44 46 49 55 59 60 54 52 52 60 78 84 87 90 95 101 103 106 107 105 97 91 -9999 -9999 -9999
-9999 76 84 85 83 41 20 9 8 7 8 8 8 6 6 6 7 7 7 7 8 8 8 9 9 9 9 9 9 9 9 9 10 -9999 -9999 -9999 10 10 10 10 15 15 17 21 35 61 97 95 86 80 -9999 -9999 -9999 -9999 -9999 -9999 -9999 41 41 -9999 40 39 39 -9999 -9999 -9999 -9999 -9999 -9999 -9999 47 43 41 38 39 43 58 76 84 88 94 99 101 99 99 98 93 86 -9999 -9999 -9999
-9999 92 95 96 96 91 92 95 42 21 10 10 9 9 7 7 7 7 8 8 8 8 8 9 12 21 10 9 9 9 9 9 10 -9999 -9999 -9999 10 10 10 10 10 11 13 17 22 37 60 77 72 -9999 -9999 -9999 -9999 -9999 -9999 -9999 -9999 -9999 -9999 -9999 -9999 -9999 -9999 -9999 -9999 -9999 -9999 -9999 -9999 -9999 -9999 -9999 -9999 34 34 -9999 -9999 64 80 84 89 92 92 89 89 87 86 84 -9999 -9999 -9999
