Humedad_Suelo_ASC/terraclimate_soil_1968.txt
ncols         92
nrows         62
xllcorner     -72.083333333358
yllcorner     17.458333333309
cellsize      0.041666666666657
NODATA_value  -9999
[rows 0 to 41 of 62, columns 0 to 91 of 92]
-9999 -9999 -9999 -9999 -9999 -9999 -9999 -9999 -9999 -9999 -9999 -9999 -9999 -9999 -9999 -9999 -9999 -9999 -9999 -9999 -9999 -9999 -9999 -9999 -9999 -9999 -9999 -9999 -9999 -9999 -9999 -9999 -9999 -9999 -9999 -9999 -9999 -9999 -9999 -9999 -9999 -9999 -9999 -9999 -9999 -9999 -9999 -9999 -9999 -9999 -9999 -9999 -9999 -9999 -9999 -9999 -9999 -9999 -9999 -9999 -9999 -9999 -9999 -9999 -9999 -9999 -9999 -9999 -9999 -9999 -9999 -9999 -9999 -9999 -9999 -9999 -9999 -9999 -9999 -9999 -9999 -9999 -9999 -9999 -9999 -9999 -9999 -9999 -9999 -9999 -9999 -9999
-9999 -9999 -9999 -9999 -9999 -9999 -9999 -9999 -9999 -9999 -9999 -9999 -9999 -9999 -9999 -9999 -9999 -9999 -9999 -9999 -9999 -9999 -9999 -9999 -9999 -9999 -9999 -9999 -9999 -9999 -9999 -9999 -9999 -9999 -9999 -9999 -9999 -9999 -9999 -9999 -9999 -9999 -9999 -9999 -9999 -9999 -9999 -9999 -9999 -9999 -9999 -9999 -9999 -9999 -9999 -9999 -9999 -9999 -9999 -9999 -9999 -9999 -9999 -9999 -9999 -9999 -9999 -9999 -9999 -9999 -9999 -9999 -9999 -9999 -9999 -9999 -9999 -9999 -9999 -9999 -9999 -9999 -9999 -9999 -9999 -9999 -9999 -9999 -9999 -9999 -9999 -9999
-9999 -9999 -9999 -9999 -9999 -9999 -9999 -9999 -9999 -9999 -9999 -9999 -9999 -9999 -9999 -9999 -9999 -9999 -9999 -9999 -9999 -9999 -9999 -9999 16 23 25 -9999 -9999 -9999 -9999 -9999 -9999 -9999 -9999 -9999 -9999 -9999 -9999 -9999 -9999 -9999 -9999 -9999 -9999 -9999 -9999 -9999 -9999 -9999 -9999 -9999 -9999 -9999 -9999 -9999 -9999 -9999 -9999 -9999 -9999 -9999 -9999 -9999 -9999 -9999 -9999 -9999 -9999 -9999 -9999 -9999 -9999 -9999 -9999 -9999 -9999 -9999 -9999 -9999 -9999 -9999 -9999 -9999 -9999 -9999 -9999 -9999 -9999 -9999 -9999 -9999
-9999 -9999 -9999 -9999 -9999 -9999 17 -9999 -9999 -9999 13 13 13 14 14 14 -9999 -9999 -9999 -9999 -9999 -9999 -9999 -9999 17 24 32 37 43 46 48 -9999 -9999 -9999 -9999 -9999 -9999 -9999 -9999 -9999 -9999 -9999 -9999 -9999 -9999 -9999 -9999 -9999 -9999 -9999 -9999 -9999 -9999 -9999 -9999 -9999 -9999 -9999 -9999 -9999 -9999 -9999 -9999 -9999 -9999 -9999 -9999 -9999 -9999 -9999 -9999 -9999 -9999 -9999 -9999 -9999 -9999 -9999 -9999 -9999 -9999 -9999 -9999 -9999 -9999 -9999 -9999 -9999 -9999 -9999 -9999 -9999
-9999 -9999 -9999 -9999 -9999 -9999 -9999 -9999 -9999 15 15 15 16 17 18 17 17 15 15 15 15 16 16 16 17 20 30 35 44 53 53 51 54 -9999 -9999 -9999 -9999 -9999 -9999 -9999 -9999 -9999 -9999 -9999 -9999 -9999 -9999 -9999 -9999 -9999 -9999 -9999 -9999 -9999 -9999 -9999 -9999 -9999 -9999 -9999 -9999 -9999 -9999 -9999 -9999 -9999 -9999 -9999 -9999 -9999 -9999 -9999 -9999 -9999 -9999 -9999 -9999 -9999 -9999 -9999 -9999 -9999 -9999 -9999 -9999 -9999 -9999 -9999 -9999 -9999 -9999 -9999
-9999 -9999 -9999 -9999 -9999 -9999 -9999 15 16 16 16 16 17 17 19 19 20 20 19 18 17 17 17 17 18 19 23 33 46 57 60 61 61 64 -9999 -9999 -9999 -9999 -9999 -9999 -9999 -9999 -9999 -9999 -9999 -9999 -9999 -9999 -9999 -9999 -9999 -9999 -9999 -9999 -9999 -9999 -9999 -9999 -9999 -9999 -9999 -9999 -9999 -9999 -9999 -9999 -9999 -9999 -9999 -9999 -9999 -9999 -9999 -9999 -9999 -9999 -9999 -9999 -9999 -9999 -9999 -9999 -9999 -9999 -9999 -9999 -9999 -9999 -9999 -9999 -9999 -9999
-9999 -9999 -9999 -9999 -9999 -9999 -9999 16 16 17 17 17 18 18 19 19 20 21 20 21 21 27 28 22 21 21 22 28 39 52 58 61 65 68 70 70 73 76 70 64 -9999 -9999 -9999 -9999 -9999 -9999 -9999 -9999 -9999 -9999 -9999 -9999 -9999 -9999 -9999 -9999 -9999 -9999 -9999 -9999 -9999 -9999 -9999 -9999 -9999 -9999 -9999 -9999 -9999 -9999 -9999 -9999 -9999 -9999 -9999 -9999 -9999 -9999 -9999 -9999 -9999 -9999 -9999 -9999 -9999 -9999 -9999 -9999 -9999 -9999 -9999 -9999
-9999 30 23 17 14 14 15 -9999 16 17 18 18 19 19 19 19 19 20 20 20 20 21 23 30 33 27 26 24 31 40 45 43 51 62 69 71 71 74 65 62 60 -9999 -9999 -9999 -9999 -9999 -9999 -9999 -9999 -9999 -9999 -9999 -9999 -9999 -9999 -9999 -9999 -9999 -9999 -9999 -9999 -9999 -9999 -9999 -9999 -9999 -9999 -9999 -9999 -9999 -9999 -9999 -9999 -9999 -9999 -9999 -9999 -9999 -9999 -9999 -9999 -9999 -9999 -9999 -9999 -9999 -9999 -9999 -9999 -9999 -9999 -9999
-9999 26 21 18 14 14 15 16 17 18 18 19 20 20 20 20 20 20 20 20 19 20 20 20 23 29 39 36 29 31 35 36 41 46 49 54 54 53 54 58 57 51 51 -9999 -9999 -9999 -9999 -9999 24 23 18 16 -9999 -9999 -9999 -9999 -9999 -9999 -9999 -9999 -9999 -9999 -9999 -9999 -9999 -9999 -9999 -9999 -9999 -9999 -9999 -9999 -9999 -9999 -9999 -9999 -9999 -9999 -9999 -9999 -9999 -9999 -9999 -9999 -9999 -9999 -9999 -9999 -9999 -9999 -9999 -9999
-9999 23 19 15 13 14 15 16 17 18 19 20 21 22 22 22 21 21 21 20 19 19 18 18 19 20 21 30 37 31 29 28 29 33 33 34 37 41 47 54 51 52 50 50 42 39 -9999 27 27 27 27 22 14 -9999 -9999 -9999 -9999 -9999 -9999 -9999 -9999 -9999 -9999 -9999 -9999 -9999 -9999 -9999 -9999 -9999 -9999 -9999 -9999 -9999 -9999 -9999 -9999 -9999 -9999 -9999 -9999 -9999 -9999 -9999 -9999 -9999 -9999 -9999 -9999 -9999 -9999 -9999
-9999 20 18 13 14 14 15 17 18 20 21 22 23 23 23 23 23 24 23 22 21 20 18 17 17 18 19 20 20 26 28 31 31 31 29 26 26 28 28 35 33 36 39 44 37 36 31 28 27 25 28 32 15 -9999 -9999 -9999 -9999 -9999 -9999 -9999 -9999 -9999 -9999 -9999 -9999 -9999 -9999 -9999 -9999 -9999 -9999 -9999 -9999 -9999 -9999 -9999 -9999 -9999 -9999 -9999 -9999 -9999 -9999 -9999 -9999 -9999 -9999 -9999 -9999 -9999 -9999 -9999
-9999 23 14 15 13 14 16 18 20 22 25 25 25 27 28 25 24 25 28 25 24 22 21 19 17 17 18 18 19 19 20 23 27 30 34 29 25 21 18 19 17 21 29 30 24 23 30 29 24 21 21 18 14 -9999 -9999 -9999 -9999 -9999 -9999 -9999 -9999 -9999 -9999 -9999 -9999 -9999 -9999 -9999 -9999 -9999 -9999 -9999 -9999 -9999 -9999 -9999 -9999 -9999 -9999 -9999 -9999 -9999 -9999 -9999 -9999 -9999 -9999 -9999 -9999 -9999 -9999 -9999
-9999 22 28 21 14 16 18 20 22 24 30 34 32 31 29 28 26 27 28 27 28 26 24 21 19 18 17 18 18 18 18 18 17 18 21 22 26 29 20 16 16 19 20 17 18 25 26 22 18 17 15 14 13 12 -9999 -9999 -9999 -9999 -9999 -9999 -9999 -9999 -9999 -9999 -9999 -9999 -9999 -9999 -9999 -9999 -9999 -9999 -9999 -9999 -9999 -9999 -9999 -9999 -9999 -9999 -9999 -9999 -9999 -9999 -9999 -9999 -9999 -9999 -9999 -9999 -9999 -9999
-9999 18 21 33 23 29 22 26 24 26 34 45 43 38 35 31 29 28 28 27 27 26 26 23 21 20 17 18 19 18 17 17 16 16 16 15 16 18 21 17 18 26 19 16 17 19 19 20 18 15 15 14 13 -9999 -9999 -9999 -9999 -9999 -9999 -9999 -9999 -9999 -9999 -9999 -9999 -9999 -9999 -9999 -9999 -9999 -9999 -9999 -9999 -9999 -9999 -9999 -9999 -9999 -9999 -9999 -9999 -9999 -9999 -9999 -9999 -9999 -9999 -9999 -9999 -9999 -9999 -9999
-9999 18 19 28 37 48 43 31 28 30 34 44 55 52 40 34 34 31 29 28 29 27 27 23 22 21 19 19 21 20 17 15 15 15 14 14 14 13 14 15 17 19 16 15 16 16 16 16 16 15 15 14 13 12 -9999 -9999 -9999 -9999 -9999 -9999 -9999 -9999 -9999 -9999 -9999 -9999 -9999 -9999 -9999 -9999 -9999 -9999 -9999 -9999 -9999 -9999 -9999 -9999 -9999 -9999 -9999 -9999 -9999 -9999 -9999 -9999 -9999 -9999 -9999 -9999 -9999 -9999
-9999 19 20 24 33 43 52 61 53 42 38 44 51 49 43 39 38 40 37 30 33 29 26 24 24 24 21 19 19 19 18 15 14 14 13 13 13 12 12 12 13 14 15 15 16 19 20 16 15 15 15 14 14 13 -9999 -9999 -9999 -9999 -9999 -9999 -9999 -9999 -9999 -9999 -9999 -9999 -9999 -9999 -9999 -9999 -9999 -9999 -9999 -9999 -9999 -9999 -9999 -9999 -9999 -9999 -9999 -9999 -9999 -9999 -9999 -9999 -9999 -9999 -9999 -9999 -9999 -9999
-9999 20 21 24 28 37 46 53 61 66 60 71 78 70 45 45 42 42 41 38 32 30 27 25 25 23 21 21 20 18 17 16 14 14 13 13 12 12 12 12 12 12 13 13 13 15 23 26 16 15 15 15 14 13 13 -9999 -9999 -9999 -9999 -9999 -9999 -9999 -9999 -9999 -9999 -9999 -9999 15 14 -9999 -9999 -9999 -9999 -9999 -9999 -9999 -9999 -9999 -9999 -9999 -9999 -9999 -9999 -9999 -9999 -9999 -9999 -9999 -9999 -9999 -9999 -9999
-9999 20 21 24 28 32 40 46 53 58 62 69 78 86 72 59 55 55 47 39 36 37 29 27 25 23 21 19 19 17 16 13 13 13 13 12 12 11 11 11 12 12 12 12 13 14 14 16 16 17 20 20 15 13 13 13 -9999 -9999 -9999 14 14 15 15 15 15 21 24 21 17 12 13 -9999 -9999 -9999 -9999 -9999 -9999 -9999 -9999 -9999 -9999 -9999 -9999 -9999 -9999 -9999 -9999 -9999 -9999 -9999 -9999 -9999
-9999 21 22 24 27 31 34 40 45 51 54 55 65 80 88 94 79 65 49 46 54 68 38 36 28 29 23 20 18 17 16 15 13 12 12 12 11 11 11 11 11 11 12 12 13 13 14 15 16 21 22 18 15 14 14 13 13 19 26 28 32 33 27 21 22 18 23 19 15 13 13 -9999 -9999 -9999 -9999 -9999 -9999 -9999 -9999 -9999 -9999 -9999 -9999 -9999 -9999 -9999 -9999 -9999 -9999 -9999 -9999 -9999
-9999 21 22 24 26 29 32 36 39 44 42 44 62 78 86 82 82 70 60 66 63 82 51 62 34 31 28 20 18 17 16 16 15 14 13 12 11 11 11 11 11 11 12 12 13 13 14 15 17 20 23 24 22 18 15 15 14 14 15 21 22 23 23 24 23 20 18 22 15 13 -9999 -9999 -9999 -9999 -9999 -9999 -9999 -9999 -9999 -9999 -9999 -9999 -9999 -9999 -9999 -9999 -9999 -9999 -9999 -9999 -9999 -9999
-9999 21 22 24 26 28 30 33 37 41 42 42 47 61 64 55 58 75 76 78 80 83 80 84 83 52 23 20 19 18 17 15 14 14 13 13 11 11 10 11 11 11 12 12 13 14 14 16 17 20 22 23 23 21 18 17 16 15 15 -9999 -9999 -9999 14 14 15 15 15 16 15 -9999 -9999 -9999 -9999 -9999 -9999 -9999 -9999 -9999 -9999 -9999 -9999 -9999 -9999 -9999 -9999 -9999 -9999 -9999 -9999 -9999 -9999 -9999
-9999 21 21 24 26 27 29 30 32 36 35 39 39 41 47 58 51 60 54 51 60 67 71 70 66 29 41 26 19 20 17 15 14 13 12 12 12 12 11 11 11 11 12 13 13 14 15 17 19 21 24 26 26 25 23 20 18 18 17 -9999 -9999 -9999 -9999 -9999 -9999 -9999 -9999 -9999 -9999 -9999 -9999 -9999 -9999 -9999 -9999 -9999 -9999 -9999 -9999 -9999 -9999 -9999 -9999 -9999 -9999 -9999 -9999 -9999 -9999 -9999 -9999 -9999
-9999 23 23 24 25 27 28 29 29 30 32 35 37 40 45 48 46 47 40 40 48 53 56 59 55 32 49 61 41 26 18 15 14 13 12 12 13 13 12 12 12 12 12 13 13 14 16 19 24 28 33 35 36 34 30 27 24 23 21 -9999 20 17 15 14 14 -9999 -9999 -9999 -9999 -9999 -9999 -9999 -9999 -9999 -9999 -9999 -9999 -9999 -9999 -9999 -9999 -9999 -9999 -9999 -9999 -9999 -9999 -9999 -9999 -9999 -9999 -9999
-9999 24 24 25 25 26 28 28 27 28 30 32 33 37 38 41 39 35 32 31 39 42 45 47 48 48 49 53 25 16 14 14 13 13 13 13 13 13 12 11 12 12 13 14 15 16 18 21 26 30 36 45 46 47 45 41 37 32 29 28 27 25 23 16 14 13 12 -9999 -9999 -9999 -9999 -9999 -9999 -9999 -9999 -9999 -9999 -9999 -9999 -9999 -9999 -9999 -9999 -9999 -9999 -9999 -9999 -9999 -9999 -9999 -9999 -9999
-9999 24 25 25 26 25 27 26 28 29 29 28 28 27 28 32 31 32 27 24 29 33 34 35 35 36 37 38 43 26 22 16 16 18 13 12 12 13 12 11 12 13 14 17 17 20 23 24 28 37 43 46 51 52 47 43 42 39 38 36 34 31 26 20 15 14 13 12 11 11 11 11 -9999 11 11 11 11 -9999 -9999 -9999 -9999 -9999 -9999 -9999 -9999 -9999 -9999 -9999 -9999 -9999 -9999 -9999
-9999 25 25 26 26 25 27 28 28 29 28 26 23 23 23 22 22 23 20 19 27 31 32 32 31 31 31 27 35 30 29 25 22 17 13 12 13 13 12 12 13 14 17 18 20 24 26 28 33 40 52 52 57 57 49 43 41 38 37 37 35 33 28 19 15 14 14 14 12 12 11 11 11 11 11 11 11 11 11 11 -9999 -9999 -9999 -9999 -9999 -9999 -9999 -9999 -9999 -9999 -9999 -9999
-9999 25 26 26 26 26 28 28 28 28 27 24 22 21 20 18 20 20 17 15 17 23 26 27 28 17 20 31 24 14 18 17 15 14 14 15 20 15 13 13 15 17 18 20 24 27 29 33 43 43 54 51 53 54 50 44 39 36 34 32 30 29 28 23 17 14 14 14 14 14 16 14 11 11 11 11 11 11 11 11 11 10 -9999 -9999 -9999 -9999 -9999 -9999 -9999 -9999 -9999 -9999
-9999 26 26 26 25 25 27 29 29 30 28 24 22 20 18 17 18 17 17 14 14 16 17 17 18 13 21 18 16 13 13 14 13 15 18 15 14 14 13 14 15 18 20 23 27 30 35 44 52 54 50 50 48 48 50 44 38 35 32 30 28 27 26 23 20 17 15 13 12 13 15 15 13 13 12 12 13 14 12 11 11 10 10 -9999 -9999 -9999 -9999 -9999 -9999 -9999 -9999 -9999
-9999 26 27 26 26 26 27 29 30 30 28 25 23 20 19 18 17 15 14 14 13 13 13 13 13 13 14 13 14 14 25 28 25 27 35 32 17 14 14 14 15 19 23 22 27 32 40 46 54 50 48 46 42 42 40 38 35 33 30 28 26 24 22 20 19 16 14 14 12 11 11 11 11 12 12 11 12 12 13 12 11 11 10 10 -9999 -9999 -9999 -9999 -9999 -9999 -9999 -9999
-9999 27 27 28 28 29 29 30 30 30 30 29 26 24 25 22 19 16 14 13 12 11 11 11 10 11 10 10 12 14 23 29 40 53 58 68 64 21 15 15 15 18 22 23 27 39 52 57 53 48 44 41 38 38 36 34 32 30 28 25 23 21 18 18 17 14 14 13 11 11 11 10 11 11 11 11 11 11 12 12 12 11 10 10 9 -9999 -9999 -9999 -9999 -9999 -9999 -9999
-9999 26 28 28 29 29 30 31 32 33 32 31 30 29 30 31 28 22 16 13 11 9 8 8 8 9 5 9 11 12 14 18 44 55 63 73 50 20 18 17 17 17 19 24 28 28 38 57 52 47 42 38 37 36 32 31 30 27 24 22 19 16 14 13 13 13 11 11 10 10 10 10 10 10 11 11 11 11 12 12 12 11 11 10 9 9 -9999 -9999 -9999 -9999 -9999 -9999
-9999 28 28 29 29 30 31 32 33 34 34 33 31 29 32 32 31 30 23 16 12 10 7 5 4 4 4 5 13 16 14 22 26 35 52 68 28 17 17 17 17 18 19 23 33 30 27 55 51 45 40 36 33 31 29 28 25 23 21 18 15 13 12 11 10 10 10 10 10 10 10 10 10 10 11 11 11 11 11 11 12 12 11 11 10 9 9 9 -9999 -9999 -9999 -9999
-9999 28 29 29 30 31 33 34 35 35 35 35 36 36 32 29 24 23 23 18 13 13 10 6 4 4 4 5 13 21 19 15 19 23 29 57 32 19 17 17 18 19 21 24 31 46 32 37 48 44 38 34 30 27 25 24 22 19 16 14 13 11 10 9 9 9 9 10 10 10 9 9 10 10 10 10 11 11 11 11 11 11 11 11 11 10 9 9 8 -9999 -9999 -9999
-9999 16 29 30 30 30 32 33 35 35 36 37 38 39 38 36 30 23 18 15 14 14 13 12 4 4 4 4 7 15 22 21 24 27 32 72 25 18 17 18 19 21 21 21 26 41 49 36 43 39 36 31 28 24 22 19 17 15 13 13 11 10 9 9 9 9 9 9 9 9 9 9 9 10 10 10 10 10 10 10 11 11 11 11 11 10 10 9 8 8 -9999 -9999
-9999 9 11 13 16 27 26 28 22 24 20 31 34 38 37 37 37 33 24 18 12 12 13 10 4 4 4 4 4 12 14 14 16 17 16 22 18 15 16 17 18 19 20 21 26 34 38 35 33 30 29 25 23 20 18 16 14 13 12 11 9 8 8 8 8 8 8 8 8 8 9 9 9 9 9 9 9 9 10 10 10 10 10 10 10 10 10 9 8 8 8 -9999
-9999 7 7 8 7 8 14 14 6 8 9 14 21 25 25 24 20 18 22 23 14 9 12 12 10 4 4 4 4 5 6 9 14 18 15 14 15 13 15 19 18 19 19 20 23 27 32 31 27 23 22 20 18 16 14 14 13 12 11 9 8 8 8 8 8 8 8 8 8 8 8 8 9 9 9 9 9 9 9 10 10 10 10 10 10 10 10 9 8 8 -9999 -9999
-9999 11 7 7 7 7 4 5 4 4 4 4 5 10 9 7 9 5 5 10 7 5 4 4 4 4 4 4 4 5 5 5 9 14 13 11 11 12 17 22 20 19 19 20 23 25 27 26 24 21 18 16 14 12 12 13 12 11 10 8 8 7 7 7 7 7 7 7 8 8 8 8 9 9 9 9 9 9 9 9 10 10 10 10 10 9 9 9 8 8 -9999 -9999
-9999 25 15 13 15 7 7 5 4 4 4 4 4 4 4 4 4 4 5 4 4 4 4 4 4 4 4 4 4 5 5 5 5 5 6 6 12 12 15 26 25 23 20 20 20 23 25 24 20 17 16 15 12 11 11 12 11 9 8 8 7 7 7 7 7 7 6 7 7 7 8 8 8 8 8 8 9 9 9 9 10 10 10 10 9 9 9 9 8 -9999 -9999 -9999
-9999 32 32 31 28 21 7 6 4 4 4 4 4 4 4 4 4 4 6 4 4 4 4 4 4 4 4 4 4 5 5 5 5 5 5 5 7 8 11 17 24 23 22 18 18 20 20 18 17 16 13 12 -9999 -9999 -9999 -9999 -9999 8 8 8 7 7 7 7 7 6 6 6 6 7 7 7 8 8 8 8 8 8 9 9 9 10 10 10 9 9 9 8 -9999 -9999 -9999 -9999
-9999 34 36 37 36 35 21 9 7 4 7 7 4 4 4 6 4 4 4 4 4 4 5 7 14 15 9 4 5 5 5 5 5 -9999 -9999 -9999 6 7 8 12 16 16 16 17 17 17 17 16 15 14 -9999 -9999 -9999 -9999 -9999 -9999 -9999 8 7 -9999 7 7 7 -9999 -9999 -9999 -9999 -9999 -9999 -9999 7 7 7 7 7 7 8 8 9 9 9 9 9 9 9 9 9 8 -9999 -9999 -9999 -9999
-9999 42 45 44 40 38 39 39 36 24 19 17 13 6 4 4 6 6 5 4 4 4 5 5 11 17 20 9 5 5 5 5 5 -9999 -9999 -9999 6 7 7 8 11 13 15 15 15 15 15 15 14 -9999 -9999 -9999 -9999 -9999 -9999 -9999 -9999 -9999 -9999 -9999 -9999 -9999 -9999 -9999 -9999 -9999 -9999 -9999 -9999 -9999 -9999 -9999 -9999 6 6 -9999 -9999 8 8 9 9 9 9 9 9 8 8 8 -9999 -9999 -9999 -9999
-9999 46 48 44 41 39 42 45 47 45 31 21 16 16 17 5 5 5 5 5 5 5 5 5 5 5 11 12 5 5 -9999 -9999 -9999 -9999 -9999 -9999 5 6 6 7 7 9 12 13 13 13 14 13 12 -9999 -9999 -9999 -9999 -9999 -9999 -9999 -9999 -9999 -9999 -9999 -9999 -9999 -9999 -9999 -9999 -9999 -9999 -9999 -9999 -9999 -9999 -9999 -9999 -9999 -9999 -9999 -9999 -9999 8 8 9 9 8 8 -9999 -9999 -9999 -9999 -9999 -9999 -9999 -9999
