Humedad_Suelo_ASC/terraclimate_soil_1989.txt
ncols         92
nrows         62
xllcorner     -72.083333333358
yllcorner     17.458333333309
cellsize      0.041666666666657
NODATA_value  -9999
[rows 0 to 39 of 62, columns 0 to 89 of 92]
-9999 -9999 -9999 -9999 -9999 -9999 -9999 -9999 -9999 -9999 -9999 -9999 -9999 -9999 -9999 -9999 -9999 -9999 -9999 -9999 -9999 -9999 -9999 -9999 -9999 -9999 -9999 -9999 -9999 -9999 -9999 -9999 -9999 -9999 -9999 -9999 -9999 -9999 -9999 -9999 -9999 -9999 -9999 -9999 -9999 -9999 -9999 -9999 -9999 -9999 -9999 -9999 -9999 -9999 -9999 -9999 -9999 -9999 -9999 -9999 -9999 -9999 -9999 -9999 -9999 -9999 -9999 -9999 -9999 -9999 -9999 -9999 -9999 -9999 -9999 -9999 -9999 -9999 -9999 -9999 -9999 -9999 -9999 -9999 -9999 -9999 -9999 -9999 -9999 -9999
-9999 -9999 -9999 -9999 -9999 -9999 -9999 -9999 -9999 -9999 -9999 -9999 -9999 -9999 -9999 -9999 -9999 -9999 -9999 -9999 -9999 -9999 -9999 -9999 -9999 -9999 -9999 -9999 -9999 -9999 -9999 -9999 -9999 -9999 -9999 -9999 -9999 -9999 -9999 -9999 -9999 -9999 -9999 -9999 -9999 -9999 -9999 -9999 -9999 -9999 -9999 -9999 -9999 -9999 -9999 -9999 -9999 -9999 -9999 -9999 -9999 -9999 -9999 -9999 -9999 -9999 -9999 -9999 -9999 -9999 -9999 -9999 -9999 -9999 -9999 -9999 -9999 -9999 -9999 -9999 -9999 -9999 -9999 -9999 -9999 -9999 -9999 -9999 -9999 -9999
-9999 -9999 -9999 -9999 -9999 -9999 -9999 -9999 -9999 -9999 -9999 -9999 -9999 -9999 -9999 -9999 -9999 -9999 -9999 -9999 -9999 -9999 -9999 -9999 75 103 123 -9999 -9999 -9999 -9999 -9999 -9999 -9999 -9999 -9999 -9999 -9999 -9999 -9999 -9999 -9999 -9999 -9999 -9999 -9999 -9999 -9999 -9999 -9999 -9999 -9999 -9999 -9999 -9999 -9999 -9999 -9999 -9999 -9999 -9999 -9999 -9999 -9999 -9999 -9999 -9999 -9999 -9999 -9999 -9999 -9999 -9999 -9999 -9999 -9999 -9999 -9999 -9999 -9999 -9999 -9999 -9999 -9999 -9999 -9999 -9999 -9999 -9999 -9999
-9999 -9999 -9999 -9999 -9999 -9999 15 -9999 -9999 -9999 13 13 13 13 14 14 -9999 -9999 -9999 -9999 -9999 -9999 -9999 -9999 77 116 144 162 183 193 191 -9999 -9999 -9999 -9999 -9999 -9999 -9999 -9999 -9999 -9999 -9999 -9999 -9999 -9999 -9999 -9999 -9999 -9999 -9999 -9999 -9999 -9999 -9999 -9999 -9999 -9999 -9999 -9999 -9999 -9999 -9999 -9999 -9999 -9999 -9999 -9999 -9999 -9999 -9999 -9999 -9999 -9999 -9999 -9999 -9999 -9999 -9999 -9999 -9999 -9999 -9999 -9999 -9999 -9999 -9999 -9999 -9999 -9999 -9999
-9999 -9999 -9999 -9999 -9999 -9999 -9999 -9999 -9999 12 13 13 13 14 16 15 15 15 15 16 17 25 38 51 71 105 142 167 196 197 194 191 188 -9999 -9999 -9999 -9999 -9999 -9999 -9999 -9999 -9999 -9999 -9999 -9999 -9999 -9999 -9999 -9999 -9999 -9999 -9999 -9999 -9999 -9999 -9999 -9999 -9999 -9999 -9999 -9999 -9999 -9999 -9999 -9999 -9999 -9999 -9999 -9999 -9999 -9999 -9999 -9999 -9999 -9999 -9999 -9999 -9999 -9999 -9999 -9999 -9999 -9999 -9999 -9999 -9999 -9999 -9999 -9999 -9999
-9999 -9999 -9999 -9999 -9999 -9999 -9999 13 12 13 13 13 14 14 16 17 20 24 23 20 20 28 39 52 66 88 124 159 202 200 197 194 190 187 -9999 -9999 -9999 -9999 -9999 -9999 -9999 -9999 -9999 -9999 -9999 -9999 -9999 -9999 -9999 -9999 -9999 -9999 -9999 -9999 -9999 -9999 -9999 -9999 -9999 -9999 -9999 -9999 -9999 -9999 -9999 -9999 -9999 -9999 -9999 -9999 -9999 -9999 -9999 -9999 -9999 -9999 -9999 -9999 -9999 -9999 -9999 -9999 -9999 -9999 -9999 -9999 -9999 -9999 -9999 -9999
-9999 -9999 -9999 -9999 -9999 -9999 -9999 14 13 13 13 13 14 14 15 16 18 27 26 31 43 133 154 83 83 91 119 160 189 204 200 196 192 188 184 180 177 173 170 169 -9999 -9999 -9999 -9999 -9999 -9999 -9999 -9999 -9999 -9999 -9999 -9999 -9999 -9999 -9999 -9999 -9999 -9999 -9999 -9999 -9999 -9999 -9999 -9999 -9999 -9999 -9999 -9999 -9999 -9999 -9999 -9999 -9999 -9999 -9999 -9999 -9999 -9999 -9999 -9999 -9999 -9999 -9999 -9999 -9999 -9999 -9999 -9999 -9999 -9999
-9999 88 55 35 25 21 20 -9999 14 15 15 14 13 14 14 14 15 17 18 22 25 33 77 179 221 155 158 173 208 207 203 198 194 190 185 181 176 172 169 168 167 -9999 -9999 -9999 -9999 -9999 -9999 -9999 -9999 -9999 -9999 -9999 -9999 -9999 -9999 -9999 -9999 -9999 -9999 -9999 -9999 -9999 -9999 -9999 -9999 -9999 -9999 -9999 -9999 -9999 -9999 -9999 -9999 -9999 -9999 -9999 -9999 -9999 -9999 -9999 -9999 -9999 -9999 -9999 -9999 -9999 -9999 -9999 -9999 -9999
-9999 77 61 50 31 24 22 21 21 20 19 19 17 16 15 14 15 16 16 17 18 23 27 42 96 184 226 221 216 211 206 201 196 191 186 181 176 171 168 167 166 164 163 -9999 -9999 -9999 -9999 -9999 157 156 155 155 -9999 -9999 -9999 -9999 -9999 -9999 -9999 -9999 -9999 -9999 -9999 -9999 -9999 -9999 -9999 -9999 -9999 -9999 -9999 -9999 -9999 -9999 -9999 -9999 -9999 -9999 -9999 -9999 -9999 -9999 -9999 -9999 -9999 -9999 -9999 -9999 -9999 -9999
-9999 76 63 55 50 39 33 30 27 29 29 28 27 25 25 22 20 20 18 17 17 18 18 21 27 35 80 224 220 214 209 203 198 192 187 181 176 170 167 166 165 164 162 161 160 159 -9999 157 156 155 154 154 154 -9999 -9999 -9999 -9999 -9999 -9999 -9999 -9999 -9999 -9999 -9999 -9999 -9999 -9999 -9999 -9999 -9999 -9999 -9999 -9999 -9999 -9999 -9999 -9999 -9999 -9999 -9999 -9999 -9999 -9999 -9999 -9999 -9999 -9999 -9999 -9999 -9999
-9999 74 72 57 60 45 46 46 50 47 56 47 48 44 37 35 29 48 35 25 22 20 19 19 19 23 35 51 122 217 212 206 200 194 187 181 175 169 166 165 164 163 161 160 159 158 157 156 155 154 153 153 153 -9999 -9999 -9999 -9999 -9999 -9999 -9999 -9999 -9999 -9999 -9999 -9999 -9999 -9999 -9999 -9999 -9999 -9999 -9999 -9999 -9999 -9999 -9999 -9999 -9999 -9999 -9999 -9999 -9999 -9999 -9999 -9999 -9999 -9999 -9999 -9999 -9999
-9999 73 62 61 48 46 46 47 53 62 75 82 66 72 80 48 39 50 90 59 43 29 26 23 19 20 26 35 43 83 154 208 201 195 188 182 175 168 165 164 163 162 161 160 158 157 156 155 154 153 153 153 152 -9999 -9999 -9999 -9999 -9999 -9999 -9999 -9999 -9999 -9999 -9999 -9999 -9999 -9999 -9999 -9999 -9999 -9999 -9999 -9999 -9999 -9999 -9999 -9999 -9999 -9999 -9999 -9999 -9999 -9999 -9999 -9999 -9999 -9999 -9999 -9999 -9999
-9999 58 65 69 48 48 50 53 57 65 84 96 102 113 91 65 53 64 75 77 101 66 53 29 26 27 27 34 39 44 55 80 118 188 189 182 175 168 164 163 162 161 160 159 158 157 156 155 154 153 152 152 152 152 -9999 -9999 -9999 -9999 -9999 -9999 -9999 -9999 -9999 -9999 -9999 -9999 -9999 -9999 -9999 -9999 -9999 -9999 -9999 -9999 -9999 -9999 -9999 -9999 -9999 -9999 -9999 -9999 -9999 -9999 -9999 -9999 -9999 -9999 -9999 -9999
-9999 46 53 67 63 76 59 67 64 69 87 115 117 117 118 110 87 82 86 78 87 87 89 42 36 31 29 41 68 57 52 54 66 83 119 171 172 165 161 160 160 159 158 157 156 155 155 154 153 152 152 151 151 -9999 -9999 -9999 -9999 -9999 -9999 -9999 -9999 -9999 -9999 -9999 -9999 -9999 -9999 -9999 -9999 -9999 -9999 -9999 -9999 -9999 -9999 -9999 -9999 -9999 -9999 -9999 -9999 -9999 -9999 -9999 -9999 -9999 -9999 -9999 -9999 -9999
-9999 48 44 54 64 74 84 74 68 73 83 108 125 127 116 110 113 112 111 102 121 114 121 50 55 53 43 59 122 135 83 49 51 56 67 86 134 161 158 157 156 156 155 155 154 154 153 153 152 152 151 151 151 151 -9999 -9999 -9999 -9999 -9999 -9999 -9999 -9999 -9999 -9999 -9999 -9999 -9999 -9999 -9999 -9999 -9999 -9999 -9999 -9999 -9999 -9999 -9999 -9999 -9999 -9999 -9999 -9999 -9999 -9999 -9999 -9999 -9999 -9999 -9999 -9999
-9999 29 31 43 54 67 76 86 91 89 89 101 113 117 114 110 112 121 122 115 126 126 124 89 127 129 81 59 89 134 114 61 49 59 57 63 85 119 151 154 153 153 153 153 152 152 152 152 151 151 151 151 151 150 -9999 -9999 -9999 -9999 -9999 -9999 -9999 -9999 -9999 -9999 -9999 -9999 -9999 -9999 -9999 -9999 -9999 -9999 -9999 -9999 -9999 -9999 -9999 -9999 -9999 -9999 -9999 -9999 -9999 -9999 -9999 -9999 -9999 -9999 -9999 -9999
-9999 27 29 39 46 57 67 74 83 94 99 112 125 128 111 114 115 119 124 121 117 122 120 121 132 129 111 126 127 124 98 98 64 88 69 73 82 94 123 146 150 150 150 150 150 150 150 150 150 150 150 150 150 150 150 -9999 -9999 -9999 -9999 -9999 -9999 -9999 -9999 -9999 -9999 -9999 -9999 148 148 -9999 -9999 -9999 -9999 -9999 -9999 -9999 -9999 -9999 -9999 -9999 -9999 -9999 -9999 -9999 -9999 -9999 -9999 -9999 -9999 -9999
-9999 25 27 31 41 50 58 65 73 78 88 99 113 128 129 121 121 125 124 118 118 128 124 121 123 127 122 117 121 109 84 68 61 94 93 86 97 96 117 134 144 148 148 148 148 149 149 149 150 150 150 150 150 150 149 149 -9999 -9999 -9999 149 148 148 148 148 148 148 148 148 148 148 148 -9999 -9999 -9999 -9999 -9999 -9999 -9999 -9999 -9999 -9999 -9999 -9999 -9999 -9999 -9999 -9999 -9999 -9999 -9999
-9999 24 26 30 36 44 49 56 62 68 76 85 97 114 126 136 134 126 118 119 128 140 131 129 126 130 128 113 110 109 110 112 92 98 111 113 114 109 122 127 133 139 143 146 146 147 148 148 149 149 150 149 149 149 149 149 149 149 148 148 148 148 148 148 148 148 148 147 147 147 147 -9999 -9999 -9999 -9999 -9999 -9999 -9999 -9999 -9999 -9999 -9999 -9999 -9999 -9999 -9999 -9999 -9999 -9999 -9999
-9999 22 25 29 33 36 40 46 55 60 63 71 87 105 115 115 124 124 118 123 123 130 128 132 125 124 124 112 107 106 108 113 113 111 112 108 112 121 120 123 124 130 136 140 143 145 146 147 148 149 149 149 149 149 149 148 148 148 148 148 148 147 147 147 147 147 147 147 147 147 -9999 -9999 -9999 -9999 -9999 -9999 -9999 -9999 -9999 -9999 -9999 -9999 -9999 -9999 -9999 -9999 -9999 -9999 -9999 -9999
-9999 21 23 28 32 35 36 39 47 56 58 63 73 84 88 88 94 106 111 116 118 120 122 122 124 124 107 105 102 102 107 110 104 103 106 110 109 116 121 121 121 123 127 134 138 140 143 146 147 148 149 149 148 148 148 148 148 148 147 -9999 -9999 -9999 147 147 147 147 147 147 147 -9999 -9999 -9999 -9999 -9999 -9999 -9999 -9999 -9999 -9999 -9999 -9999 -9999 -9999 -9999 -9999 -9999 -9999 -9999 -9999 -9999
-9999 22 23 24 28 31 34 36 39 42 44 52 58 62 72 82 82 86 82 81 88 100 105 106 105 95 108 104 97 98 102 103 96 92 93 98 110 115 119 121 123 124 130 132 136 137 139 143 146 148 148 148 148 148 148 148 147 147 147 -9999 -9999 -9999 -9999 -9999 -9999 -9999 -9999 -9999 -9999 -9999 -9999 -9999 -9999 -9999 -9999 -9999 -9999 -9999 -9999 -9999 -9999 -9999 -9999 -9999 -9999 -9999 -9999 -9999 -9999 -9999
-9999 23 23 25 26 28 31 33 34 37 39 44 51 56 65 70 69 70 66 64 74 82 86 92 90 84 94 102 104 105 95 88 90 92 96 99 104 115 115 119 128 127 134 135 134 136 139 144 146 147 148 148 148 147 147 147 147 147 147 -9999 146 146 146 146 146 -9999 -9999 -9999 -9999 -9999 -9999 -9999 -9999 -9999 -9999 -9999 -9999 -9999 -9999 -9999 -9999 -9999 -9999 -9999 -9999 -9999 -9999 -9999 -9999 -9999
-9999 25 24 25 26 27 29 30 32 34 36 39 43 50 53 57 56 54 46 45 60 70 74 77 79 80 82 91 89 73 70 72 75 83 82 88 96 110 116 124 129 131 133 135 137 139 141 142 145 147 148 147 147 147 147 147 146 146 146 146 146 146 146 146 146 146 146 -9999 -9999 -9999 -9999 -9999 -9999 -9999 -9999 -9999 -9999 -9999 -9999 -9999 -9999 -9999 -9999 -9999 -9999 -9999 -9999 -9999 -9999 -9999
-9999 25 25 26 26 27 28 29 31 32 32 33 35 36 39 42 41 44 39 36 40 48 56 61 62 64 66 71 82 83 82 76 80 91 78 76 88 101 112 121 126 128 130 133 135 137 139 142 144 146 147 147 147 147 146 146 146 146 146 146 145 145 145 145 145 145 145 145 145 145 145 145 -9999 145 146 146 146 -9999 -9999 -9999 -9999 -9999 -9999 -9999 -9999 -9999 -9999 -9999 -9999 -9999
-9999 27 26 27 28 28 29 30 31 32 31 31 31 31 32 31 32 34 32 31 38 47 49 53 51 52 56 58 70 75 75 78 81 79 65 66 79 103 111 122 127 129 131 133 135 137 139 141 144 146 147 146 146 146 146 145 145 145 144 144 144 144 144 144 144 144 144 145 145 145 145 145 146 146 146 146 146 147 146 145 -9999 -9999 -9999 -9999 -9999 -9999 -9999 -9999 -9999 -9999
-9999 28 28 29 29 29 30 31 31 31 31 30 30 31 31 30 30 31 30 29 31 38 43 47 45 35 38 53 52 39 51 59 60 60 64 84 102 110 115 122 131 133 134 136 137 139 141 142 144 145 146 145 145 145 144 144 143 142 141 140 140 141 141 142 142 143 143 144 144 145 145 146 146 147 147 147 147 147 147 148 144 141 -9999 -9999 -9999 -9999 -9999 -9999 -9999 -9999
-9999 29 29 30 30 30 31 33 33 32 32 31 31 31 31 30 30 30 30 29 29 30 33 35 35 31 37 37 37 33 36 41 41 57 77 93 111 120 119 120 130 137 135 139 140 141 142 143 144 145 145 142 137 139 143 136 130 128 126 123 126 131 133 136 139 141 140 140 141 142 146 146 147 148 149 149 148 148 148 148 148 143 136 -9999 -9999 -9999 -9999 -9999 -9999 -9999
-9999 30 31 30 31 32 32 33 35 34 32 31 31 31 31 31 30 30 29 29 28 29 29 29 29 29 31 31 33 36 59 73 77 82 95 110 111 113 117 120 118 129 141 140 142 143 143 144 144 144 141 136 129 126 122 118 115 118 115 110 109 109 113 118 122 123 125 130 130 125 130 136 140 146 147 150 149 149 149 149 149 149 136 130 -9999 -9999 -9999 -9999 -9999 -9999
-9999 31 32 32 34 34 35 36 37 37 35 34 33 34 36 34 31 30 29 29 28 28 28 28 28 29 29 29 31 37 55 72 81 88 93 108 117 121 129 132 127 123 132 144 145 145 145 145 144 137 134 131 125 120 113 107 105 103 101 99 96 98 97 101 104 107 109 111 113 113 114 119 122 127 135 139 145 150 150 150 149 149 144 130 123 -9999 -9999 -9999 -9999 -9999
-9999 32 32 33 35 36 37 39 43 41 40 37 37 37 39 41 39 34 31 29 29 28 28 28 28 29 25 30 31 34 38 47 78 88 99 113 120 116 123 136 135 134 133 135 147 147 146 145 145 139 131 128 123 117 109 101 99 97 91 88 87 85 87 89 91 93 95 96 99 103 107 111 113 117 125 130 133 145 151 150 150 150 149 141 128 118 -9999 -9999 -9999 -9999
-9999 33 34 35 36 37 38 39 40 42 41 40 38 39 41 41 41 41 37 31 30 29 27 25 25 23 23 26 34 40 40 51 67 84 93 107 121 111 117 139 140 143 149 138 137 142 138 146 142 133 128 123 118 111 103 96 91 89 84 82 79 78 79 82 82 84 86 85 88 93 101 103 101 105 113 119 125 130 144 151 151 150 149 149 142 127 101 80 -9999 -9999
-9999 34 35 36 37 38 43 47 48 48 48 46 45 45 42 40 37 36 37 32 31 30 30 27 22 22 22 25 35 48 49 46 54 66 84 107 123 105 111 140 142 141 147 145 132 137 134 136 136 134 126 118 112 105 100 93 87 86 82 76 72 71 70 72 75 73 73 77 79 82 86 90 91 98 105 104 117 123 128 134 145 150 150 149 148 140 107 78 64 -9999
-9999 30 34 35 36 37 39 45 51 53 54 55 57 62 55 48 41 37 32 32 31 31 31 31 23 20 23 24 29 43 52 53 65 78 94 114 112 97 105 118 135 140 145 149 128 133 135 128 127 122 118 113 106 101 95 91 87 83 80 73 66 64 61 62 64 62 64 66 70 73 75 82 86 90 93 97 103 110 117 126 135 143 149 149 147 146 124 84 57 45
-9999 20 25 29 31 34 34 36 36 37 36 42 46 57 56 54 53 45 38 33 31 31 32 31 24 19 20 21 24 39 44 45 52 60 66 84 85 78 90 109 124 138 143 142 126 126 129 126 121 114 111 106 101 98 94 89 85 79 74 65 61 55 53 54 55 56 57 59 61 65 71 77 80 85 87 93 97 102 111 123 129 138 140 143 142 142 140 94 62 41
-9999 17 16 17 14 19 30 30 13 27 27 31 36 40 40 40 37 36 38 38 32 28 32 32 31 23 18 20 19 23 29 35 49 62 59 61 66 63 81 115 116 126 131 132 122 118 125 123 116 110 103 98 97 94 89 86 83 75 69 60 55 50 47 48 49 48 49 53 55 61 66 71 76 80 85 90 96 100 106 118 125 130 137 138 136 134 123 88 59 40
-9999 29 17 14 15 9 6 6 6 6 6 6 16 29 26 23 25 14 16 25 21 18 18 19 16 17 17 18 18 20 22 23 34 54 54 47 46 49 95 130 127 115 115 121 113 114 119 115 111 104 98 94 89 88 90 84 77 70 63 55 49 45 44 43 44 44 44 47 50 55 61 67 72 74 75 83 88 90 108 117 125 129 130 132 129 116 110 68 47 41
-9999 36 31 30 31 18 17 7 6 6 6 6 6 6 6 6 6 6 6 6 6 13 13 13 13 15 16 17 16 17 18 18 22 26 28 31 47 48 77 127 145 137 125 121 107 102 109 109 105 97 96 92 90 85 84 80 74 66 58 52 47 43 40 40 39 39 40 42 45 50 57 60 59 55 57 61 68 78 99 114 123 129 129 131 119 109 96 60 43 -9999
-9999 39 39 39 38 36 18 7 6 6 6 5 5 6 6 6 6 6 6 6 6 6 7 12 17 19 17 16 15 15 16 17 18 20 23 27 34 39 48 84 118 120 119 91 83 90 91 91 91 90 90 86 -9999 -9999 -9999 -9999 -9999 59 53 51 46 41 38 38 39 38 40 41 42 42 44 44 41 39 38 41 53 67 78 93 117 124 125 129 117 88 64 51 -9999 -9999
-9999 44 50 52 47 42 38 31 19 6 18 23 8 5 6 6 6 6 6 6 6 6 9 20 37 37 32 20 15 14 15 16 19 -9999 -9999 -9999 29 36 40 53 73 71 66 65 70 76 79 79 75 76 -9999 -9999 -9999 -9999 -9999 -9999 -9999 44 42 -9999 40 37 37 -9999 -9999 -9999 -9999 -9999 -9999 -9999 40 39 36 33 32 34 40 52 67 79 97 112 106 94 84 78 69 42 -9999 -9999
